718 12 87 200 0 14
1 3 1
5 6 1
1 3 1
1 6 0
1 10 0
1 3 0
2 3 0
1 3 0
1 4 0
10 15 0
1 4 0
1 5 0
7 4 1 1 0 0 0 0 1 0 0 0 0 0 
7 6 0 1 1 0 0 0 1 0 0 0 0 0 
7 1 0 0 0 0 0 0 0 0 0 0 0 0 
7 2 0 0 1 0 0 0 1 0 0 0 0 0 
7 5 0 1 0 0 0 0 0 0 0 0 0 0 
7 5 0 1 0 0 0 0 1 0 0 0 0 0 
7 1 0 0 1 0 0 0 0 0 0 0 0 0 
6 10 0 0 0 0 0 0 0 0 0 0 0 0 
0 1 0 0 0 0 0 0 1 0 0 1 0 0 
4 82 0 0 0 0 0 0 1 0 0 1 0 0 
4 36 0 0 0 0 0 0 0 0 0 1 0 0 
4 2 0 0 0 0 0 1 0 0 0 1 0 0 
4 2 0 1 1 0 0 0 1 0 0 0 0 0 
4 1 0 0 1 0 0 0 1 0 0 0 0 0 
4 5 0 0 0 0 0 0 1 0 0 0 0 0 
4 7 0 1 0 0 0 0 1 0 0 0 0 0 
4 35 0 1 0 0 0 0 0 0 0 0 0 0 
4 3 0 0 1 0 0 0 1 0 0 1 0 0 
4 8 0 0 0 0 0 0 0 0 0 0 0 0 
4 1 0 1 1 0 1 0 1 0 0 0 0 0 
4 2 1 1 0 1 0 0 1 0 0 0 0 0 
4 1 0 0 1 0 0 0 0 0 0 1 0 0 
2 69 0 1 0 0 0 0 0 0 0 0 0 0 
2 11 0 1 0 0 0 0 1 0 0 0 0 0 
2 41 0 0 0 0 0 0 0 0 0 0 0 0 
2 22 0 1 1 0 0 0 1 0 0 0 0 0 
2 12 0 0 0 0 0 0 1 0 0 0 0 0 
2 18 0 0 1 0 0 0 1 0 0 0 0 0 
2 1 1 0 0 1 0 0 1 0 0 0 0 0 
2 1 0 0 1 0 1 0 1 0 0 0 0 0 
8 34 0 1 0 0 0 0 0 0 0 0 0 0 
8 15 0 0 0 0 0 0 0 0 0 0 0 0 
8 15 0 1 1 0 0 0 1 0 0 0 0 0 
8 4 0 0 0 0 0 0 1 0 0 0 0 0 
8 14 0 1 0 0 0 0 1 0 0 0 0 0 
8 8 0 0 1 0 0 0 1 0 0 0 0 0 
8 2 1 1 0 0 0 0 1 0 0 0 0 0 
10 5 0 0 1 0 0 0 1 0 0 0 0 0 
10 14 0 0 0 0 0 0 0 0 0 0 0 0 
10 21 0 1 0 0 0 0 0 0 0 0 0 0 
10 11 0 1 0 0 0 0 1 0 0 0 0 0 
10 11 0 1 1 0 0 0 1 0 0 0 0 0 
10 5 0 0 0 0 0 0 1 0 0 0 0 0 
10 1 1 1 0 0 0 0 1 0 0 0 0 0 
3 5 0 1 1 0 0 0 1 0 0 0 0 0 
3 21 0 1 0 0 0 0 0 0 0 0 0 0 
3 3 0 0 1 0 0 0 1 0 0 0 0 0 
3 7 0 1 0 0 0 0 1 0 0 0 0 0 
3 9 0 0 0 0 0 0 0 0 0 0 0 0 
3 2 0 0 0 0 0 0 1 0 0 0 0 0 
3 1 0 1 0 0 0 1 0 0 0 0 0 0 
3 1 1 0 0 1 0 0 1 0 0 0 0 0 
5 9 0 0 0 0 0 0 0 0 0 0 0 0 
5 14 0 1 0 0 0 0 0 0 0 0 0 0 
5 3 0 0 0 0 0 0 0 0 0 1 0 0 
5 2 0 1 1 0 0 0 1 0 0 0 0 0 
5 3 0 1 0 0 0 0 1 0 0 0 0 0 
5 2 0 0 0 0 0 0 1 0 0 0 0 0 
5 1 0 1 1 0 0 0 0 0 0 0 0 0 
5 1 0 0 0 0 0 0 1 0 0 1 0 0 
5 2 0 0 1 0 0 0 1 0 0 0 0 0 
1 11 0 1 0 0 0 0 1 0 0 0 0 0 
1 6 0 1 0 0 0 0 0 0 0 0 0 0 
1 14 0 0 0 0 0 0 0 0 0 0 0 0 
1 4 0 1 1 0 0 0 1 0 0 0 0 0 
1 1 0 1 0 0 0 0 1 0 1 0 0 0 
1 2 0 0 0 0 0 0 1 0 0 0 0 0 
1 4 0 0 1 0 0 0 1 0 0 0 0 0 
1 2 1 1 0 0 0 0 1 0 0 0 0 0 
6 5 0 1 0 0 0 0 0 0 0 0 0 0 
6 3 0 1 0 0 0 0 1 0 0 0 0 0 
6 1 0 1 1 0 0 0 1 0 0 0 0 0 
7 1 0 0 0 0 0 0 1 0 0 1 0 0 
7 1 1 1 0 1 0 0 1 0 0 0 0 0 
7 1 0 0 0 0 0 0 1 0 0 0 0 0 
11 2 0 0 0 0 0 0 0 0 0 0 0 0 
11 7 0 1 0 0 0 0 0 0 0 0 0 0 
11 1 1 0 0 0 0 0 1 0 0 0 0 0 
11 1 0 0 1 0 0 0 1 0 0 0 0 0 
11 2 0 1 1 0 0 0 1 0 0 0 0 0 
11 1 0 0 0 0 0 0 1 0 0 0 0 0 
9 1 0 1 0 0 0 0 0 0 0 0 0 0 
9 2 0 0 0 0 0 0 0 0 0 0 0 0 
9 1 1 1 0 1 0 0 1 0 0 0 0 0 
9 1 0 1 0 0 0 0 1 0 0 0 0 0 
12 1 0 1 1 0 0 0 1 0 0 0 0 0 
12 1 0 1 0 0 0 0 1 0 0 0 0 0 
0
1
2
0
3
4
5
5
6
0
5
4
0
7
8
9
10
9
9
11
12
10
9
10
13
11
14
15
16
17
10
9
9
16
9
10
9
10
9
16
14
15
10
15
9
10
10
9
16
9
10
16
10
9
16
16
9
9
16
9
10
9
9
16
9
10
14
9
16
9
16
9
9
18
9
9
16
9
9
10
9
18
9
16
10
16
9
10
15
10
9
19
10
10
9
10
16
9
20
16
9
9
16
9
9
16
9
9
10
9
9
16
14
18
9
9
16
9
9
10
15
10
9
16
9
10
9
20
16
9
9
16
18
9
9
10
17
18
9
9
16
16
9
9
10
16
9
16
9
9
10
9
16
9
9
16
15
17
10
10
14
9
16
9
9
10
9
16
9
9
16
16
9
16
9
18
9
9
10
9
9
10
9
9
18
15
16
9
18
12
10
9
10
10
9
21
9
9
10
9
22
23
24
22
25
24
26
22
25
22
26
25
24
22
22
25
24
22
22
24
25
23
22
22
22
27
22
22
27
24
26
27
22
22
24
27
23
24
25
22
24
27
24
22
22
24
27
22
22
26
25
24
24
25
26
22
24
25
24
22
22
24
25
22
23
22
24
22
22
23
22
28
27
22
22
24
22
22
22
24
25
22
23
22
27
22
22
27
22
23
29
22
22
25
26
24
27
24
22
23
27
22
22
24
22
25
22
24
27
26
24
22
22
23
24
26
27
22
24
24
22
24
25
22
24
25
22
26
23
22
25
22
22
27
24
22
22
25
24
22
25
24
22
24
27
26
22
22
27
22
22
25
26
22
25
24
22
24
24
27
23
24
24
22
22
27
24
22
25
22
24
26
25
22
24
30
31
32
30
30
33
30
30
32
30
31
32
30
30
32
31
34
31
32
30
30
34
30
35
34
30
35
34
30
31
35
33
30
32
30
30
32
31
34
34
31
35
30
30
34
30
32
31
30
35
34
31
31
33
30
35
34
30
35
36
30
32
30
30
35
36
30
32
30
33
30
32
30
30
34
31
30
34
32
30
30
31
32
31
34
32
30
31
34
32
31
34
37
38
39
37
40
38
40
39
41
42
39
40
41
39
38
39
38
40
37
38
38
38
39
41
42
39
39
39
41
40
38
40
39
39
42
41
39
39
41
38
38
42
39
38
40
41
39
38
41
40
39
37
39
40
41
39
39
37
40
38
41
42
39
41
39
40
38
43
44
45
45
46
47
45
47
45
48
45
44
45
48
45
47
47
45
48
45
45
44
49
48
48
45
44
45
45
45
49
50
44
48
47
48
45
46
47
45
48
45
45
51
45
48
47
45
46
45
52
52
53
52
53
52
54
55
56
53
53
54
53
53
57
53
55
52
53
58
54
57
52
56
53
52
59
60
53
56
52
53
53
52
53
53
60
61
62
61
63
64
62
63
64
63
61
65
62
61
62
66
64
63
61
67
63
63
64
63
61
67
62
68
61
62
61
63
61
68
63
61
63
63
63
67
61
63
63
66
67
7
69
69
7
70
70
7
70
7
69
7
71
69
7
7
7
69
7
3
1
5
72
1
4
73
1
4
74
1
4
5
1
75
75
76
77
76
78
76
76
79
76
80
79
76
76
81
82
83
84
82
85
86
