540 9 84 500 0 14
5 6 1
1 3 1
10 15 0
1 6 0
1 10 0
1 4 0
1 3 0
1 4 0
1 3 0
14 3 1 0 0 0 0 0 0 1 0 
14 3 1 0 0 0 0 0 0 0 0 
14 6 0 0 0 0 0 0 0 0 0 
14 1 1 0 0 1 0 0 0 0 1 
13 1 1 0 0 1 0 0 0 1 0 
0 26 1 0 0 0 0 0 0 1 0 
0 2 0 0 1 0 0 0 0 0 0 
0 50 1 0 0 0 0 0 0 0 0 
0 23 0 0 0 0 0 0 0 0 0 
0 8 1 0 0 0 0 0 0 0 1 
0 2 1 0 0 0 0 0 0 1 1 
0 1 1 0 0 1 0 0 0 1 0 
0 3 1 0 0 1 0 0 0 0 1 
0 2 1 1 0 0 0 0 0 1 0 
0 1 0 0 0 0 0 0 0 0 1 
0 1 1 0 0 0 0 1 0 0 0 
1 22 0 0 0 0 0 0 0 0 0 
1 9 1 0 0 0 0 0 0 0 0 
1 13 1 0 0 0 0 0 0 1 0 
1 3 0 0 0 0 0 0 0 0 1 
1 3 1 0 0 0 0 0 0 0 1 
1 4 0 0 1 0 0 0 0 0 0 
1 4 1 1 0 0 0 0 0 1 0 
1 1 1 0 0 0 0 0 1 0 0 
1 1 0 1 0 0 0 0 0 0 0 
1 1 0 0 0 0 0 1 0 0 1 
1 1 1 0 0 1 0 0 0 1 0 
1 1 0 0 0 0 1 0 0 0 1 
2 12 1 0 0 0 0 0 0 1 0 
2 3 0 0 0 0 0 0 0 0 0 
2 1 1 0 0 0 0 0 0 0 0 
2 1 1 0 0 0 0 0 0 0 1 
3 19 0 0 1 0 0 0 0 0 0 
3 9 0 0 0 0 0 0 0 0 0 
3 16 1 0 0 0 0 0 0 0 0 
3 1 1 1 0 0 0 0 0 1 0 
3 1 0 1 1 0 0 0 0 0 0 
4 45 1 0 0 0 0 0 0 0 0 
4 6 0 0 0 0 0 0 0 0 0 
4 5 1 0 0 0 0 0 0 1 0 
4 2 1 0 0 1 0 0 0 0 1 
4 2 0 0 1 0 0 0 0 0 0 
4 2 1 0 0 0 0 0 0 0 1 
5 18 0 0 0 0 0 0 0 0 0 
5 30 1 0 0 0 0 0 0 0 0 
5 1 1 0 0 0 0 0 0 1 0 
5 1 0 0 0 0 0 1 0 0 0 
6 22 1 0 0 0 0 0 0 1 0 
6 8 1 0 0 0 0 0 0 0 0 
6 1 1 0 0 1 0 0 0 1 0 
6 4 0 0 0 0 0 0 0 0 0 
6 1 1 0 0 0 0 1 0 1 1 
7 5 0 0 0 0 0 0 0 0 0 
7 15 1 0 0 0 0 0 0 0 0 
7 7 1 0 0 0 0 0 0 1 0 
7 1 0 0 0 0 1 0 0 0 1 
7 3 1 0 0 0 0 0 0 0 1 
7 2 1 0 0 0 0 0 0 1 1 
7 1 1 0 0 0 1 0 0 0 1 
7 1 1 0 0 1 0 0 0 1 0 
8 4 1 0 0 0 0 0 0 0 1 
8 5 1 0 0 0 0 0 0 0 0 
8 1 0 0 0 0 0 0 0 0 1 
8 1 0 0 0 0 0 0 0 0 0 
8 1 1 0 0 0 1 0 0 0 1 
9 1 1 0 0 1 0 0 0 1 0 
9 1 0 0 0 0 0 1 0 0 0 
9 2 1 0 0 0 0 0 0 0 0 
9 6 0 0 0 0 0 0 0 0 0 
9 1 1 0 0 0 0 0 0 1 0 
9 1 1 0 0 1 0 0 0 0 1 
9 1 0 0 0 1 0 0 0 0 1 
10 19 1 0 0 0 0 0 0 1 0 
10 7 1 0 0 0 0 0 0 0 0 
10 3 0 0 0 0 0 0 0 0 0 
11 1 0 0 0 0 0 0 0 0 1 
11 7 1 0 0 0 0 0 0 0 0 
11 3 1 0 0 0 0 0 0 1 0 
11 2 0 0 0 0 0 0 0 0 0 
11 1 1 0 0 0 0 0 0 0 1 
12 15 1 0 0 0 0 0 0 0 0 
12 8 0 0 0 0 0 0 0 0 0 
12 5 1 0 0 0 0 0 0 1 0 
12 2 1 0 0 0 0 0 0 0 1 
0
1
2
2
2
0
2
2
1
0
2
3
1
4
5
6
7
7
5
8
7
7
5
7
7
8
5
7
7
8
5
7
9
7
5
8
7
10
7
7
5
8
7
7
5
8
7
7
11
9
7
8
5
8
9
7
5
8
12
7
13
7
8
7
5
8
9
8
5
9
7
5
7
6
9
5
7
8
7
5
7
8
7
5
8
7
7
5
8
7
5
12
7
8
5
9
7
5
7
8
12
5
8
7
7
7
5
14
7
7
10
7
8
7
5
15
7
7
8
5
7
7
9
5
8
7
7
5
7
8
7
13
7
16
17
18
17
16
16
18
16
19
18
16
16
16
18
20
16
17
18
16
21
22
16
23
16
18
24
17
16
18
16
25
26
21
21
16
18
20
16
22
21
19
18
16
18
27
16
16
18
16
20
18
16
22
17
17
18
17
16
17
22
17
16
19
28
28
28
29
28
30
28
28
29
28
28
29
28
28
31
28
28
32
32
33
33
32
33
34
34
32
33
34
32
34
35
34
32
32
34
32
32
33
32
34
32
36
32
34
34
34
32
32
34
33
34
33
32
32
33
34
32
34
33
34
34
32
32
37
37
37
37
37
38
37
37
37
37
37
38
37
37
39
37
37
37
37
37
38
37
37
40
37
39
37
41
37
37
37
37
42
41
37
37
37
37
37
40
37
38
37
37
37
37
37
38
37
37
37
37
39
37
38
37
39
37
37
42
37
39
43
44
43
44
44
44
44
43
43
43
44
45
44
43
44
44
43
44
44
43
44
44
44
44
43
43
44
44
44
44
44
43
44
44
43
43
43
44
46
44
43
44
44
43
44
44
44
44
43
43
47
47
47
48
47
47
49
50
48
47
47
48
48
47
47
48
50
47
47
48
47
47
47
50
47
47
48
47
47
50
51
47
48
47
47
47
52
53
53
54
53
53
55
54
53
53
56
54
52
54
56
53
53
57
52
53
53
54
58
53
59
52
53
56
54
53
53
52
57
53
54
60
61
62
61
60
61
60
63
61
60
61
64
65
66
67
67
68
69
70
68
68
68
68
68
71
72
72
73
72
72
74
73
72
72
72
73
74
72
72
72
73
72
72
74
73
72
72
72
73
72
73
72
72
72
75
76
76
77
78
76
76
79
77
78
76
76
77
76
80
81
82
83
81
80
80
82
81
80
81
80
83
82
80
80
81
80
82
80
80
80
81
81
80
80
81
80
80
82
