499 9 63 450 2 14
5 6 1
1 3 1
1 4 1
10 15 0
1 6 0
1 10 0
1 3 0
1 6 0
1 3 0
0 3 0 0 0 0 0 0 0 0 0 
0 5 1 0 0 0 0 0 0 0 0 
1 5 1 0 0 0 0 0 0 0 0 
1 2 0 1 0 0 0 0 0 0 0 
1 1 1 0 0 0 0 0 1 0 0 
1 1 0 0 0 0 0 0 0 0 0 
1 1 1 0 0 0 0 0 0 0 1 
2 14 1 0 0 0 0 0 0 0 0 
3 16 1 1 0 0 0 0 0 0 0 
3 5 1 0 0 0 0 0 0 0 0 
3 4 0 0 0 0 0 0 0 0 0 
4 1 1 0 0 0 0 0 0 0 1 
4 29 1 0 0 0 0 0 0 0 0 
4 6 0 0 0 0 0 0 0 0 0 
3 1 0 1 0 0 0 0 0 0 0 
5 72 1 0 0 0 0 0 0 0 0 
6 58 0 0 0 1 0 0 0 0 0 
7 49 1 0 0 0 0 0 0 0 0 
7 1 1 0 0 0 0 1 1 0 1 
7 8 0 1 0 0 0 0 0 0 0 
2 5 1 0 0 0 0 0 0 0 1 
2 2 0 0 0 1 0 0 0 0 0 
8 8 0 0 0 0 0 0 0 0 0 
8 11 1 0 0 0 0 0 0 0 0 
0 2 1 0 0 0 1 0 0 0 1 
9 46 1 0 0 0 0 0 0 0 0 
9 2 0 1 0 0 0 0 0 0 0 
9 23 1 0 0 0 0 0 0 0 1 
9 8 1 1 0 0 0 0 0 0 0 
9 12 0 0 0 0 0 0 0 0 0 
6 14 1 0 0 0 0 0 0 0 0 
10 4 1 1 0 0 0 0 0 0 0 
9 2 1 0 0 0 1 0 0 1 0 
7 1 0 0 0 0 0 0 0 0 1 
5 1 1 1 0 0 0 1 0 0 0 
5 3 0 0 0 1 0 0 0 0 0 
10 2 1 0 0 0 0 0 0 0 0 
5 9 0 0 0 0 0 0 0 0 0 
6 9 0 0 0 0 0 0 0 0 0 
8 1 1 1 0 0 0 0 0 0 0 
8 1 0 0 0 1 0 0 0 0 0 
5 1 1 0 0 0 0 0 0 0 1 
9 2 0 0 0 1 0 0 0 0 0 
9 1 1 0 0 0 0 1 0 0 1 
9 1 1 0 0 0 0 0 0 1 0 
9 5 1 0 0 0 0 0 1 0 1 
6 2 0 1 0 0 0 0 0 0 0 
11 5 0 0 0 0 0 0 0 0 0 
11 8 1 0 0 0 0 0 0 0 0 
3 1 1 0 0 0 0 0 0 0 1 
3 1 1 0 0 0 1 0 0 1 0 
7 6 1 0 0 0 0 0 1 0 1 
7 3 1 1 0 0 0 0 0 0 0 
7 3 0 0 0 0 0 0 0 0 0 
7 2 1 0 0 0 0 0 0 0 1 
5 2 1 1 0 0 0 0 0 0 0 
7 1 0 0 0 1 0 0 0 0 0 
7 1 1 0 1 0 1 0 0 0 1 
4 1 1 0 0 0 1 0 0 1 0 
2 1 1 0 0 0 1 0 1 0 1 
2 2 0 0 0 0 0 0 0 0 0 
2 1 1 0 1 0 0 0 1 0 1 
9 1 1 0 0 0 1 0 0 0 1 
0
1
1
1
2
3
4
2
3
2
2
5
2
6
7
8
9
9
8
10
11
12
12
12
13
12
12
12
14
15
15
15
15
15
16
16
17
17
18
17
19
17
17
20
7
7
21
7
20
7
7
20
22
23
22
23
23
22
23
8
24
1
1
0
24
25
26
27
25
25
28
25
29
27
25
25
27
16
30
16
31
25
25
27
25
29
25
28
27
32
29
27
8
17
17
33
17
17
17
17
17
19
15
15
34
15
15
35
15
15
15
15
15
0
31
36
36
31
15
37
15
15
15
15
8
16
30
16
38
16
30
16
23
23
23
23
23
22
22
39
22
40
15
15
15
15
15
37
15
41
15
15
15
37
15
15
15
15
35
15
15
15
15
15
37
27
25
32
25
27
42
25
28
43
25
29
27
25
25
27
25
29
25
27
44
25
45
16
16
46
38
30
16
30
16
30
30
16
16
47
48
48
48
47
48
48
48
48
16
16
16
16
16
16
16
12
12
12
19
17
17
9
8
10
49
8
16
38
16
30
30
16
16
8
22
23
9
8
50
10
8
17
17
17
51
19
17
17
17
51
17
19
17
17
52
16
16
16
16
16
16
16
16
38
8
51
17
17
19
17
17
17
17
17
53
17
54
17
17
51
16
30
25
27
25
8
37
15
15
15
15
15
38
16
16
38
16
16
38
16
38
16
16
16
12
12
12
12
12
13
25
25
25
27
25
42
27
25
26
25
27
28
25
45
29
28
27
15
15
15
37
15
55
15
17
19
51
17
17
17
52
56
57
17
17
51
17
53
31
25
25
28
29
45
25
25
27
23
22
15
15
15
15
15
37
15
15
15
15
16
16
16
30
16
16
16
30
30
46
16
16
16
16
30
16
16
16
12
12
13
12
12
58
12
13
12
12
12
19
17
17
17
53
17
17
17
54
8
38
16
16
52
17
17
17
48
47
47
47
8
9
10
8
12
12
12
12
13
12
12
12
13
27
25
25
27
29
25
45
25
28
27
29
25
25
27
15
7
21
7
7
59
7
60
7
20
7
7
61
60
15
15
55
15
15
37
15
15
15
35
15
15
15
37
15
15
15
15
15
16
27
25
25
29
27
25
25
28
29
25
45
25
25
29
62
25
8
20
7
