499 9 63 450 0 14
5 6 1
1 3 1
1 4 1
10 15 0
1 6 0
1 10 0
1 3 0
1 6 0
1 3 0
0 3 0 0 0 0 0 0 0 0 0 
0 5 1 0 0 0 0 0 0 0 0 
1 5 1 0 0 0 0 0 0 0 0 
1 2 0 1 0 0 0 0 0 0 0 
1 1 1 0 0 0 0 0 1 0 0 
1 1 0 0 0 0 0 0 0 0 0 
1 1 1 0 0 0 0 0 0 0 1 
2 23 1 0 0 0 0 0 0 0 1 
2 46 1 0 0 0 0 0 0 0 0 
2 8 1 1 0 0 0 0 0 0 0 
2 12 0 0 0 0 0 0 0 0 0 
2 5 1 0 0 0 0 0 1 0 1 
2 2 1 0 0 0 1 0 0 1 0 
2 2 0 0 0 1 0 0 0 0 0 
2 1 1 0 0 0 0 1 0 0 1 
2 2 0 1 0 0 0 0 0 0 0 
2 1 1 0 0 0 1 0 0 0 1 
2 1 1 0 0 0 0 0 0 1 0 
3 72 1 0 0 0 0 0 0 0 0 
3 1 1 1 0 0 0 1 0 0 0 
3 9 0 0 0 0 0 0 0 0 0 
3 3 0 0 0 1 0 0 0 0 0 
3 2 1 1 0 0 0 0 0 0 0 
3 1 1 0 0 0 0 0 0 0 1 
4 58 0 0 0 1 0 0 0 0 0 
4 14 1 0 0 0 0 0 0 0 0 
4 9 0 0 0 0 0 0 0 0 0 
4 2 0 1 0 0 0 0 0 0 0 
5 49 1 0 0 0 0 0 0 0 0 
5 8 0 1 0 0 0 0 0 0 0 
5 3 0 0 0 0 0 0 0 0 0 
5 3 1 1 0 0 0 0 0 0 0 
5 6 1 0 0 0 0 0 1 0 1 
5 1 1 0 0 0 0 1 1 0 1 
5 2 1 0 0 0 0 0 0 0 1 
5 1 0 0 0 0 0 0 0 0 1 
5 1 0 0 0 1 0 0 0 0 0 
5 1 1 0 1 0 1 0 0 0 1 
6 29 1 0 0 0 0 0 0 0 0 
6 6 0 0 0 0 0 0 0 0 0 
6 1 1 0 0 0 0 0 0 0 1 
6 1 1 0 0 0 1 0 0 1 0 
7 16 1 1 0 0 0 0 0 0 0 
7 5 1 0 0 0 0 0 0 0 0 
7 4 0 0 0 0 0 0 0 0 0 
7 1 1 0 0 0 1 0 0 1 0 
7 1 1 0 0 0 0 0 0 0 1 
7 1 0 1 0 0 0 0 0 0 0 
8 5 1 0 0 0 0 0 0 0 1 
8 14 1 0 0 0 0 0 0 0 0 
8 2 0 0 0 1 0 0 0 0 0 
8 2 0 0 0 0 0 0 0 0 0 
8 1 1 0 1 0 0 0 1 0 1 
8 1 1 0 0 0 1 0 1 0 1 
9 8 0 0 0 0 0 0 0 0 0 
9 11 1 0 0 0 0 0 0 0 0 
9 1 0 0 0 1 0 0 0 0 0 
9 1 1 1 0 0 0 0 0 0 0 
10 8 1 0 0 0 0 0 0 0 0 
10 5 0 0 0 0 0 0 0 0 0 
11 4 1 1 0 0 0 0 0 0 0 
11 2 1 0 0 0 0 0 0 0 0 
0 2 1 0 0 0 1 0 0 0 1 
0
1
1
1
2
3
4
2
3
2
2
5
2
6
7
8
8
9
7
10
8
9
11
8
8
8
7
8
10
11
8
9
11
8
10
7
12
8
7
8
13
7
8
8
14
8
10
9
7
8
8
7
15
8
8
8
7
8
10
8
16
8
8
7
10
8
11
9
8
8
10
7
8
9
8
7
10
9
7
8
8
7
10
8
8
7
8
8
8
15
7
17
9
7
8
13
8
7
8
8
7
8
10
7
12
8
11
8
10
7
8
8
7
8
10
7
8
18
18
18
19
18
18
20
18
18
18
18
18
18
18
21
18
18
18
18
18
20
18
18
18
18
18
21
18
18
18
22
18
18
20
18
18
18
18
18
20
18
18
18
18
18
18
20
18
18
18
23
18
20
18
18
18
18
18
18
20
18
22
18
18
18
20
18
18
18
18
18
18
20
18
18
18
18
18
21
18
18
18
18
18
18
18
18
18
24
24
24
24
24
24
24
24
24
25
25
24
26
25
24
25
24
24
24
24
24
24
24
25
24
25
25
24
26
24
26
24
24
24
24
24
24
24
26
25
25
24
25
24
24
27
24
24
24
24
24
24
24
26
26
26
24
25
24
25
24
24
24
24
24
24
24
24
26
26
27
24
25
24
25
24
24
24
24
24
24
24
24
28
28
28
28
29
28
28
28
28
28
30
31
28
28
32
28
29
28
28
28
32
28
30
32
28
28
31
30
28
28
28
32
28
29
28
33
28
28
29
32
28
28
29
28
28
28
34
28
29
28
28
34
28
28
35
28
31
28
28
28
29
32
28
28
28
28
36
28
28
28
28
37
29
28
28
38
38
38
39
38
38
38
38
38
39
38
38
38
38
38
39
38
38
38
38
38
39
38
38
38
38
38
38
38
39
40
38
41
38
38
39
38
42
43
42
42
44
42
42
43
42
42
44
45
42
43
42
42
44
42
42
43
42
44
42
42
46
43
47
42
48
49
49
48
50
49
48
49
49
51
48
49
49
52
49
50
49
48
49
49
51
49
53
49
49
54
55
56
55
55
55
54
54
55
55
55
55
55
54
54
55
55
54
54
54
57
58
58
59
58
59
59
58
58
58
58
59
58
59
60
61
60
60
61
60
0
62
1
1
0
62
