540 9 84 500 2 14
5 6 1
1 3 1
10 15 0
1 6 0
1 10 0
1 4 0
1 3 0
1 4 0
1 3 0
14 3 1 0 0 0 0 0 0 1 0 
14 3 1 0 0 0 0 0 0 0 0 
14 6 0 0 0 0 0 0 0 0 0 
14 1 1 0 0 1 0 0 0 0 1 
13 1 1 0 0 1 0 0 0 1 0 
6 22 1 0 0 0 0 0 0 1 0 
6 4 0 0 0 0 0 0 0 0 0 
6 8 1 0 0 0 0 0 0 0 0 
3 19 0 0 1 0 0 0 0 0 0 
3 9 0 0 0 0 0 0 0 0 0 
4 45 1 0 0 0 0 0 0 0 0 
4 5 1 0 0 0 0 0 0 1 0 
4 2 0 0 1 0 0 0 0 0 0 
4 6 0 0 0 0 0 0 0 0 0 
4 2 1 0 0 0 0 0 0 0 1 
9 6 0 0 0 0 0 0 0 0 0 
6 1 1 0 0 0 0 1 0 1 1 
5 18 0 0 0 0 0 0 0 0 0 
5 30 1 0 0 0 0 0 0 0 0 
6 1 1 0 0 1 0 0 0 1 0 
12 8 0 0 0 0 0 0 0 0 0 
12 15 1 0 0 0 0 0 0 0 0 
12 5 1 0 0 0 0 0 0 1 0 
12 2 1 0 0 0 0 0 0 0 1 
0 2 1 0 0 0 0 0 0 1 1 
0 50 1 0 0 0 0 0 0 0 0 
0 23 0 0 0 0 0 0 0 0 0 
0 26 1 0 0 0 0 0 0 1 0 
0 1 0 0 0 0 0 0 0 0 1 
0 3 1 0 0 1 0 0 0 0 1 
11 7 1 0 0 0 0 0 0 0 0 
11 1 1 0 0 0 0 0 0 0 1 
11 3 1 0 0 0 0 0 0 1 0 
11 2 0 0 0 0 0 0 0 0 0 
11 1 0 0 0 0 0 0 0 0 1 
10 19 1 0 0 0 0 0 0 1 0 
10 3 0 0 0 0 0 0 0 0 0 
10 7 1 0 0 0 0 0 0 0 0 
9 1 0 0 0 0 0 1 0 0 0 
4 2 1 0 0 1 0 0 0 0 1 
1 22 0 0 0 0 0 0 0 0 0 
3 16 1 0 0 0 0 0 0 0 0 
7 7 1 0 0 0 0 0 0 1 0 
7 15 1 0 0 0 0 0 0 0 0 
7 1 0 0 0 0 1 0 0 0 1 
7 5 0 0 0 0 0 0 0 0 0 
7 3 1 0 0 0 0 0 0 0 1 
9 2 1 0 0 0 0 0 0 0 0 
9 1 1 0 0 1 0 0 0 1 0 
1 13 1 0 0 0 0 0 0 1 0 
1 3 0 0 0 0 0 0 0 0 1 
3 1 1 1 0 0 0 0 0 1 0 
3 1 0 1 1 0 0 0 0 0 0 
0 8 1 0 0 0 0 0 0 0 1 
0 1 1 0 0 1 0 0 0 1 0 
0 2 1 1 0 0 0 0 0 1 0 
7 1 1 0 0 0 1 0 0 0 1 
7 1 1 0 0 1 0 0 0 1 0 
9 1 0 0 0 1 0 0 0 0 1 
9 1 1 0 0 0 0 0 0 1 0 
9 1 1 0 0 1 0 0 0 0 1 
5 1 0 0 0 0 0 1 0 0 0 
1 1 1 0 0 1 0 0 0 1 0 
1 1 0 0 0 0 0 1 0 0 1 
1 3 1 0 0 0 0 0 0 0 1 
1 4 1 1 0 0 0 0 0 1 0 
1 9 1 0 0 0 0 0 0 0 0 
7 2 1 0 0 0 0 0 0 1 1 
2 3 0 0 0 0 0 0 0 0 0 
2 12 1 0 0 0 0 0 0 1 0 
8 5 1 0 0 0 0 0 0 0 0 
8 1 0 0 0 0 0 0 0 0 1 
8 1 1 0 0 0 1 0 0 0 1 
8 4 1 0 0 0 0 0 0 0 1 
8 1 0 0 0 0 0 0 0 0 0 
2 1 1 0 0 0 0 0 0 0 0 
2 1 1 0 0 0 0 0 0 0 1 
5 1 1 0 0 0 0 0 0 1 0 
0 1 1 0 0 0 0 1 0 0 0 
0 2 0 0 1 0 0 0 0 0 0 
1 1 0 1 0 0 0 0 0 0 0 
1 4 0 0 1 0 0 0 0 0 0 
1 1 1 0 0 0 0 0 1 0 0 
1 1 0 0 0 0 1 0 0 0 1 
0
1
2
2
2
0
2
2
1
0
2
3
1
4
5
5
6
5
7
5
5
8
8
9
10
11
12
13
10
10
10
11
10
13
10
14
10
10
15
5
5
7
16
5
17
18
17
17
18
18
19
20
20
21
22
21
21
20
22
21
23
20
21
24
25
26
25
27
25
28
25
25
27
26
25
29
27
25
26
25
26
27
26
30
31
32
30
33
32
30
30
30
32
33
30
30
34
35
35
36
35
37
35
35
35
38
10
10
39
10
10
12
10
11
10
10
13
10
39
10
10
10
40
35
37
35
37
35
36
35
37
37
35
35
8
9
41
21
22
21
21
20
21
21
20
21
21
22
23
21
20
21
22
20
21
10
10
10
10
17
18
18
17
18
18
18
18
17
17
42
43
43
43
42
44
45
42
46
43
42
15
47
15
48
47
15
49
40
50
40
49
8
41
41
8
41
8
41
8
8
8
9
8
41
9
8
51
9
41
8
41
52
9
8
41
8
8
8
41
10
10
10
11
13
10
10
10
10
13
10
10
10
27
53
26
25
27
25
27
26
25
25
27
25
25
26
54
53
25
25
27
26
25
25
27
53
26
25
26
27
25
25
25
55
26
25
25
27
25
25
26
27
25
25
40
5
5
7
5
40
43
56
57
45
46
43
42
43
15
35
37
35
37
35
58
10
10
10
10
13
59
15
60
18
17
17
18
17
18
18
17
17
18
18
61
18
18
18
17
18
17
18
17
18
18
18
17
62
40
49
40
63
40
49
49
40
64
49
40
40
65
66
40
46
42
45
43
43
67
45
43
43
42
45
43
43
67
43
43
68
69
70
71
72
70
70
73
70
74
73
66
69
69
69
68
69
75
69
69
69
68
69
76
69
69
69
36
35
18
18
18
17
17
18
18
77
18
18
8
9
41
41
41
9
27
29
25
25
27
26
25
27
26
53
25
27
26
25
25
24
78
26
25
27
25
25
26
27
25
25
26
27
25
53
25
55
79
53
26
35
35
35
41
8
9
41
41
8
10
10
10
11
10
50
10
10
10
10
14
80
5
5
7
6
5
5
7
7
5
6
5
7
5
6
5
5
7
5
5
40
64
65
66
40
66
49
66
66
65
81
49
40
40
49
50
82
40
49
64
40
65
66
40
81
49
66
83
49
40
40
66
49
81
40
25
27
53
25
26
27
25
25
25
27
79
25
25
27
26
53
25
27
26
25
29
27
81
73
70
73
