1130 17 156 25 2 20
1 10 1
1 2 1
1 6 1
1 3 1
4 5 1
6 7 1
3 4 1
1 2 1
1 8 1
1 2 0
1 4 0
1 3 0
1 2 0
1 2 0
2 3 0
1 2 0
1 2 0
13 2 0 0 0 0 0 0 0 0 1 0 0 0 0 0 0 0 0 
13 2 0 1 0 0 1 1 1 0 0 0 0 0 0 0 0 0 0 
13 2 0 0 0 0 1 1 1 0 0 0 0 0 0 0 0 0 0 
13 3 0 1 0 0 1 1 1 0 0 1 1 1 0 0 0 0 0 
13 4 0 0 0 0 1 0 0 1 0 0 0 0 0 0 1 1 0 
13 1 0 1 0 0 0 1 0 0 0 0 0 0 0 0 0 0 0 
13 1 0 0 0 0 1 0 0 1 0 0 0 0 0 0 1 0 1 
13 2 0 0 0 0 0 1 0 0 0 0 0 0 0 0 0 0 0 
13 1 0 0 0 0 1 0 0 1 0 1 1 1 0 0 1 0 1 
13 1 0 0 0 1 0 1 0 0 0 0 0 0 0 1 0 0 0 
12 100 0 0 0 0 0 0 0 0 1 0 0 0 0 0 0 0 0 
3 196 0 0 0 0 1 1 1 0 0 0 0 0 0 0 0 0 0 
6 30 0 0 0 0 0 0 0 0 1 0 0 0 0 0 0 0 0 
6 11 0 1 0 0 1 1 1 0 0 1 1 1 0 0 0 0 0 
6 13 0 0 0 0 1 1 1 0 0 0 0 0 0 0 0 0 0 
6 1 0 1 0 0 0 1 0 0 0 0 0 0 0 1 0 0 0 
8 3 0 0 0 1 1 1 1 0 0 0 0 0 0 0 0 0 0 
8 13 0 1 0 0 1 1 1 0 0 0 0 0 0 0 0 0 0 
8 4 0 0 0 0 1 0 0 1 0 0 0 0 0 0 1 1 0 
8 1 0 1 0 0 1 1 1 0 0 1 1 1 0 0 0 0 0 
4 3 0 0 0 0 0 0 0 0 0 0 0 0 0 1 1 1 0 
11 7 0 1 0 0 1 1 1 0 0 0 0 0 0 0 0 0 0 
11 7 0 0 0 1 1 0 0 1 0 0 0 0 0 0 1 0 1 
11 19 0 1 0 0 1 1 1 0 0 1 1 1 0 0 0 0 0 
3 9 0 0 0 0 1 1 1 0 0 0 0 0 1 0 0 0 0 
2 6 0 0 0 0 1 0 0 1 0 0 0 0 0 0 1 1 0 
0 93 0 0 0 0 1 1 1 0 0 0 0 0 0 0 0 0 0 
0 33 0 0 0 0 1 0 0 1 0 0 0 0 0 0 1 1 0 
0 59 0 1 0 0 1 1 1 0 0 1 1 1 0 0 0 0 0 
0 11 0 0 0 0 0 0 0 0 0 0 0 0 0 1 1 1 0 
0 4 0 0 0 1 1 0 0 1 0 0 0 0 0 0 1 0 1 
0 1 0 1 0 0 0 1 0 0 0 0 0 0 0 0 0 0 0 
0 20 0 1 0 0 1 1 1 0 0 0 0 0 0 0 0 0 0 
0 3 1 0 0 0 0 1 0 0 0 0 0 0 1 0 0 0 0 
5 3 0 0 0 1 1 1 1 0 0 0 0 0 0 0 0 0 0 
5 20 0 1 0 0 1 1 1 0 0 1 1 1 0 0 0 0 0 
5 6 0 0 0 0 1 0 0 1 0 0 0 0 0 0 1 1 0 
5 18 0 0 0 0 1 1 1 0 0 0 0 0 0 0 0 0 0 
5 1 0 1 0 1 0 1 0 0 0 0 0 0 0 1 0 0 0 
3 3 0 0 0 0 0 0 0 0 0 0 0 0 0 1 1 1 0 
3 9 0 1 0 0 1 1 1 0 0 0 0 0 0 0 0 0 0 
3 2 1 1 0 0 0 1 0 0 0 0 0 0 1 0 0 0 0 
3 8 0 0 0 0 0 1 0 0 0 0 0 0 1 0 0 0 0 
3 4 0 0 0 1 1 1 1 0 0 0 0 0 0 0 0 0 0 
1 17 0 0 0 0 1 0 0 1 0 0 0 0 0 0 1 1 0 
1 13 0 0 0 1 0 0 0 0 0 0 0 0 0 0 1 0 1 
1 16 0 1 0 1 1 1 1 0 0 0 0 0 0 0 0 0 0 
1 35 0 1 0 0 1 1 1 0 0 1 1 1 0 0 0 0 0 
10 2 0 0 0 1 1 1 1 0 0 0 0 0 0 0 0 0 0 
3 1 0 0 0 1 1 0 0 1 0 0 0 0 0 0 1 0 1 
3 10 1 0 0 0 0 1 0 0 0 0 0 0 1 0 0 0 0 
3 2 0 0 0 0 0 1 0 0 0 0 0 0 0 1 0 0 0 
0 6 0 0 0 0 0 0 0 0 1 0 0 0 0 0 0 0 0 
7 7 0 0 0 0 0 0 0 0 1 0 0 0 0 0 0 0 0 
0 7 0 1 0 1 1 1 1 0 0 0 0 0 0 0 0 0 0 
1 1 0 1 0 1 0 1 0 0 0 0 0 0 0 0 0 0 0 
1 1 0 1 0 1 0 1 0 0 0 0 0 0 0 1 0 0 0 
1 15 0 1 0 0 1 1 1 0 0 0 0 0 0 0 0 0 0 
1 6 0 0 1 1 0 0 0 0 0 0 0 0 0 0 1 0 1 
1 15 0 0 0 0 1 1 1 0 0 0 0 0 0 0 0 0 0 
0 3 0 0 0 1 0 0 0 0 0 0 0 0 0 0 1 0 1 
0 7 0 0 0 0 0 1 0 0 0 0 0 0 0 1 0 0 0 
0 1 0 0 0 0 0 0 0 0 0 0 0 0 0 0 1 1 0 
9 2 0 0 0 0 1 0 0 1 0 0 0 0 0 0 1 1 0 
9 1 0 1 0 1 1 1 1 0 0 1 0 1 0 0 0 0 0 
9 15 0 0 0 0 1 1 1 0 0 0 0 0 0 0 0 0 0 
11 9 0 0 0 0 1 1 1 0 0 0 0 0 0 0 0 0 0 
11 8 0 1 0 1 1 1 1 0 0 0 0 0 0 0 0 0 0 
9 3 0 0 0 0 0 0 0 0 0 0 0 0 0 1 1 1 0 
8 6 0 0 0 0 1 1 1 0 0 0 0 0 0 0 0 0 0 
0 4 0 0 0 1 1 1 1 0 0 0 0 0 0 0 0 0 0 
0 1 0 0 0 1 0 0 0 0 0 0 0 0 0 1 1 0 1 
9 1 0 1 0 1 1 1 1 0 0 0 0 0 0 0 0 0 0 
1 7 0 0 0 0 0 0 0 0 0 0 0 0 0 1 1 1 0 
1 3 0 1 0 1 1 1 1 0 0 1 0 0 0 0 0 0 0 
1 16 0 0 0 1 1 0 0 1 0 0 0 0 0 0 1 0 1 
9 8 0 1 0 0 1 1 1 0 0 0 0 0 0 0 0 0 0 
9 1 0 0 0 1 0 0 0 0 0 0 0 0 0 0 1 0 1 
1 3 0 0 0 1 1 1 1 0 0 0 0 0 0 0 0 0 0 
1 2 0 0 0 0 0 0 0 0 0 0 0 0 0 0 1 1 0 
1 2 0 0 0 0 0 0 0 0 1 0 0 0 0 0 0 0 0 
5 3 0 0 0 1 1 0 0 1 0 0 0 0 0 0 1 0 1 
5 8 0 1 0 0 1 1 1 0 0 0 0 0 0 0 0 0 0 
1 1 0 0 0 0 1 0 0 1 0 1 0 0 0 0 1 0 1 
3 3 0 0 0 0 1 0 0 1 0 0 0 0 0 0 1 1 0 
3 1 1 0 0 0 1 1 1 0 0 0 0 0 1 0 0 0 0 
11 3 0 0 0 1 1 1 1 0 0 0 0 0 0 0 0 0 0 
4 3 0 0 0 0 1 0 0 1 0 0 0 0 0 0 1 1 0 
4 1 0 0 0 1 1 1 1 0 0 0 0 0 0 0 0 0 0 
4 1 0 0 0 0 0 1 0 0 0 0 0 0 0 1 0 0 0 
4 1 0 1 0 0 1 1 1 0 0 0 0 0 0 0 0 0 0 
4 2 0 0 0 0 1 1 1 0 0 0 0 0 0 0 0 0 0 
6 4 0 0 0 1 1 1 1 0 0 0 0 0 0 0 0 0 0 
0 2 0 0 0 0 0 1 0 0 0 0 0 0 0 0 0 0 0 
8 2 0 0 0 1 0 0 0 0 0 0 0 0 0 0 1 0 1 
9 1 0 0 0 0 0 1 0 0 0 0 0 0 0 1 0 0 0 
9 1 0 1 0 1 0 1 0 0 0 0 0 0 0 0 0 0 0 
10 1 0 0 0 0 0 0 0 0 0 0 0 0 0 1 1 1 0 
0 2 0 0 0 1 1 0 0 1 0 1 0 0 0 0 1 0 1 
1 1 0 0 0 1 1 1 1 0 0 1 0 0 0 0 0 0 0 
1 2 0 1 0 0 1 1 1 0 0 1 0 0 0 0 0 0 0 
10 1 0 0 0 1 0 0 0 0 0 0 0 0 0 0 1 0 1 
4 1 0 0 0 0 0 0 0 0 0 0 0 0 0 0 1 1 0 
4 1 0 1 0 1 0 1 0 0 0 0 0 0 0 1 0 0 0 
3 2 0 0 0 1 1 0 0 1 0 1 0 0 0 0 1 0 1 
6 4 0 0 0 1 0 0 0 0 0 0 0 0 0 0 1 0 1 
6 4 0 1 0 1 1 1 1 0 0 0 0 0 0 0 0 0 0 
6 2 0 0 0 0 0 1 0 0 0 0 0 0 0 1 0 0 0 
11 2 0 0 0 0 1 0 0 1 0 0 0 0 0 0 1 1 0 
3 1 0 0 0 1 0 1 0 0 0 0 0 0 0 1 0 0 0 
3 2 0 0 0 0 0 1 0 0 0 0 0 0 0 0 0 0 0 
1 2 1 1 0 0 0 1 0 0 0 0 0 0 1 0 0 0 0 
0 1 0 0 0 0 0 0 0 0 0 0 0 0 0 0 1 0 1 
10 1 0 1 0 1 1 1 1 0 0 0 0 0 0 0 0 0 0 
10 1 0 0 0 0 0 0 0 0 0 0 0 0 0 0 1 1 0 
10 3 0 1 0 0 1 1 1 0 0 0 0 0 0 0 0 0 0 
6 5 0 1 0 0 1 1 1 0 0 0 0 0 0 0 0 0 0 
6 3 0 0 0 0 1 0 0 1 0 0 0 0 0 0 1 1 0 
11 1 0 1 0 0 1 1 1 0 0 1 0 0 0 0 0 0 0 
6 2 0 0 0 0 0 0 0 0 0 0 0 0 0 1 1 1 0 
6 3 0 0 0 1 1 0 0 1 0 0 0 0 0 0 1 0 1 
1 5 0 0 0 1 1 0 0 1 0 1 0 0 0 0 1 0 1 
1 3 1 0 0 0 0 1 0 0 0 0 0 0 1 0 0 0 0 
1 1 0 0 0 0 0 1 0 0 0 0 0 0 0 1 0 0 0 
1 1 0 1 1 1 1 1 1 0 0 0 0 0 0 0 0 0 0 
0 1 1 1 0 0 0 1 0 0 0 0 0 0 1 0 0 0 0 
5 1 0 0 0 0 0 0 0 0 0 0 0 0 0 0 1 1 0 
1 2 0 0 1 1 1 0 0 1 0 0 0 0 0 0 1 0 1 
0 1 0 1 0 1 0 1 0 0 0 0 0 0 0 0 0 0 0 
2 1 0 0 0 0 1 1 1 0 0 1 1 1 0 0 0 0 0 
2 3 0 0 0 1 1 1 1 0 0 0 0 0 0 0 0 0 0 
2 1 0 1 0 1 1 1 1 0 0 1 0 1 0 0 0 0 0 
2 1 0 1 0 0 1 1 1 0 0 0 0 0 0 0 0 0 0 
8 2 0 1 0 1 1 1 1 0 0 0 0 0 0 0 0 0 0 
1 1 0 1 0 0 0 1 0 0 0 0 0 0 0 1 0 0 0 
1 2 0 0 0 0 0 1 0 0 0 0 0 0 0 0 0 0 0 
4 1 1 1 0 0 0 1 0 0 0 0 0 0 1 0 0 0 0 
2 1 0 0 0 1 1 0 0 1 0 0 0 0 0 0 1 0 1 
11 2 0 0 0 1 0 0 0 0 0 0 0 0 0 0 1 0 1 
10 1 0 1 0 1 1 1 1 0 0 0 0 1 0 0 0 0 0 
5 1 0 0 0 0 0 0 0 0 0 0 0 0 0 1 1 1 0 
2 1 0 1 0 0 1 1 1 0 0 1 1 1 0 0 0 0 0 
9 1 0 1 0 1 1 1 1 0 0 0 0 1 0 0 0 0 0 
5 1 0 1 0 1 1 1 1 0 0 0 0 0 0 0 0 0 0 
0 1 0 1 0 1 0 1 0 0 0 0 0 0 0 1 0 0 0 
6 1 0 0 0 0 1 1 1 0 0 1 1 1 0 0 0 0 0 
9 1 0 1 1 1 1 1 1 0 0 0 0 1 0 0 0 0 0 
9 1 0 0 0 0 0 0 0 0 0 0 0 0 0 0 1 1 0 
11 2 0 0 0 0 0 0 0 0 0 0 0 0 0 0 1 1 0 
3 1 0 0 0 0 1 1 1 0 0 0 1 1 0 0 0 0 0 
8 1 0 1 0 0 1 1 1 0 0 0 0 0 1 0 0 0 0 
11 1 0 0 0 1 0 0 0 0 0 0 0 0 0 1 1 0 1 
9 1 0 0 0 1 1 0 0 1 0 1 0 0 0 0 1 0 1 
9 1 0 0 0 1 1 0 0 1 0 0 0 0 0 0 1 0 1 
0 1 0 0 0 1 0 1 0 0 0 0 0 0 0 1 0 0 0 
0 1 0 0 0 0 1 0 0 1 0 1 1 1 0 0 1 0 1 
0
1
2
3
4
5
4
3
6
2
7
8
1
4
9
3
7
4
0
10
11
12
13
14
15
16
17
18
19
20
21
22
23
10
11
24
11
25
10
26
27
28
26
29
26
28
10
11
21
22
23
10
30
26
28
26
31
26
32
10
28
26
26
27
33
28
26
26
10
34
35
36
37
38
37
35
37
10
11
11
11
39
11
11
40
10
11
11
41
11
11
10
11
11
42
43
11
11
44
45
11
11
11
10
46
44
47
10
48
10
11
11
49
11
42
11
11
11
25
10
29
28
26
26
27
10
11
11
11
50
11
10
24
40
51
11
11
10
28
27
33
26
28
26
52
27
26
28
26
53
54
26
28
27
55
27
26
28
26
56
44
11
11
11
10
11
11
57
58
47
59
46
10
11
11
50
11
11
10
26
60
26
28
26
10
11
11
11
10
28
27
54
26
61
28
26
26
27
61
28
26
62
26
26
28
10
63
64
65
10
23
66
67
68
17
16
69
10
26
28
61
26
26
28
29
70
26
28
71
26
32
61
28
26
26
10
65
72
10
47
11
57
58
47
44
46
73
59
47
44
74
10
47
75
11
24
11
10
76
65
65
77
76
44
78
57
79
78
47
11
10
44
80
47
45
57
11
11
10
28
30
26
27
45
35
37
81
35
10
82
37
35
73
46
59
47
10
57
75
47
44
45
47
11
11
10
83
11
11
11
39
11
11
11
42
84
11
11
85
53
86
23
87
88
89
90
87
91
13
12
92
12
32
27
28
93
27
54
26
28
94
11
11
40
51
84
11
11
11
95
28
52
26
26
28
10
65
96
11
11
11
10
21
22
21
11
97
28
26
98
26
28
10
17
69
17
10
37
35
10
99
59
44
58
47
73
46
59
100
45
47
44
76
65
10
10
28
26
26
29
28
26
26
29
32
26
28
101
11
11
11
10
10
11
42
40
43
11
102
35
34
82
10
82
81
35
37
103
11
11
10
40
11
104
11
42
11
11
11
25
10
11
40
42
11
11
11
105
11
40
11
12
13
14
106
107
14
106
12
23
108
12
67
66
23
45
11
11
11
53
28
26
27
26
58
11
11
24
75
10
10
47
58
11
11
46
73
47
44
46
11
12
14
107
11
11
11
12
11
11
109
11
11
24
30
61
26
70
10
37
37
35
20
24
11
11
110
11
11
10
35
37
82
36
111
75
11
11
11
10
17
69
18
17
10
26
26
27
32
112
28
26
113
114
115
34
13
12
116
105
14
13
117
12
24
118
22
23
119
14
120
13
12
121
57
80
46
44
47
75
122
57
75
11
11
42
11
40
22
23
10
21
66
23
10
11
11
47
45
57
123
75
47
59
124
53
28
26
27
125
26
26
27
28
52
26
70
28
126
82
37
35
53
46
59
100
45
47
44
74
73
47
59
46
73
47
12
92
12
11
11
50
11
11
43
12
11
11
46
73
59
74
59
122
47
127
10
27
28
26
32
29
32
27
28
26
10
67
10
28
26
29
26
28
52
26
27
28
26
128
27
26
28
26
10
82
129
130
25
10
131
25
132
130
10
11
11
11
41
11
24
105
14
116
12
14
13
92
119
116
12
17
69
17
18
133
12
57
78
47
44
134
121
47
11
11
10
11
11
11
50
11
11
45
11
11
11
10
47
59
46
135
57
75
47
11
10
75
91
136
11
11
11
10
11
11
10
11
104
11
11
50
43
11
11
137
10
47
10
11
11
84
11
50
11
11
11
25
10
23
10
11
11
23
138
21
108
23
86
10
57
121
59
47
58
57
44
46
11
10
47
127
11
11
50
40
11
11
75
10
11
11
11
10
46
59
47
75
122
47
75
57
10
139
10
115
48
115
44
45
23
66
67
53
28
26
27
93
26
26
53
35
37
36
35
140
82
81
35
37
45
37
35
37
10
130
141
10
11
50
11
11
11
10
11
11
42
11
11
11
20
87
28
27
60
32
26
26
10
67
10
28
27
26
54
33
28
26
27
32
52
70
28
26
60
32
26
54
10
35
10
65
142
10
65
76
75
47
135
75
57
59
57
45
35
37
36
35
10
36
143
37
35
10
82
36
35
37
45
47
10
32
26
32
27
144
26
32
26
12
106
14
145
12
98
26
26
28
29
26
26
28
27
32
12
11
11
11
50
11
11
12
117
65
65
65
12
75
28
26
14
12
76
63
146
65
147
65
65
76
68
76
22
148
23
66
67
10
23
22
11
50
149
11
11
10
17
16
10
28
30
32
26
28
29
32
11
11
121
111
11
11
11
120
12
116
12
13
12
14
92
13
29
32
26
28
12
17
69
150
94
17
18
133
10
17
10
46
44
47
79
46
59
47
75
12
69
17
105
13
14
120
116
12
106
117
13
14
12
11
24
11
39
11
11
121
10
11
11
11
110
11
11
10
11
11
10
26
28
26
27
61
26
28
27
32
10
67
66
23
138
66
21
151
23
66
10
67
66
23
148
86
23
10
152
76
65
153
68
26
28
27
32
154
27
28
26
54
10
27
28
26
26
52
28
27
32
26
29
26
155
26
54
61
28
27
11
11
10
10
