1130 17 156 25 1 20
1 10 1
1 2 1
1 6 1
1 3 1
4 5 1
6 7 1
3 4 1
1 2 1
1 8 1
1 2 0
1 4 0
1 3 0
1 2 0
1 2 0
2 3 0
1 2 0
1 2 0
13 2 0 0 0 0 0 0 0 0 1 0 0 0 0 0 0 0 0 
13 2 0 1 0 0 1 1 1 0 0 0 0 0 0 0 0 0 0 
13 2 0 0 0 0 1 1 1 0 0 0 0 0 0 0 0 0 0 
13 3 0 1 0 0 1 1 1 0 0 1 1 1 0 0 0 0 0 
13 4 0 0 0 0 1 0 0 1 0 0 0 0 0 0 1 1 0 
13 1 0 1 0 0 0 1 0 0 0 0 0 0 0 0 0 0 0 
13 1 0 0 0 0 1 0 0 1 0 0 0 0 0 0 1 0 1 
13 2 0 0 0 0 0 1 0 0 0 0 0 0 0 0 0 0 0 
13 1 0 0 0 0 1 0 0 1 0 1 1 1 0 0 1 0 1 
13 1 0 0 0 1 0 1 0 0 0 0 0 0 0 1 0 0 0 
12 100 0 0 0 0 0 0 0 0 1 0 0 0 0 0 0 0 0 
3 4 0 0 0 1 1 1 1 0 0 0 0 0 0 0 0 0 0 
3 196 0 0 0 0 1 1 1 0 0 0 0 0 0 0 0 0 0 
6 30 0 0 0 0 0 0 0 0 1 0 0 0 0 0 0 0 0 
6 11 0 1 0 0 1 1 1 0 0 1 1 1 0 0 0 0 0 
6 3 0 0 0 0 1 0 0 1 0 0 0 0 0 0 1 1 0 
6 1 0 1 0 0 0 1 0 0 0 0 0 0 0 1 0 0 0 
5 18 0 0 0 0 1 1 1 0 0 0 0 0 0 0 0 0 0 
5 20 0 1 0 0 1 1 1 0 0 1 1 1 0 0 0 0 0 
5 3 0 0 0 1 1 0 0 1 0 0 0 0 0 0 1 0 1 
0 93 0 0 0 0 1 1 1 0 0 0 0 0 0 0 0 0 0 
0 6 0 0 0 0 0 0 0 0 1 0 0 0 0 0 0 0 0 
0 59 0 1 0 0 1 1 1 0 0 1 1 1 0 0 0 0 0 
0 1 0 1 0 1 0 1 0 0 0 0 0 0 0 1 0 0 0 
0 33 0 0 0 0 1 0 0 1 0 0 0 0 0 0 1 1 0 
0 2 0 0 0 0 0 1 0 0 0 0 0 0 0 0 0 0 0 
0 20 0 1 0 0 1 1 1 0 0 0 0 0 0 0 0 0 0 
11 19 0 1 0 0 1 1 1 0 0 1 1 1 0 0 0 0 0 
11 9 0 0 0 0 1 1 1 0 0 0 0 0 0 0 0 0 0 
11 8 0 1 0 1 1 1 1 0 0 0 0 0 0 0 0 0 0 
11 7 0 1 0 0 1 1 1 0 0 0 0 0 0 0 0 0 0 
11 2 0 0 0 1 0 0 0 0 0 0 0 0 0 0 1 0 1 
11 7 0 0 0 1 1 0 0 1 0 0 0 0 0 0 1 0 1 
2 6 0 0 0 0 1 0 0 1 0 0 0 0 0 0 1 1 0 
11 2 0 0 0 0 0 0 0 0 0 0 0 0 0 0 1 1 0 
11 1 0 1 0 0 1 1 1 0 0 1 0 0 0 0 0 0 0 
11 2 0 0 0 0 1 0 0 1 0 0 0 0 0 0 1 1 0 
3 10 1 0 0 0 0 1 0 0 0 0 0 0 1 0 0 0 0 
1 5 0 0 0 1 1 0 0 1 0 1 0 0 0 0 1 0 1 
1 2 1 1 0 0 0 1 0 0 0 0 0 0 1 0 0 0 0 
1 16 0 0 0 1 1 0 0 1 0 0 0 0 0 0 1 0 1 
1 35 0 1 0 0 1 1 1 0 0 1 1 1 0 0 0 0 0 
1 17 0 0 0 0 1 0 0 1 0 0 0 0 0 0 1 1 0 
1 2 0 1 0 0 1 1 1 0 0 1 0 0 0 0 0 0 0 
1 2 0 0 0 0 0 0 0 0 0 0 0 0 0 0 1 1 0 
1 15 0 1 0 0 1 1 1 0 0 0 0 0 0 0 0 0 0 
1 3 1 0 0 0 0 1 0 0 0 0 0 0 1 0 0 0 0 
1 15 0 0 0 0 1 1 1 0 0 0 0 0 0 0 0 0 0 
0 4 0 0 0 1 1 1 1 0 0 0 0 0 0 0 0 0 0 
1 6 0 0 1 1 0 0 0 0 0 0 0 0 0 0 1 0 1 
4 2 0 0 0 0 1 1 1 0 0 0 0 0 0 0 0 0 0 
1 3 0 1 0 1 1 1 1 0 0 1 0 0 0 0 0 0 0 
1 3 0 0 0 1 1 1 1 0 0 0 0 0 0 0 0 0 0 
5 6 0 0 0 0 1 0 0 1 0 0 0 0 0 0 1 1 0 
5 3 0 0 0 1 1 1 1 0 0 0 0 0 0 0 0 0 0 
10 1 0 0 0 0 0 0 0 0 0 0 0 0 0 0 1 1 0 
10 3 0 1 0 0 1 1 1 0 0 0 0 0 0 0 0 0 0 
2 1 0 1 0 0 1 1 1 0 0 1 1 1 0 0 0 0 0 
2 3 0 0 0 1 1 1 1 0 0 0 0 0 0 0 0 0 0 
2 1 0 1 0 0 1 1 1 0 0 0 0 0 0 0 0 0 0 
11 3 0 0 0 1 1 1 1 0 0 0 0 0 0 0 0 0 0 
4 3 0 0 0 0 0 0 0 0 0 0 0 0 0 1 1 1 0 
11 1 0 0 0 1 0 0 0 0 0 0 0 0 0 1 1 0 1 
1 7 0 0 0 0 0 0 0 0 0 0 0 0 0 1 1 1 0 
0 11 0 0 0 0 0 0 0 0 0 0 0 0 0 1 1 1 0 
0 3 0 0 0 1 0 0 0 0 0 0 0 0 0 0 1 0 1 
0 4 0 0 0 1 1 0 0 1 0 0 0 0 0 0 1 0 1 
0 3 1 0 0 0 0 1 0 0 0 0 0 0 1 0 0 0 0 
5 8 0 1 0 0 1 1 1 0 0 0 0 0 0 0 0 0 0 
6 4 0 1 0 1 1 1 1 0 0 0 0 0 0 0 0 0 0 
6 2 0 0 0 0 0 0 0 0 0 0 0 0 0 1 1 1 0 
6 5 0 1 0 0 1 1 1 0 0 0 0 0 0 0 0 0 0 
6 3 0 0 0 1 1 0 0 1 0 0 0 0 0 0 1 0 1 
1 13 0 0 0 1 0 0 0 0 0 0 0 0 0 0 1 0 1 
1 16 0 1 0 1 1 1 1 0 0 0 0 0 0 0 0 0 0 
0 1 0 1 0 1 0 1 0 0 0 0 0 0 0 0 0 0 0 
8 2 0 1 0 1 1 1 1 0 0 0 0 0 0 0 0 0 0 
8 6 0 0 0 0 1 1 1 0 0 0 0 0 0 0 0 0 0 
8 13 0 1 0 0 1 1 1 0 0 0 0 0 0 0 0 0 0 
1 1 0 1 0 0 0 1 0 0 0 0 0 0 0 1 0 0 0 
3 8 0 0 0 0 0 1 0 0 0 0 0 0 1 0 0 0 0 
3 9 0 1 0 0 1 1 1 0 0 0 0 0 0 0 0 0 0 
3 9 0 0 0 0 1 1 1 0 0 0 0 0 1 0 0 0 0 
3 3 0 0 0 0 0 0 0 0 0 0 0 0 0 1 1 1 0 
3 2 0 0 0 1 1 0 0 1 0 1 0 0 0 0 1 0 1 
6 2 0 0 0 0 0 1 0 0 0 0 0 0 0 1 0 0 0 
2 1 0 1 0 1 1 1 1 0 0 1 0 1 0 0 0 0 0 
9 15 0 0 0 0 1 1 1 0 0 0 0 0 0 0 0 0 0 
9 1 0 1 1 1 1 1 1 0 0 0 0 1 0 0 0 0 0 
9 3 0 0 0 0 0 0 0 0 0 0 0 0 0 1 1 1 0 
9 1 0 1 0 1 1 1 1 0 0 0 0 0 0 0 0 0 0 
9 1 0 0 0 1 1 0 0 1 0 1 0 0 0 0 1 0 1 
3 1 1 0 0 0 1 1 1 0 0 0 0 0 1 0 0 0 0 
1 1 0 1 0 1 0 1 0 0 0 0 0 0 0 1 0 0 0 
0 1 0 0 0 0 0 0 0 0 0 0 0 0 0 0 1 1 0 
0 7 0 1 0 1 1 1 1 0 0 0 0 0 0 0 0 0 0 
6 4 0 0 0 1 0 0 0 0 0 0 0 0 0 0 1 0 1 
6 13 0 0 0 0 1 1 1 0 0 0 0 0 0 0 0 0 0 
1 2 0 0 0 0 0 0 0 0 1 0 0 0 0 0 0 0 0 
4 1 0 0 0 0 0 0 0 0 0 0 0 0 0 0 1 1 0 
6 4 0 0 0 1 1 1 1 0 0 0 0 0 0 0 0 0 0 
3 2 1 1 0 0 0 1 0 0 0 0 0 0 1 0 0 0 0 
3 3 0 0 0 0 1 0 0 1 0 0 0 0 0 0 1 1 0 
1 1 0 0 0 1 1 1 1 0 0 1 0 0 0 0 0 0 0 
5 1 0 0 0 0 0 0 0 0 0 0 0 0 0 0 1 1 0 
5 1 0 1 0 1 1 1 1 0 0 0 0 0 0 0 0 0 0 
5 1 0 0 0 0 0 0 0 0 0 0 0 0 0 1 1 1 0 
5 1 0 1 0 1 0 1 0 0 0 0 0 0 0 1 0 0 0 
3 2 0 0 0 0 0 1 0 0 0 0 0 0 0 0 0 0 0 
0 7 0 0 0 0 0 1 0 0 0 0 0 0 0 1 0 0 0 
1 2 0 0 1 1 1 0 0 1 0 0 0 0 0 0 1 0 1 
7 7 0 0 0 0 0 0 0 0 1 0 0 0 0 0 0 0 0 
4 3 0 0 0 0 1 0 0 1 0 0 0 0 0 0 1 1 0 
9 8 0 1 0 0 1 1 1 0 0 0 0 0 0 0 0 0 0 
9 1 0 1 0 1 0 1 0 0 0 0 0 0 0 0 0 0 0 
9 2 0 0 0 0 1 0 0 1 0 0 0 0 0 0 1 1 0 
9 1 0 0 0 0 0 0 0 0 0 0 0 0 0 0 1 1 0 
9 1 0 1 0 1 1 1 1 0 0 1 0 1 0 0 0 0 0 
1 1 0 0 0 0 1 0 0 1 0 1 0 0 0 0 1 0 1 
9 1 0 0 0 1 1 0 0 1 0 0 0 0 0 0 1 0 1 
9 1 0 0 0 0 0 1 0 0 0 0 0 0 0 1 0 0 0 
9 1 0 1 0 1 1 1 1 0 0 0 0 1 0 0 0 0 0 
0 1 0 0 0 0 1 0 0 1 0 1 1 1 0 0 1 0 1 
0 1 1 1 0 0 0 1 0 0 0 0 0 0 1 0 0 0 0 
0 2 0 0 0 1 1 0 0 1 0 1 0 0 0 0 1 0 1 
10 2 0 0 0 1 1 1 1 0 0 0 0 0 0 0 0 0 0 
10 1 0 0 0 0 0 0 0 0 0 0 0 0 0 1 1 1 0 
10 1 0 1 0 1 1 1 1 0 0 0 0 1 0 0 0 0 0 
8 4 0 0 0 0 1 0 0 1 0 0 0 0 0 0 1 1 0 
8 2 0 0 0 1 0 0 0 0 0 0 0 0 0 0 1 0 1 
0 1 0 0 0 0 0 0 0 0 0 0 0 0 0 0 1 0 1 
8 3 0 0 0 1 1 1 1 0 0 0 0 0 0 0 0 0 0 
8 1 0 1 0 0 1 1 1 0 0 1 1 1 0 0 0 0 0 
0 1 0 0 0 1 0 1 0 0 0 0 0 0 0 1 0 0 0 
10 1 0 0 0 1 0 0 0 0 0 0 0 0 0 0 1 0 1 
2 1 0 0 0 1 1 0 0 1 0 0 0 0 0 0 1 0 1 
10 1 0 1 0 1 1 1 1 0 0 0 0 0 0 0 0 0 0 
0 1 0 1 0 0 0 1 0 0 0 0 0 0 0 0 0 0 0 
3 1 0 0 0 1 1 0 0 1 0 0 0 0 0 0 1 0 1 
4 1 1 1 0 0 0 1 0 0 0 0 0 0 1 0 0 0 0 
1 1 0 1 0 1 0 1 0 0 0 0 0 0 0 0 0 0 0 
1 1 0 0 0 0 0 1 0 0 0 0 0 0 0 1 0 0 0 
1 2 0 0 0 0 0 1 0 0 0 0 0 0 0 0 0 0 0 
1 1 0 1 1 1 1 1 1 0 0 0 0 0 0 0 0 0 0 
9 1 0 0 0 1 0 0 0 0 0 0 0 0 0 0 1 0 1 
3 1 0 0 0 0 1 1 1 0 0 0 1 1 0 0 0 0 0 
3 2 0 0 0 0 0 1 0 0 0 0 0 0 0 1 0 0 0 
0 1 0 0 0 1 0 0 0 0 0 0 0 0 0 1 1 0 1 
6 1 0 0 0 0 1 1 1 0 0 1 1 1 0 0 0 0 0 
8 1 0 1 0 0 1 1 1 0 0 0 0 0 1 0 0 0 0 
4 1 0 1 0 1 0 1 0 0 0 0 0 0 0 1 0 0 0 
4 1 0 1 0 0 1 1 1 0 0 0 0 0 0 0 0 0 0 
4 1 0 0 0 1 1 1 1 0 0 0 0 0 0 0 0 0 0 
4 1 0 0 0 0 0 1 0 0 0 0 0 0 0 1 0 0 0 
3 1 0 0 0 1 0 1 0 0 0 0 0 0 0 1 0 0 0 
2 1 0 0 0 0 1 1 1 0 0 1 1 1 0 0 0 0 0 
0
1
2
3
4
5
4
3
6
2
7
8
1
4
9
3
7
4
0
10
11
12
12
13
14
15
16
17
18
17
19
13
20
20
21
22
20
20
23
20
22
24
25
26
20
26
10
27
28
29
10
30
31
27
28
32
30
10
33
27
28
29
10
12
12
32
27
34
35
36
27
12
37
12
12
12
38
10
27
10
12
12
12
10
39
40
41
42
43
10
44
45
40
41
42
46
47
41
40
45
10
48
20
22
24
21
20
22
20
24
49
41
50
51
42
39
52
45
53
18
10
17
17
18
53
10
54
18
17
55
56
12
12
10
27
32
30
10
57
58
33
59
10
60
27
36
29
61
27
32
30
28
62
27
28
29
63
41
58
10
26
20
22
64
26
10
24
22
20
26
65
20
22
10
24
20
66
22
67
26
66
20
22
49
68
17
53
69
70
14
13
71
72
13
41
52
42
45
73
41
47
51
10
41
47
74
46
41
10
20
20
75
20
26
24
22
10
76
77
78
40
79
17
18
53
12
80
12
12
12
10
81
12
12
10
74
47
45
49
82
12
12
83
84
12
82
12
13
14
85
12
12
12
13
86
33
12
12
37
12
12
12
10
87
88
87
89
90
24
22
10
91
92
12
80
12
12
12
38
10
42
41
49
12
12
12
93
42
41
10
29
12
63
22
20
26
94
22
20
20
10
12
37
12
12
12
10
29
10
22
20
95
64
22
24
20
67
22
20
13
12
12
12
96
12
12
11
13
14
13
97
97
15
71
13
71
70
14
97
97
13
14
72
77
78
49
42
41
98
42
74
10
17
18
53
68
99
20
26
24
22
13
97
13
100
97
14
13
12
82
12
101
12
102
12
41
73
45
47
41
63
103
45
42
74
10
10
10
18
10
54
17
18
104
105
17
18
106
68
17
107
17
18
53
68
10
76
77
10
18
66
12
12
108
12
12
73
12
12
11
10
20
20
24
22
109
20
24
22
20
21
24
26
20
26
73
45
44
110
41
12
12
10
74
42
47
74
10
12
12
101
12
12
40
41
111
87
87
112
27
111
113
87
87
114
87
87
89
87
113
115
113
116
117
87
24
22
10
81
12
81
40
41
10
118
74
12
12
80
12
12
83
12
81
12
49
12
12
12
13
22
20
26
96
14
13
95
20
22
13
12
12
12
38
63
41
13
87
87
119
87
120
113
87
115
121
10
12
12
12
10
26
122
26
20
64
22
24
20
20
109
22
24
20
109
22
20
13
100
13
22
24
95
20
64
22
20
20
123
20
24
22
20
10
110
41
47
74
10
113
10
22
20
95
64
26
66
22
20
64
20
22
20
124
10
12
12
12
10
18
125
126
68
17
18
19
10
56
125
10
20
20
109
22
24
20
26
10
127
10
78
128
77
78
10
78
128
129
22
20
20
24
109
22
20
20
130
22
20
48
10
12
84
12
81
10
12
12
12
73
41
12
10
40
41
42
45
73
45
47
51
63
47
74
42
41
40
10
78
131
132
128
78
10
22
20
133
20
22
21
20
20
22
24
134
12
81
12
37
12
135
18
17
10
136
10
22
20
137
20
22
20
10
74
42
41
42
73
47
41
47
73
43
12
138
12
10
27
32
30
12
10
124
20
20
22
64
20
20
22
24
10
20
22
20
24
139
10
12
12
12
61
82
12
61
12
12
12
10
40
82
12
12
80
12
10
12
12
12
140
24
22
20
20
64
22
10
38
45
141
74
42
41
52
10
20
20
22
65
20
26
10
41
73
45
47
41
98
40
12
81
12
73
27
28
32
30
34
60
27
28
32
10
45
40
41
142
74
17
18
10
74
42
47
41
10
74
42
41
46
143
10
113
17
18
144
87
113
89
113
60
27
10
10
24
20
20
20
67
20
22
10
20
48
26
109
22
10
12
12
12
73
41
12
12
10
12
145
12
38
10
27
31
30
28
27
33
10
68
54
18
10
12
12
12
37
12
12
10
12
12
40
12
12
146
12
12
12
83
12
12
12
24
10
68
19
17
18
10
29
24
12
12
37
12
12
95
64
20
22
20
21
95
20
24
20
64
22
21
24
95
20
22
25
20
26
73
22
20
20
147
22
20
26
13
22
24
20
71
13
97
14
85
69
97
13
72
97
14
100
13
97
97
96
78
77
41
40
142
45
40
41
47
13
74
47
41
40
78
13
69
13
71
148
56
96
97
14
100
13
97
69
15
12
80
12
12
82
13
12
12
12
13
12
41
73
12
12
37
12
11
12
63
74
12
18
10
12
12
24
109
20
22
10
131
149
10
12
12
12
112
150
112
151
50
152
10
27
153
29
28
27
10
48
24
22
20
10
78
77
78
129
78
128
131
78
10
12
12
12
108
12
12
102
81
111
18
17
68
111
22
20
64
20
24
22
20
65
20
24
20
22
111
12
12
37
12
12
12
111
12
12
12
154
82
111
12
12
12
37
81
102
12
12
146
12
12
12
10
58
33
155
33
10
12
82
10
12
12
80
12
12
12
10
12
12
80
12
12
40
45
63
12
12
12
80
12
82
10
12
12
12
10
12
12
37
12
12
12
10
