1130 17 156 25 0 20
1 10 1
1 2 1
1 6 1
1 3 1
4 5 1
6 7 1
3 4 1
1 2 1
1 8 1
1 2 0
1 4 0
1 3 0
1 2 0
1 2 0
2 3 0
1 2 0
1 2 0
13 2 0 0 0 0 0 0 0 0 1 0 0 0 0 0 0 0 0 
13 2 0 1 0 0 1 1 1 0 0 0 0 0 0 0 0 0 0 
13 2 0 0 0 0 1 1 1 0 0 0 0 0 0 0 0 0 0 
13 3 0 1 0 0 1 1 1 0 0 1 1 1 0 0 0 0 0 
13 4 0 0 0 0 1 0 0 1 0 0 0 0 0 0 1 1 0 
13 1 0 1 0 0 0 1 0 0 0 0 0 0 0 0 0 0 0 
13 1 0 0 0 0 1 0 0 1 0 0 0 0 0 0 1 0 1 
13 2 0 0 0 0 0 1 0 0 0 0 0 0 0 0 0 0 0 
13 1 0 0 0 0 1 0 0 1 0 1 1 1 0 0 1 0 1 
13 1 0 0 0 1 0 1 0 0 0 0 0 0 0 1 0 0 0 
12 100 0 0 0 0 0 0 0 0 1 0 0 0 0 0 0 0 0 
0 59 0 1 0 0 1 1 1 0 0 1 1 1 0 0 0 0 0 
0 93 0 0 0 0 1 1 1 0 0 0 0 0 0 0 0 0 0 
0 4 0 0 0 1 1 0 0 1 0 0 0 0 0 0 1 0 1 
0 20 0 1 0 0 1 1 1 0 0 0 0 0 0 0 0 0 0 
0 7 0 0 0 0 0 1 0 0 0 0 0 0 0 1 0 0 0 
0 2 0 0 0 1 1 0 0 1 0 1 0 0 0 0 1 0 1 
0 11 0 0 0 0 0 0 0 0 0 0 0 0 0 1 1 1 0 
0 7 0 1 0 1 1 1 1 0 0 0 0 0 0 0 0 0 0 
0 33 0 0 0 0 1 0 0 1 0 0 0 0 0 0 1 1 0 
0 1 0 0 0 1 0 1 0 0 0 0 0 0 0 1 0 0 0 
11 8 0 1 0 1 1 1 1 0 0 0 0 0 0 0 0 0 0 
11 19 0 1 0 0 1 1 1 0 0 1 1 1 0 0 0 0 0 
11 9 0 0 0 0 1 1 1 0 0 0 0 0 0 0 0 0 0 
11 2 0 0 0 0 0 0 0 0 0 0 0 0 0 0 1 1 0 
11 3 0 0 0 1 1 1 1 0 0 0 0 0 0 0 0 0 0 
11 7 0 1 0 0 1 1 1 0 0 0 0 0 0 0 0 0 0 
11 1 0 0 0 1 0 0 0 0 0 0 0 0 0 1 1 0 1 
11 7 0 0 0 1 1 0 0 1 0 0 0 0 0 0 1 0 1 
11 2 0 0 0 0 1 0 0 1 0 0 0 0 0 0 1 1 0 
9 1 0 1 0 1 1 1 1 0 0 0 0 0 0 0 0 0 0 
9 15 0 0 0 0 1 1 1 0 0 0 0 0 0 0 0 0 0 
9 8 0 1 0 0 1 1 1 0 0 0 0 0 0 0 0 0 0 
9 1 0 0 0 0 0 0 0 0 0 0 0 0 0 0 1 1 0 
9 1 0 0 0 1 1 0 0 1 0 1 0 0 0 0 1 0 1 
9 3 0 0 0 0 0 0 0 0 0 0 0 0 0 1 1 1 0 
9 1 0 1 1 1 1 1 1 0 0 0 0 1 0 0 0 0 0 
11 1 0 1 0 0 1 1 1 0 0 1 0 0 0 0 0 0 0 
11 2 0 0 0 1 0 0 0 0 0 0 0 0 0 0 1 0 1 
8 13 0 1 0 0 1 1 1 0 0 0 0 0 0 0 0 0 0 
8 6 0 0 0 0 1 1 1 0 0 0 0 0 0 0 0 0 0 
8 2 0 1 0 1 1 1 1 0 0 0 0 0 0 0 0 0 0 
8 4 0 0 0 0 1 0 0 1 0 0 0 0 0 0 1 1 0 
8 3 0 0 0 1 1 1 1 0 0 0 0 0 0 0 0 0 0 
6 30 0 0 0 0 0 0 0 0 1 0 0 0 0 0 0 0 0 
6 4 0 0 0 1 1 1 1 0 0 0 0 0 0 0 0 0 0 
6 11 0 1 0 0 1 1 1 0 0 1 1 1 0 0 0 0 0 
6 2 0 0 0 0 0 1 0 0 0 0 0 0 0 1 0 0 0 
6 4 0 1 0 1 1 1 1 0 0 0 0 0 0 0 0 0 0 
6 13 0 0 0 0 1 1 1 0 0 0 0 0 0 0 0 0 0 
6 5 0 1 0 0 1 1 1 0 0 0 0 0 0 0 0 0 0 
6 3 0 0 0 1 1 0 0 1 0 0 0 0 0 0 1 0 1 
6 1 0 1 0 0 0 1 0 0 0 0 0 0 0 1 0 0 0 
6 2 0 0 0 0 0 0 0 0 0 0 0 0 0 1 1 1 0 
5 20 0 1 0 0 1 1 1 0 0 1 1 1 0 0 0 0 0 
5 18 0 0 0 0 1 1 1 0 0 0 0 0 0 0 0 0 0 
5 8 0 1 0 0 1 1 1 0 0 0 0 0 0 0 0 0 0 
5 3 0 0 0 1 1 0 0 1 0 0 0 0 0 0 1 0 1 
5 6 0 0 0 0 1 0 0 1 0 0 0 0 0 0 1 1 0 
5 1 0 1 0 1 0 1 0 0 0 0 0 0 0 1 0 0 0 
6 4 0 0 0 1 0 0 0 0 0 0 0 0 0 0 1 0 1 
6 3 0 0 0 0 1 0 0 1 0 0 0 0 0 0 1 1 0 
3 196 0 0 0 0 1 1 1 0 0 0 0 0 0 0 0 0 0 
3 8 0 0 0 0 0 1 0 0 0 0 0 0 1 0 0 0 0 
3 2 1 1 0 0 0 1 0 0 0 0 0 0 1 0 0 0 0 
3 9 0 0 0 0 1 1 1 0 0 0 0 0 1 0 0 0 0 
3 3 0 0 0 0 0 0 0 0 0 0 0 0 0 1 1 1 0 
3 1 0 0 0 1 0 1 0 0 0 0 0 0 0 1 0 0 0 
3 9 0 1 0 0 1 1 1 0 0 0 0 0 0 0 0 0 0 
6 1 0 0 0 0 1 1 1 0 0 1 1 1 0 0 0 0 0 
5 3 0 0 0 1 1 1 1 0 0 0 0 0 0 0 0 0 0 
5 1 0 0 0 0 0 0 0 0 0 0 0 0 0 1 1 1 0 
1 16 0 0 0 1 1 0 0 1 0 0 0 0 0 0 1 0 1 
1 3 1 0 0 0 0 1 0 0 0 0 0 0 1 0 0 0 0 
1 1 0 0 0 0 1 0 0 1 0 1 0 0 0 0 1 0 1 
1 16 0 1 0 1 1 1 1 0 0 0 0 0 0 0 0 0 0 
1 15 0 0 0 0 1 1 1 0 0 0 0 0 0 0 0 0 0 
1 35 0 1 0 0 1 1 1 0 0 1 1 1 0 0 0 0 0 
1 5 0 0 0 1 1 0 0 1 0 1 0 0 0 0 1 0 1 
1 2 0 0 0 0 0 1 0 0 0 0 0 0 0 0 0 0 0 
1 3 0 0 0 1 1 1 1 0 0 0 0 0 0 0 0 0 0 
1 17 0 0 0 0 1 0 0 1 0 0 0 0 0 0 1 1 0 
1 2 0 0 0 0 0 0 0 0 0 0 0 0 0 0 1 1 0 
1 7 0 0 0 0 0 0 0 0 0 0 0 0 0 1 1 1 0 
1 15 0 1 0 0 1 1 1 0 0 0 0 0 0 0 0 0 0 
1 2 0 0 0 0 0 0 0 0 1 0 0 0 0 0 0 0 0 
1 13 0 0 0 1 0 0 0 0 0 0 0 0 0 0 1 0 1 
3 2 0 0 0 0 0 1 0 0 0 0 0 0 0 0 0 0 0 
3 4 0 0 0 1 1 1 1 0 0 0 0 0 0 0 0 0 0 
3 3 0 0 0 0 1 0 0 1 0 0 0 0 0 0 1 1 0 
3 10 1 0 0 0 0 1 0 0 0 0 0 0 1 0 0 0 0 
0 1 0 1 0 1 0 1 0 0 0 0 0 0 0 0 0 0 0 
0 1 0 0 0 0 0 0 0 0 0 0 0 0 0 0 1 1 0 
0 6 0 0 0 0 0 0 0 0 1 0 0 0 0 0 0 0 0 
3 1 0 0 0 0 1 1 1 0 0 0 1 1 0 0 0 0 0 
1 6 0 0 1 1 0 0 0 0 0 0 0 0 0 0 1 0 1 
1 1 0 1 0 1 0 1 0 0 0 0 0 0 0 1 0 0 0 
1 2 1 1 0 0 0 1 0 0 0 0 0 0 1 0 0 0 0 
3 2 0 0 0 0 0 1 0 0 0 0 0 0 0 1 0 0 0 
0 3 0 0 0 1 0 0 0 0 0 0 0 0 0 0 1 0 1 
0 4 0 0 0 1 1 1 1 0 0 0 0 0 0 0 0 0 0 
3 1 0 0 0 1 1 0 0 1 0 0 0 0 0 0 1 0 1 
1 1 0 0 0 1 1 1 1 0 0 1 0 0 0 0 0 0 0 
1 3 0 1 0 1 1 1 1 0 0 1 0 0 0 0 0 0 0 
0 2 0 0 0 0 0 1 0 0 0 0 0 0 0 0 0 0 0 
0 1 0 0 0 1 0 0 0 0 0 0 0 0 0 1 1 0 1 
0 1 0 1 0 1 0 1 0 0 0 0 0 0 0 1 0 0 0 
3 1 1 0 0 0 1 1 1 0 0 0 0 0 1 0 0 0 0 
1 1 0 1 0 0 0 1 0 0 0 0 0 0 0 1 0 0 0 
1 1 0 0 0 0 0 1 0 0 0 0 0 0 0 1 0 0 0 
1 1 0 1 0 1 0 1 0 0 0 0 0 0 0 0 0 0 0 
0 1 0 0 0 0 0 0 0 0 0 0 0 0 0 0 1 0 1 
0 3 1 0 0 0 0 1 0 0 0 0 0 0 1 0 0 0 0 
1 1 0 1 1 1 1 1 1 0 0 0 0 0 0 0 0 0 0 
1 2 0 1 0 0 1 1 1 0 0 1 0 0 0 0 0 0 0 
1 2 0 0 1 1 1 0 0 1 0 0 0 0 0 0 1 0 1 
0 1 1 1 0 0 0 1 0 0 0 0 0 0 1 0 0 0 0 
2 1 0 0 0 1 1 0 0 1 0 0 0 0 0 0 1 0 1 
2 1 0 1 0 0 1 1 1 0 0 0 0 0 0 0 0 0 0 
2 6 0 0 0 0 1 0 0 1 0 0 0 0 0 0 1 1 0 
2 3 0 0 0 1 1 1 1 0 0 0 0 0 0 0 0 0 0 
2 1 0 0 0 0 1 1 1 0 0 1 1 1 0 0 0 0 0 
2 1 0 1 0 0 1 1 1 0 0 1 1 1 0 0 0 0 0 
2 1 0 1 0 1 1 1 1 0 0 1 0 1 0 0 0 0 0 
0 1 0 0 0 0 1 0 0 1 0 1 1 1 0 0 1 0 1 
0 1 0 1 0 0 0 1 0 0 0 0 0 0 0 0 0 0 0 
3 2 0 0 0 1 1 0 0 1 0 1 0 0 0 0 1 0 1 
4 3 0 0 0 0 0 0 0 0 0 0 0 0 0 1 1 1 0 
4 2 0 0 0 0 1 1 1 0 0 0 0 0 0 0 0 0 0 
4 1 0 0 0 0 0 0 0 0 0 0 0 0 0 0 1 1 0 
4 3 0 0 0 0 1 0 0 1 0 0 0 0 0 0 1 1 0 
4 1 0 1 0 1 0 1 0 0 0 0 0 0 0 1 0 0 0 
4 1 0 1 0 0 1 1 1 0 0 0 0 0 0 0 0 0 0 
4 1 0 0 0 1 1 1 1 0 0 0 0 0 0 0 0 0 0 
4 1 0 0 0 0 0 1 0 0 0 0 0 0 0 1 0 0 0 
4 1 1 1 0 0 0 1 0 0 0 0 0 0 1 0 0 0 0 
5 1 0 0 0 0 0 0 0 0 0 0 0 0 0 0 1 1 0 
5 1 0 1 0 1 1 1 1 0 0 0 0 0 0 0 0 0 0 
7 7 0 0 0 0 0 0 0 0 1 0 0 0 0 0 0 0 0 
8 1 0 1 0 0 1 1 1 0 0 1 1 1 0 0 0 0 0 
8 2 0 0 0 1 0 0 0 0 0 0 0 0 0 0 1 0 1 
8 1 0 1 0 0 1 1 1 0 0 0 0 0 1 0 0 0 0 
9 1 0 0 0 1 0 0 0 0 0 0 0 0 0 0 1 0 1 
9 1 0 1 0 1 1 1 1 0 0 1 0 1 0 0 0 0 0 
9 1 0 0 0 1 1 0 0 1 0 0 0 0 0 0 1 0 1 
9 1 0 1 0 1 0 1 0 0 0 0 0 0 0 0 0 0 0 
9 2 0 0 0 0 1 0 0 1 0 0 0 0 0 0 1 1 0 
9 1 0 0 0 0 0 1 0 0 0 0 0 0 0 1 0 0 0 
9 1 0 1 0 1 1 1 1 0 0 0 0 1 0 0 0 0 0 
10 1 0 1 0 1 1 1 1 0 0 0 0 0 0 0 0 0 0 
10 1 0 0 0 0 0 0 0 0 0 0 0 0 0 0 1 1 0 
10 3 0 1 0 0 1 1 1 0 0 0 0 0 0 0 0 0 0 
10 1 0 1 0 1 1 1 1 0 0 0 0 1 0 0 0 0 0 
10 1 0 0 0 0 0 0 0 0 0 0 0 0 0 1 1 1 0 
10 2 0 0 0 1 1 1 1 0 0 0 0 0 0 0 0 0 0 
10 1 0 0 0 1 0 0 0 0 0 0 0 0 0 0 1 0 1 
0
1
2
3
4
5
4
3
6
2
7
8
1
4
9
3
7
4
0
10
11
12
12
13
11
12
14
15
11
12
16
12
11
17
18
19
11
12
14
20
11
19
12
12
11
10
10
10
10
10
10
10
10
10
10
10
10
10
10
10
10
10
10
10
10
10
10
10
10
10
21
22
23
21
24
22
25
22
26
27
22
26
28
22
29
21
23
22
28
26
22
28
22
23
21
10
10
10
10
10
10
10
10
10
10
10
10
10
10
10
10
10
10
10
10
10
10
10
10
30
31
32
33
31
34
32
31
32
35
31
31
36
10
10
10
10
10
10
10
10
10
10
10
10
10
10
10
10
10
10
10
10
10
10
10
10
10
22
21
28
22
23
37
38
22
25
22
28
39
40
41
42
39
43
39
44
44
44
44
44
45
46
47
48
49
50
51
52
49
45
53
49
49
46
51
44
44
44
44
44
54
55
56
54
55
57
54
55
54
55
56
58
54
55
59
55
54
55
57
55
54
58
56
55
54
44
44
44
44
51
46
49
50
44
46
60
49
50
49
61
60
46
49
48
53
46
44
44
44
44
62
62
62
62
63
62
62
62
62
64
62
65
62
62
65
66
62
62
62
65
67
62
62
68
62
44
44
69
48
44
50
44
44
54
70
56
58
54
70
56
71
54
55
55
54
72
73
74
75
76
77
78
79
77
80
81
75
82
77
76
75
83
77
72
84
85
75
81
77
86
62
62
62
62
87
62
62
62
88
63
62
62
62
62
62
89
62
62
62
90
62
62
62
62
62
13
12
11
12
91
12
11
19
14
12
11
92
12
12
11
19
14
15
11
12
12
13
12
11
93
62
62
62
62
62
62
90
62
62
62
62
62
63
62
62
62
62
62
62
62
64
62
94
62
62
95
77
76
78
84
86
77
76
96
76
77
72
84
76
86
77
76
75
81
97
72
77
80
84
95
62
62
65
62
62
88
90
62
62
62
89
62
62
68
62
62
62
98
62
62
62
62
62
62
62
99
12
11
19
12
17
18
12
12
11
99
12
12
11
19
18
12
11
15
12
19
12
100
11
17
62
62
62
68
90
62
62
62
62
65
62
62
62
62
101
62
62
62
98
62
62
62
68
62
62
86
77
81
75
83
77
72
84
76
95
77
81
102
84
83
72
77
76
103
85
76
103
81
77
86
62
62
68
62
62
62
90
62
62
62
89
62
62
62
62
88
62
62
62
62
90
62
62
62
62
19
11
12
104
12
12
11
19
12
105
11
12
12
19
11
12
12
106
12
11
19
14
12
11
17
62
62
107
62
62
68
66
62
62
62
62
62
63
62
62
62
62
62
68
62
90
62
62
62
62
78
108
72
77
81
75
109
77
80
75
81
77
110
81
84
72
77
83
78
84
76
84
95
77
72
62
65
62
62
99
11
19
14
12
111
11
12
12
19
11
12
19
11
12
14
112
12
11
19
14
12
11
93
12
113
81
75
83
76
75
81
77
86
103
81
77
86
81
77
72
84
95
77
76
78
84
73
75
12
19
11
12
12
17
11
19
12
12
11
112
14
12
19
14
12
17
11
12
18
19
11
12
14
86
77
72
84
86
77
76
75
81
97
72
77
81
114
86
77
81
75
83
77
115
84
83
75
12
11
19
12
18
15
11
12
14
19
11
17
12
11
12
19
12
116
12
11
12
19
18
12
11
86
84
72
77
72
82
77
95
84
76
72
77
79
72
77
115
114
86
77
81
75
73
77
86
75
12
11
19
12
12
19
12
11
12
15
12
11
19
14
12
15
11
12
12
19
11
12
12
93
11
117
118
119
120
119
121
119
120
119
122
120
119
123
119
104
11
100
14
19
12
11
93
12
12
14
124
12
12
125
12
12
11
19
14
100
11
17
14
19
62
62
62
87
62
62
62
62
62
63
62
62
65
62
62
62
126
65
62
68
90
62
62
62
62
17
11
12
14
19
11
12
14
17
11
12
12
19
11
12
93
100
11
12
14
17
11
12
12
13
62
62
62
62
62
62
62
126
62
62
62
62
62
62
62
63
62
62
62
62
90
62
88
62
62
93
12
12
12
11
112
12
16
12
11
15
18
19
62
62
62
63
68
62
65
62
62
66
62
62
62
62
63
62
62
62
62
62
90
62
62
62
62
127
128
129
130
131
130
132
133
130
134
135
127
128
127
54
55
58
54
55
56
57
54
55
56
136
54
55
137
55
54
58
56
55
54
58
70
54
55
54
44
44
44
46
44
45
44
46
49
44
49
48
61
46
47
45
49
46
60
49
61
50
49
60
46
138
138
138
138
138
138
138
39
43
42
39
43
39
42
41
40
139
140
39
40
39
42
39
141
40
39
140
39
40
39
40
39
142
31
31
143
35
32
31
144
32
31
31
145
146
31
31
32
147
148
31
146
31
32
35
32
31
149
150
151
152
153
151
154
154
151
155
22
23
26
28
26
22
24
21
23
22
29
21
23
22
25
22
28
26
23
22
38
26
23
22
21
10
10
10
10
10
10
10
10
10
10
10
10
10
10
10
10
10
10
10
10
10
10
10
10
10
