1319 13 266 10 1 49
1 2 1
1 10 1
1 2 1
1 3 1
1 50 1
1 8 1
1 40 0
1 7 0
1 50 0
1 40 0
1 5 0
1 25 0
1 40 0
4 11 0 0 1 1 0 0 0 0 0 0 0 0 0 
4 3 0 1 1 0 0 0 0 1 0 0 1 0 0 
4 6 1 0 0 0 0 1 0 0 0 0 0 0 0 
4 17 1 0 1 0 0 0 0 0 0 0 0 0 0 
4 3 1 0 1 0 0 0 0 0 0 0 0 1 0 
4 4 0 0 1 1 0 0 0 0 0 0 1 0 0 
4 2 0 1 0 0 0 0 0 1 0 0 0 0 0 
4 3 1 0 1 0 0 0 0 0 0 0 1 0 0 
4 1 0 0 0 1 0 0 1 1 0 0 0 0 0 
4 2 0 0 1 1 0 0 0 1 0 0 1 0 0 
4 2 1 0 0 0 0 0 0 0 0 0 0 0 0 
4 6 0 0 0 1 0 0 0 0 0 0 0 0 0 
4 5 0 0 1 0 1 0 0 0 0 0 0 0 0 
3 2 1 0 0 0 0 0 0 0 0 0 0 0 0 
9 10 1 0 0 0 0 1 0 0 0 0 0 0 0 
9 7 0 0 1 1 0 0 0 0 0 0 1 0 0 
9 31 1 0 1 0 0 0 0 0 0 0 0 0 0 
9 9 1 0 0 0 0 0 0 0 0 0 0 0 0 
1 27 0 0 1 1 0 0 0 0 0 0 0 0 0 
7 1 1 0 1 0 0 0 0 0 0 0 1 1 0 
10 6 1 0 0 0 0 0 0 1 0 0 0 0 0 
10 5 1 0 0 0 0 1 0 0 0 0 0 0 0 
10 2 0 1 1 0 0 0 0 0 0 0 0 0 0 
1 4 1 0 1 0 0 0 0 0 0 0 1 0 0 
1 3 0 0 0 1 0 0 0 0 0 0 0 0 0 
1 37 1 0 1 0 0 0 0 0 0 0 0 0 0 
8 15 1 0 0 0 0 0 0 1 0 0 0 0 0 
8 4 0 0 1 1 0 0 0 0 0 0 1 0 0 
8 27 1 0 0 0 0 1 0 0 0 0 0 0 0 
1 1 0 0 1 1 0 0 0 0 1 0 0 0 0 
1 19 0 0 1 1 0 0 0 0 0 0 1 0 0 
2 1 0 1 0 0 0 0 1 1 0 0 0 0 0 
3 9 1 0 1 0 0 0 0 0 0 0 0 0 0 
3 26 0 0 1 0 1 0 0 0 0 0 0 0 0 
3 2 0 0 1 1 0 0 0 0 0 0 1 0 0 
3 6 1 0 0 0 0 1 0 0 0 0 0 0 0 
9 2 0 0 0 1 0 0 0 1 0 0 0 0 0 
9 2 0 1 0 0 0 0 0 0 0 0 0 1 0 
6 2 0 0 1 1 0 0 0 0 0 1 1 0 0 
6 33 1 0 0 0 0 1 0 0 0 0 0 0 0 
12 16 1 0 0 0 0 0 0 1 0 0 0 0 0 
6 27 0 0 1 1 0 0 0 0 0 0 1 0 0 
6 27 1 0 1 0 0 0 0 0 0 0 0 0 0 
6 38 1 0 0 0 0 0 0 0 0 0 0 0 0 
6 25 0 0 1 1 0 0 0 0 0 0 0 0 0 
12 3 0 1 1 0 0 0 0 1 0 0 1 0 0 
6 12 0 0 0 1 0 0 0 1 0 0 0 0 0 
11 1 1 0 1 0 0 0 0 0 0 0 1 0 0 
11 33 1 0 1 0 0 0 0 0 0 0 0 0 0 
11 5 0 0 0 1 0 0 0 0 0 0 0 0 0 
2 7 0 1 1 0 0 0 0 1 0 0 0 0 0 
8 1 0 0 0 1 0 0 0 0 1 0 0 0 0 
11 1 1 0 1 0 0 0 0 0 0 0 1 1 0 
11 2 0 0 1 1 0 0 0 0 0 0 0 0 0 
11 1 0 0 0 1 0 0 1 1 0 0 0 0 0 
9 1 1 0 1 0 0 1 0 0 0 0 0 0 0 
4 1 0 1 0 0 0 0 0 0 0 0 0 0 0 
10 6 1 0 1 0 0 0 0 0 0 0 0 0 0 
2 21 0 0 1 1 0 0 0 0 0 0 0 0 0 
2 9 0 1 0 0 0 0 0 0 0 0 0 0 0 
2 1 1 0 1 0 0 0 0 0 0 1 1 1 0 
6 1 0 1 1 0 0 0 0 1 0 0 0 0 0 
6 3 0 0 1 1 0 0 0 1 0 0 1 0 0 
11 1 0 0 0 1 0 0 1 0 1 0 0 0 0 
11 1 0 1 1 0 0 0 0 0 0 0 0 0 0 
11 3 1 0 0 0 0 0 0 0 0 0 0 0 0 
0 2 0 0 1 1 0 0 0 1 0 0 1 0 0 
0 31 1 0 0 0 0 1 0 0 0 0 0 0 0 
0 35 0 0 1 1 0 0 0 0 0 0 0 0 0 
0 93 1 0 1 0 0 0 0 0 0 0 0 0 0 
0 43 0 0 1 1 0 0 0 0 0 0 1 0 0 
0 5 1 0 1 0 0 0 0 0 0 0 0 1 0 
0 21 1 0 0 0 0 0 0 1 0 0 0 0 0 
12 33 1 0 1 0 0 0 0 0 0 0 0 0 0 
2 12 0 0 1 1 0 0 0 0 0 0 1 0 0 
8 2 1 0 1 0 0 0 0 1 0 0 0 0 0 
8 5 0 0 0 1 0 0 0 0 0 0 0 0 0 
0 12 1 0 1 0 0 0 0 0 0 0 1 0 0 
8 1 0 1 1 0 0 0 0 1 0 0 1 0 0 
0 5 0 0 0 1 0 0 0 1 0 0 0 0 0 
2 2 1 0 0 0 0 1 0 0 0 1 0 1 0 
9 1 0 1 0 0 0 0 1 0 0 0 0 0 0 
2 11 1 0 1 0 0 0 0 0 0 0 1 0 0 
5 1 1 0 0 0 0 0 0 0 0 0 0 0 0 
5 1 1 0 1 0 0 0 0 0 0 0 0 0 0 
4 1 0 0 0 1 0 0 0 1 0 0 0 0 0 
2 10 0 1 1 0 0 0 0 0 0 0 1 0 0 
4 1 0 0 1 1 0 0 0 1 1 0 0 0 0 
12 4 1 0 1 0 0 0 0 0 0 0 1 0 0 
8 12 0 0 0 1 0 0 0 1 0 0 0 0 0 
2 10 0 1 1 0 0 0 0 0 0 0 0 0 0 
0 10 0 0 0 1 0 0 0 0 0 0 0 0 0 
2 1 0 1 0 0 0 0 1 1 0 1 0 1 0 
8 4 1 0 0 0 0 0 0 0 0 0 0 0 0 
8 8 1 0 1 0 0 0 0 0 0 0 0 0 0 
8 5 1 0 1 0 0 0 0 0 0 0 1 0 0 
8 2 0 1 1 0 0 0 0 0 0 0 0 0 0 
9 1 1 0 1 0 0 0 0 1 0 0 1 0 0 
8 1 1 0 0 0 0 1 0 0 0 1 0 1 0 
8 2 0 0 1 1 0 0 0 0 0 0 0 0 0 
6 5 0 0 0 1 0 0 0 0 0 0 0 0 0 
6 2 0 1 1 0 0 0 0 0 0 0 0 0 0 
6 1 0 0 1 1 0 0 0 1 1 0 1 0 0 
0 6 0 0 1 1 0 0 0 1 0 0 0 0 0 
0 4 1 0 0 0 0 0 1 0 0 0 0 0 0 
0 1 1 0 0 0 0 1 0 0 0 1 0 1 0 
0 3 0 1 0 0 0 0 0 1 0 0 0 0 0 
2 3 1 0 0 0 0 1 0 0 0 0 0 0 0 
10 2 1 0 1 0 0 0 0 1 0 0 0 0 0 
0 5 0 0 0 1 0 0 0 0 1 0 0 0 0 
7 3 1 0 0 0 0 0 0 0 0 0 0 0 0 
7 1 0 0 1 1 0 0 0 0 0 0 1 0 0 
8 2 1 0 0 0 0 1 0 0 0 1 0 0 0 
11 5 1 0 1 0 0 0 0 0 0 0 0 1 0 
6 3 0 1 0 0 0 0 0 0 0 0 0 0 0 
6 2 1 0 1 0 0 1 0 0 0 0 0 0 0 
6 5 1 0 1 0 0 0 0 0 0 0 1 0 0 
6 1 0 0 1 1 0 0 0 1 0 0 0 0 0 
0 2 0 0 0 1 0 0 1 0 0 0 0 0 0 
0 2 0 1 1 0 0 0 0 1 0 0 1 0 0 
8 3 0 1 0 0 0 0 0 0 0 0 0 0 0 
8 2 0 0 1 1 0 0 0 0 1 1 1 0 0 
2 2 0 1 1 0 0 0 0 0 0 0 1 1 0 
12 13 1 0 0 0 0 1 0 0 0 0 0 0 0 
12 3 1 0 1 0 0 0 0 1 0 0 0 0 0 
12 2 1 0 0 0 0 0 1 0 0 0 0 0 0 
8 3 0 0 1 1 0 0 0 1 0 0 1 0 0 
3 1 1 0 0 0 0 0 1 0 0 0 0 0 0 
3 1 0 1 1 0 0 0 0 0 0 0 0 0 0 
3 2 0 0 0 1 0 0 0 0 0 0 0 0 0 
2 3 0 0 1 1 0 0 0 0 0 1 1 0 0 
2 2 1 0 0 0 0 0 0 0 0 0 0 1 0 
1 5 1 0 0 0 0 0 0 1 0 0 0 0 0 
0 6 0 1 0 0 0 0 0 0 0 0 0 0 0 
0 3 1 0 1 0 0 0 0 1 0 0 0 0 0 
6 1 0 1 0 0 0 0 0 1 0 0 0 1 0 
0 1 0 1 1 0 0 0 0 0 0 0 1 0 0 
2 1 0 1 1 0 0 0 0 1 0 0 1 1 0 
0 2 0 0 1 1 0 0 0 0 0 1 1 0 0 
11 3 0 0 1 1 0 0 0 0 0 0 1 0 0 
11 1 0 1 1 0 0 0 0 1 0 0 0 0 0 
2 7 1 0 0 0 0 0 0 1 0 0 0 0 0 
5 1 1 0 0 0 0 0 1 0 0 0 0 0 0 
2 2 1 0 1 0 0 1 0 0 0 0 0 0 0 
2 12 1 0 1 0 0 0 0 0 0 0 0 0 0 
1 1 0 0 1 1 0 0 0 0 1 1 0 0 0 
1 1 0 1 0 0 0 0 0 1 0 0 0 0 0 
9 1 1 0 0 0 0 0 0 0 0 0 0 1 0 
9 1 0 0 1 1 0 0 0 0 0 0 0 0 0 
9 1 0 0 1 1 0 0 0 1 0 0 1 0 0 
0 3 1 0 1 0 0 1 0 0 0 0 0 0 0 
0 7 1 0 0 0 0 0 0 0 0 0 0 0 0 
5 2 0 1 1 0 0 0 0 0 0 0 0 0 0 
8 2 1 0 1 0 0 1 0 0 0 0 0 0 0 
6 1 0 0 0 1 0 0 0 0 1 1 0 0 0 
9 2 0 0 1 1 0 0 0 1 0 0 0 0 0 
2 1 1 0 1 0 0 0 0 0 0 0 0 1 0 
2 4 1 0 0 0 0 0 0 0 0 0 0 0 0 
1 2 0 0 1 1 0 0 0 1 0 0 1 0 0 
1 7 1 0 0 0 0 1 0 0 0 0 0 0 0 
6 1 0 1 0 0 0 0 1 0 0 0 0 0 0 
2 1 1 0 1 0 0 0 0 0 0 1 1 0 0 
3 2 0 1 1 0 0 0 0 0 0 0 1 1 0 
6 2 0 0 0 1 0 0 0 0 1 0 0 0 0 
2 1 0 0 0 1 0 0 1 0 0 0 0 0 0 
9 5 0 0 0 1 0 0 0 0 0 0 0 0 0 
7 4 1 0 1 0 0 0 0 0 0 0 1 0 0 
8 2 0 0 1 1 0 0 0 1 0 0 0 0 0 
6 1 0 0 0 1 0 0 0 0 0 1 0 0 0 
9 1 0 1 0 0 0 0 0 0 0 0 0 0 0 
6 1 0 0 0 1 0 0 1 0 0 0 0 0 0 
6 3 1 0 1 0 0 0 0 0 0 0 1 1 0 
0 1 0 0 1 1 0 0 0 0 1 1 0 0 0 
9 1 0 1 1 0 0 0 0 1 0 0 1 0 0 
2 1 0 1 1 0 0 0 0 1 0 0 0 1 0 
8 2 0 0 0 1 0 0 1 1 0 0 0 0 0 
2 1 0 1 0 0 0 0 0 1 0 0 0 1 0 
2 1 0 0 0 1 0 0 0 0 1 1 0 0 0 
2 2 0 0 1 1 0 0 0 1 0 0 1 0 0 
9 2 0 1 1 0 0 0 0 0 0 0 1 0 0 
9 2 0 0 0 1 0 0 0 0 1 0 0 0 0 
2 4 0 1 0 0 0 0 0 1 0 0 0 0 0 
11 1 1 0 0 0 0 0 1 0 0 0 0 0 0 
12 2 0 1 0 0 0 1 0 0 0 0 0 0 0 
0 1 0 0 1 1 0 0 0 1 0 1 1 0 0 
1 2 0 1 1 0 0 0 0 0 0 0 1 0 0 
1 1 0 0 0 1 0 0 0 1 0 0 0 0 0 
9 3 1 0 1 0 0 0 0 0 0 0 1 0 0 
0 2 0 1 1 0 0 0 0 1 0 0 0 0 0 
2 3 0 0 1 1 0 0 0 0 1 0 1 0 0 
2 5 0 0 0 1 0 0 0 0 0 0 0 0 0 
2 1 1 0 0 0 0 1 1 0 0 0 0 1 0 
8 2 0 1 1 0 0 0 0 1 0 0 0 0 0 
8 1 0 1 0 0 0 0 0 0 0 0 0 1 0 
2 2 0 0 0 1 0 0 0 0 1 0 0 0 0 
8 1 1 0 0 0 0 1 1 0 0 1 0 1 0 
6 1 0 0 1 0 1 0 0 0 0 0 0 0 0 
4 2 0 1 1 0 0 0 0 0 0 0 0 0 0 
4 2 0 0 1 1 0 0 0 1 0 0 0 0 0 
12 1 0 1 0 0 0 0 0 0 0 0 0 1 0 
5 1 0 1 1 0 0 0 0 1 0 0 0 0 0 
2 1 0 1 1 0 0 0 0 0 0 1 1 1 0 
8 1 0 1 1 0 0 0 0 0 0 0 0 1 0 
0 1 0 0 0 1 0 0 1 0 1 0 0 0 0 
10 1 1 0 0 0 0 0 0 0 0 0 0 0 0 
5 2 1 0 0 0 0 1 0 0 0 0 0 0 0 
11 1 0 0 1 1 0 0 0 0 1 0 0 0 0 
9 1 0 1 1 0 0 0 0 0 0 0 0 1 0 
2 1 0 0 1 1 0 0 0 1 0 0 0 0 0 
9 1 0 0 0 1 0 0 1 0 0 0 0 0 0 
11 1 0 0 1 1 0 0 0 1 0 0 0 0 0 
11 1 0 1 1 0 0 0 0 1 0 0 1 0 0 
1 2 1 0 0 0 0 0 0 0 0 0 0 0 0 
2 1 0 1 0 0 0 0 0 1 0 1 0 1 0 
1 1 0 1 1 0 0 0 0 1 0 0 0 0 0 
11 1 0 0 0 1 0 0 1 0 0 0 0 0 0 
2 1 1 0 1 0 0 0 0 1 0 0 1 1 0 
12 1 0 1 1 0 0 0 0 0 0 0 0 0 0 
2 3 1 0 1 0 0 0 0 0 0 0 1 1 0 
1 2 1 0 1 0 0 0 0 1 0 0 0 0 0 
3 1 0 1 0 0 0 0 1 0 0 0 0 1 0 
9 1 0 1 0 0 0 0 1 0 0 0 0 1 0 
6 1 0 0 1 1 0 0 0 0 1 0 0 0 0 
1 2 0 0 1 1 0 0 0 1 0 0 0 0 0 
2 2 0 0 1 0 1 0 0 0 0 0 0 0 0 
6 1 0 1 1 0 0 0 0 1 0 0 1 1 0 
11 1 0 0 1 1 0 0 0 0 0 1 1 0 0 
8 2 0 1 0 0 0 0 0 1 0 0 0 0 0 
8 1 0 0 1 1 0 0 0 0 0 1 0 0 0 
10 1 1 0 0 0 0 1 1 0 0 0 0 0 0 
5 1 0 0 1 0 1 0 0 0 0 0 0 0 0 
5 1 0 0 0 1 0 0 0 0 0 0 0 0 0 
5 1 0 0 1 1 0 0 0 0 0 0 0 0 0 
5 1 1 0 0 0 0 0 0 1 0 0 0 0 0 
5 1 1 0 0 0 0 0 0 0 0 0 0 1 0 
12 1 0 1 1 0 0 0 0 1 0 0 0 0 0 
10 1 1 0 0 0 0 0 1 0 0 0 0 0 0 
7 1 1 0 1 0 0 0 0 0 0 1 1 1 0 
5 1 0 1 0 0 0 0 0 1 0 0 0 0 0 
7 1 0 1 1 0 0 0 0 0 0 0 0 0 0 
7 1 0 0 1 1 0 0 0 0 1 0 1 0 0 
7 1 1 0 1 0 0 0 0 0 0 0 0 0 0 
10 1 1 0 0 0 0 0 0 0 0 0 0 1 0 
10 1 1 0 0 0 0 0 0 0 0 1 0 0 0 
11 1 0 0 0 1 0 0 0 1 0 0 0 0 0 
11 1 0 0 1 1 0 0 0 0 1 0 1 0 0 
8 1 0 0 0 1 0 0 1 0 0 0 0 0 0 
1 2 0 0 1 1 0 0 0 0 1 0 1 0 0 
4 1 0 0 0 1 0 0 1 0 0 1 0 0 0 
3 2 0 0 1 1 0 0 0 0 0 0 0 0 0 
12 1 0 1 0 0 0 0 0 1 0 0 0 1 0 
0 1 0 1 1 0 0 0 1 0 0 0 0 0 0 
2 1 1 0 0 0 0 0 0 1 0 0 0 1 0 
2 1 1 0 0 0 0 1 0 0 0 1 0 0 0 
6 1 1 0 0 0 0 1 1 0 0 0 0 0 0 
8 1 1 0 0 0 0 0 0 0 0 0 0 1 0 
8 1 0 1 1 0 0 0 0 0 0 0 1 0 0 
7 1 0 1 1 0 0 0 0 0 0 0 1 0 0 
10 1 0 1 0 0 0 0 0 0 0 0 0 0 0 
10 1 0 0 1 0 1 0 0 0 0 0 0 0 0 
9 1 1 0 0 0 0 0 1 0 0 0 0 0 0 
9 1 0 1 0 0 0 0 0 1 0 0 0 0 0 
12 1 1 0 0 0 0 0 0 0 0 0 0 0 0 
12 1 0 1 1 0 0 0 0 0 0 1 1 1 0 
8 1 1 0 1 0 0 0 1 0 0 0 0 0 0 
2 1 0 1 1 0 0 0 0 1 0 0 1 0 0 
0
1
2
3
4
5
6
3
3
5
2
0
7
4
8
3
0
2
9
3
10
0
3
6
3
3
11
3
0
3
2
5
3
11
4
1
0
2
7
3
11
1
0
3
2
3
0
12
13
14
15
16
17
18
19
20
18
21
22
23
24
25
26
27
28
29
25
25
30
31
32
33
32
34
35
32
36
16
15
16
37
38
39
33
40
41
42
43
44
43
45
39
44
42
46
47
48
49
48
48
41
50
28
48
51
52
48
53
48
54
55
56
7
11
57
20
5
57
21
58
59
60
46
42
43
44
39
41
61
43
44
33
43
62
39
48
63
48
64
65
66
67
68
69
59
70
71
72
68
67
69
70
40
73
59
74
28
75
76
77
69
68
69
28
78
69
69
70
69
79
69
80
74
16
81
16
46
82
12
14
0
83
84
85
86
3
87
39
44
43
42
46
88
89
90
67
71
91
77
72
68
67
68
69
92
41
42
43
44
39
41
43
50
58
93
69
70
28
94
89
95
28
96
93
48
49
97
33
98
99
26
95
100
42
101
39
102
43
69
68
77
69
103
67
69
91
86
104
69
79
69
105
70
48
91
69
106
70
67
69
68
72
77
68
17
58
107
86
108
109
48
110
111
112
33
73
40
41
113
114
44
115
116
117
43
33
69
118
69
45
39
42
41
43
69
68
72
70
67
69
91
119
113
91
69
70
67
69
103
69
70
120
94
121
28
69
79
69
69
68
69
122
123
124
11
73
125
18
25
120
126
28
33
127
30
26
32
128
93
126
28
33
32
129
32
130
131
50
43
44
39
44
43
23
132
18
25
133
70
67
68
134
109
77
135
42
44
43
41
39
69
68
72
69
136
104
68
67
69
70
26
94
76
73
137
28
68
69
138
134
12
11
69
106
69
70
67
69
109
134
139
65
48
140
39
41
48
48
49
113
26
27
28
90
141
74
142
33
26
58
143
86
58
144
89
95
48
49
48
28
145
146
25
30
147
16
148
14
149
16
133
69
69
70
69
150
103
69
70
151
152
43
62
39
44
125
69
70
133
71
89
153
33
77
154
69
91
69
119
69
91
150
17
15
17
155
59
25
30
25
107
58
141
90
156
74
157
144
158
159
25
18
25
160
70
69
103
67
69
46
161
59
144
129
33
35
34
40
73
89
32
162
35
32
163
48
82
164
50
28
18
16
165
166
28
167
17
16
37
16
15
26
153
168
166
33
89
16
169
41
73
123
124
41
43
42
46
42
101
39
41
40
73
170
42
171
46
42
114
41
39
42
126
69
172
42
43
44
39
173
16
17
68
72
77
68
67
68
43
41
43
174
43
41
39
33
42
46
116
42
39
44
120
95
175
73
76
73
123
74
144
141
58
176
82
177
16
17
178
14
16
165
16
179
0
20
33
14
15
17
16
180
16
181
41
39
48
49
113
28
74
181
144
58
182
139
48
183
73
184
25
25
30
132
25
18
159
185
25
186
16
187
36
16
14
171
44
43
188
151
70
69
39
189
26
33
190
144
86
190
48
89
82
191
58
157
130
141
90
190
33
67
70
72
69
70
69
151
192
28
70
69
69
91
77
26
99
94
193
27
28
94
89
73
86
73
76
73
123
70
40
73
194
144
86
58
195
94
89
73
74
90
43
44
39
116
46
196
39
41
43
197
198
43
42
41
39
42
46
88
199
73
44
43
115
41
40
73
73
70
104
200
67
68
69
151
69
70
72
69
109
69
201
67
68
72
69
70
72
33
43
41
39
42
202
48
46
116
43
44
39
42
100
82
181
73
43
41
39
73
58
141
86
203
48
39
74
141
58
57
204
58
86
80
58
72
69
70
69
205
70
69
106
68
69
77
68
67
12
26
70
10
197
3
198
112
12
3
26
206
48
166
165
16
207
14
208
187
16
209
16
14
74
181
48
53
28
48
139
48
48
210
65
211
28
18
212
18
23
20
18
21
57
157
74
213
69
109
69
123
158
33
25
18
25
214
30
159
18
25
48
215
216
59
58
123
73
30
40
33
43
41
39
217
42
46
116
43
44
124
123
58
218
59
219
18
159
30
25
24
23
26
58
90
28
121
25
25
18
132
25
30
159
25
18
220
69
66
69
151
68
67
70
40
33
73
152
72
70
67
68
151
69
70
72
69
221
16
15
14
16
155
17
15
73
183
73
38
40
73
41
42
39
222
40
122
69
69
103
69
67
70
69
69
223
82
90
224
143
190
82
175
42
43
44
43
225
44
39
42
163
48
226
26
25
18
28
192
30
25
212
30
25
28
223
25
30
113
227
94
228
229
57
70
20
230
231
82
205
232
233
90
82
190
144
58
107
178
157
144
58
234
30
73
235
123
30
73
73
180
16
89
73
45
123
18
236
57
68
237
20
68
150
238
187
165
16
16
165
16
14
9
239
110
33
110
240
241
50
242
70
67
69
91
69
118
77
89
22
21
30
243
18
93
167
95
28
96
76
48
218
244
48
48
28
245
69
72
68
133
69
70
67
33
40
44
171
43
44
50
123
88
246
69
69
68
72
70
67
90
131
130
72
68
69
67
70
69
79
69
133
69
247
28
94
89
69
69
70
151
188
67
70
71
33
43
41
39
219
248
179
16
79
77
67
68
69
43
44
42
86
40
249
35
33
88
100
73
250
73
41
39
69
70
72
68
69
133
70
67
68
40
73
189
67
251
91
69
77
68
72
69
67
70
40
90
144
74
144
252
224
253
74
59
144
0
75
43
41
254
48
18
82
50
25
24
25
67
70
69
72
68
255
256
28
18
73
40
247
25
123
18
25
257
72
68
104
69
67
70
69
103
69
258
71
138
21
259
108
100
166
43
44
42
39
62
114
42
100
218
58
69
72
68
28
27
227
25
18
25
159
30
260
16
261
16
30
123
33
194
82
141
58
262
263
123
18
25
132
30
59
25
18
159
30
132
25
18
25
185
39
44
43
41
26
25
18
13
162
35
18
26
264
189
32
249
33
35
265
