1274 13 242 10 2 14
2 3 1
1 15 1
2 3 1
1 6 1
1 5 1
1 10 0
1 3 0
1 6 0
1 3 0
1 6 0
1 8 0
1 3 0
1 15 0
0 3 1 0 1 0 0 0 0 0 0 1 0 0 0 
0 4 1 0 1 0 0 0 0 0 1 0 0 1 0 
1 1 0 0 0 1 0 0 0 0 0 0 1 0 0 
1 5 1 0 1 0 0 0 0 0 0 0 0 0 0 
1 3 1 0 0 0 0 0 0 0 0 0 0 1 0 
1 10 0 0 0 0 1 0 0 0 0 0 0 0 0 
1 1 1 0 1 0 0 0 0 0 0 1 0 0 0 
2 1 1 0 0 0 0 1 0 0 0 0 0 0 0 
2 1 0 0 1 1 0 0 0 0 1 0 0 0 0 
2 5 1 0 0 0 0 0 0 0 0 0 0 0 0 
2 1 1 0 1 0 0 0 1 0 1 0 1 0 1 
2 13 0 0 0 0 1 0 0 0 0 0 0 0 0 
3 4 1 0 1 0 0 0 0 0 0 0 0 0 0 
3 9 1 0 1 0 0 0 0 0 1 0 0 0 0 
4 8 0 0 1 1 0 0 0 0 0 0 0 0 0 
4 33 0 0 1 0 1 0 0 0 0 0 0 1 0 
4 9 1 0 0 0 0 1 0 0 0 0 0 0 0 
4 39 0 1 1 0 0 0 0 0 0 0 0 0 0 
5 1 1 0 1 0 0 0 0 0 0 1 0 0 0 
5 2 1 0 0 0 0 0 0 0 0 0 1 1 0 
5 4 0 0 1 1 0 0 0 0 0 0 0 0 0 
6 75 1 0 1 0 0 0 0 0 1 0 0 0 0 
6 22 1 0 0 0 0 0 0 0 0 0 0 0 0 
6 55 0 0 0 0 1 0 0 0 0 0 0 0 0 
6 20 1 0 1 0 0 0 0 0 0 0 0 0 0 
7 31 1 0 1 0 0 0 0 0 1 0 0 0 0 
7 1 0 0 0 1 0 0 0 1 0 0 0 0 0 
7 1 1 0 1 0 0 0 1 0 0 1 1 0 1 
7 12 0 0 0 0 1 0 0 0 0 0 0 0 0 
1 1 1 0 0 0 0 1 0 0 0 0 0 1 0 
4 20 1 0 1 0 0 0 0 0 0 0 0 0 0 
4 5 0 0 0 0 1 0 0 0 0 0 0 0 0 
8 45 1 0 1 0 0 0 0 0 1 0 0 0 0 
8 2 1 0 0 0 0 0 0 0 0 0 1 1 0 
9 6 0 0 1 1 0 0 0 0 0 0 0 0 0 
8 3 1 0 0 0 0 0 0 0 0 1 0 0 0 
8 10 0 0 1 0 1 0 0 0 0 0 0 0 0 
8 4 1 0 0 0 0 1 0 0 0 0 0 0 0 
8 2 0 0 1 1 0 0 0 0 0 0 0 0 0 
6 30 1 0 1 0 0 0 0 0 0 1 1 0 0 
6 1 0 0 0 1 0 0 1 0 0 0 0 0 1 
6 14 1 0 1 0 0 0 0 0 1 0 0 1 0 
10 5 0 0 0 1 0 0 0 0 0 0 0 1 0 
10 1 1 0 0 0 0 0 0 0 0 0 0 0 0 
8 2 0 1 1 0 0 0 0 0 0 0 0 0 0 
6 5 0 0 0 1 0 0 0 0 0 0 0 1 0 
6 2 1 0 1 0 0 0 1 0 1 0 0 0 1 
10 4 1 0 1 0 0 0 0 0 0 0 0 0 0 
10 1 1 0 1 0 0 0 0 0 0 0 1 0 0 
10 3 0 0 0 0 1 0 0 0 0 0 0 0 0 
6 12 0 0 0 1 0 0 0 0 0 0 0 0 0 
2 2 1 0 1 0 0 0 0 0 0 1 1 0 0 
5 1 1 0 0 0 0 1 0 0 0 0 0 1 0 
4 4 1 0 0 0 0 0 0 0 0 0 0 0 0 
9 10 1 0 1 0 0 0 0 0 1 0 0 0 0 
9 1 0 0 0 1 0 0 0 0 0 0 0 1 0 
8 10 1 0 1 0 0 0 0 0 0 1 1 0 0 
8 14 0 0 0 0 1 0 0 0 0 0 0 0 0 
8 8 1 0 1 0 0 0 0 0 0 0 0 0 0 
6 10 1 0 0 0 0 0 0 0 0 0 0 1 0 
9 6 0 1 1 0 0 0 0 0 0 0 0 0 0 
6 3 1 0 0 0 0 1 0 0 0 0 0 0 0 
6 7 0 0 1 1 0 0 0 0 0 0 0 0 0 
6 1 0 0 1 0 1 0 1 0 0 0 0 0 0 
0 1 1 0 1 0 0 0 1 0 1 0 0 0 1 
0 5 1 0 1 0 0 0 0 0 0 0 0 0 0 
0 2 0 0 0 1 0 0 0 0 0 0 0 0 0 
0 22 1 0 1 0 0 0 0 0 1 0 0 0 0 
0 2 1 0 1 0 0 0 0 0 0 1 1 0 0 
0 8 0 0 0 0 1 0 0 0 0 0 0 0 0 
8 3 0 0 0 1 0 0 0 0 0 0 0 1 0 
8 3 1 0 1 0 0 0 0 0 1 0 0 1 0 
8 3 0 0 0 1 0 0 0 0 0 0 0 0 0 
8 11 1 0 0 0 0 0 0 0 0 0 0 0 0 
6 3 0 0 0 0 1 0 1 0 0 0 0 0 0 
11 33 1 0 1 0 0 0 0 0 0 1 1 0 0 
11 14 0 0 0 0 1 0 0 0 0 0 0 0 0 
11 33 1 0 1 0 0 0 0 0 1 0 0 0 0 
11 22 1 0 0 0 0 0 0 0 0 1 0 0 0 
5 10 1 0 1 0 0 0 0 0 0 0 0 0 0 
5 13 1 0 1 0 0 0 0 0 1 0 0 0 0 
5 4 0 0 0 1 0 0 0 0 0 0 0 0 0 
8 5 1 0 1 0 0 0 1 0 0 1 1 0 1 
8 1 1 0 1 0 0 0 0 1 0 0 0 0 0 
5 4 0 0 0 1 0 0 0 0 0 0 0 1 0 
6 14 0 0 1 0 1 0 0 0 0 0 0 0 0 
6 5 1 0 0 0 0 1 0 0 0 0 0 1 0 
11 12 1 0 1 0 0 0 0 0 0 0 0 0 0 
11 14 0 0 0 1 0 0 0 0 0 0 0 1 0 
11 2 1 0 1 0 0 0 1 0 1 0 1 0 1 
2 21 1 0 1 0 0 0 0 0 1 0 0 0 0 
1 2 1 0 1 0 0 0 0 0 1 0 0 1 0 
1 6 0 0 0 1 0 0 0 0 0 0 0 0 0 
3 4 1 0 0 0 0 1 0 0 0 0 0 0 0 
0 5 1 0 1 0 0 0 1 0 0 1 1 0 1 
9 5 1 0 1 0 0 0 0 0 0 0 0 0 0 
11 13 0 0 0 1 0 0 0 0 0 0 0 0 0 
2 2 0 0 1 1 0 0 0 0 0 0 0 0 0 
1 12 1 0 1 0 0 0 0 0 1 0 0 0 0 
1 12 1 0 0 0 0 0 0 0 0 0 0 0 0 
1 3 0 0 0 0 1 0 1 0 0 0 0 0 0 
3 2 1 0 0 0 0 1 0 0 0 0 0 1 0 
7 7 0 0 1 0 1 0 0 0 0 0 0 0 0 
7 3 1 0 0 0 0 0 0 0 0 0 0 1 0 
7 4 0 0 1 1 0 0 0 0 0 0 0 0 0 
6 1 1 0 0 0 0 0 1 0 0 0 0 0 1 
5 12 1 0 0 0 0 0 0 0 0 0 0 0 0 
5 6 1 0 0 0 0 0 0 0 0 1 0 0 0 
9 2 0 0 1 0 1 0 0 0 0 0 0 0 0 
9 1 1 0 0 0 0 0 1 0 0 0 0 0 0 
11 1 0 0 0 1 0 1 0 0 0 0 0 0 0 
11 15 1 0 0 0 0 0 0 0 0 0 0 0 0 
6 1 0 0 1 0 1 0 1 0 0 0 0 0 1 
8 2 1 0 1 0 0 0 0 0 0 0 0 1 0 
6 8 1 0 1 0 0 0 1 0 0 1 1 0 1 
6 3 1 0 1 0 0 0 0 0 0 1 0 0 0 
2 2 0 0 1 0 1 0 0 0 0 0 0 0 0 
2 2 0 0 0 1 0 0 0 0 0 0 0 0 0 
1 2 1 0 1 0 0 0 0 0 0 0 0 1 0 
1 1 1 0 1 0 0 0 0 0 0 1 1 0 0 
3 5 1 0 0 0 0 0 0 0 0 0 0 0 0 
7 3 0 1 1 0 0 0 0 0 0 0 0 0 0 
7 6 1 0 0 0 0 0 0 0 0 0 0 0 0 
1 1 0 0 0 1 0 1 0 0 0 0 0 0 0 
1 1 1 0 1 0 0 0 1 0 1 0 1 0 1 
1 1 1 0 0 0 0 0 0 0 0 1 0 0 0 
1 3 0 0 1 1 0 0 0 0 0 0 0 0 0 
2 3 1 0 1 0 0 0 0 0 0 0 0 0 0 
11 5 0 0 1 1 0 0 0 0 0 0 0 1 0 
12 1 1 0 1 0 0 0 0 0 0 0 0 0 0 
12 4 1 0 1 0 0 0 0 0 0 1 1 0 0 
12 3 0 0 0 0 1 0 0 0 0 0 0 0 0 
3 2 1 0 1 0 0 0 0 0 1 0 0 1 0 
3 1 0 0 1 1 0 0 0 0 0 0 0 0 0 
0 1 0 0 0 0 1 0 1 0 0 0 0 0 0 
7 1 0 0 0 1 0 1 0 1 0 0 1 0 0 
4 2 1 0 1 0 0 0 0 0 1 0 0 1 0 
7 1 1 0 1 0 0 0 1 1 0 0 0 0 1 
11 2 1 0 0 0 0 0 0 0 0 0 0 1 0 
11 5 0 0 1 0 1 0 0 0 0 0 0 0 0 
8 3 1 0 0 0 0 1 0 0 0 0 0 1 0 
8 2 1 0 0 0 0 0 0 0 0 0 0 1 0 
11 10 0 0 1 1 0 0 0 0 0 0 0 0 0 
8 5 1 0 1 0 0 0 0 0 0 1 0 0 0 
7 4 0 0 0 1 0 0 0 0 0 0 0 1 0 
5 3 1 0 0 0 0 1 0 0 0 0 0 0 0 
2 1 0 0 1 1 0 0 0 0 0 0 0 1 0 
2 1 0 0 0 0 1 0 1 0 0 0 0 0 0 
0 3 0 0 1 1 0 0 0 0 0 0 0 0 0 
5 3 1 0 1 0 0 0 0 0 1 0 0 1 0 
1 1 1 0 0 0 0 0 0 0 0 0 1 0 0 
1 1 1 0 0 0 0 1 0 0 0 0 0 0 0 
7 4 1 0 1 0 0 0 0 0 1 0 0 1 0 
3 1 1 0 0 0 0 0 0 0 0 1 0 0 0 
0 1 0 0 1 1 0 0 0 0 1 0 0 0 0 
12 1 1 0 0 0 0 0 1 0 0 0 0 0 1 
2 1 1 0 1 0 0 0 0 0 0 0 1 0 0 
4 1 1 0 1 0 0 0 0 1 1 0 0 0 0 
11 1 1 0 1 0 0 0 1 1 0 0 1 0 1 
11 6 1 0 1 0 0 0 0 0 0 1 0 0 0 
11 3 0 0 0 1 0 0 0 1 0 0 0 0 0 
3 3 1 0 0 0 0 0 0 0 0 0 0 1 0 
3 1 1 0 1 0 0 0 0 0 0 1 1 0 0 
3 2 0 0 0 1 0 0 0 0 0 0 0 0 0 
4 1 0 0 0 1 0 0 0 0 0 0 0 0 0 
9 2 1 0 0 0 0 0 0 0 0 0 0 0 0 
6 1 0 0 1 1 0 0 0 1 1 0 0 0 0 
12 2 1 0 1 0 0 0 0 0 1 0 0 0 0 
12 4 1 0 0 0 0 0 0 0 0 0 0 0 0 
6 1 0 1 1 0 0 0 0 0 0 0 0 0 0 
1 4 0 0 0 1 0 0 0 0 0 0 0 1 0 
7 4 1 0 1 0 0 0 0 0 0 0 0 0 0 
7 1 1 0 1 0 0 0 0 1 0 0 0 0 0 
5 4 1 0 1 0 0 0 1 0 0 1 1 0 1 
8 1 1 0 0 0 0 0 1 0 0 0 0 0 0 
5 3 0 0 1 1 0 0 0 0 0 0 0 1 0 
5 5 1 0 1 0 0 0 0 0 0 1 1 0 0 
11 3 1 0 0 0 0 0 1 0 0 0 0 0 1 
10 1 0 1 1 0 0 0 0 0 0 0 0 0 0 
6 1 1 0 1 0 0 0 1 1 1 0 1 0 1 
6 2 0 0 1 1 0 0 0 0 0 0 0 1 0 
4 2 1 0 1 0 0 0 0 0 1 0 0 0 0 
1 2 1 0 1 0 0 0 1 0 0 1 1 0 1 
11 2 1 0 1 0 0 0 0 1 1 0 1 0 0 
11 3 1 0 1 0 0 0 1 0 0 1 1 0 1 
8 1 0 0 0 1 0 1 0 0 0 0 0 1 0 
1 1 0 0 0 1 0 0 1 0 0 0 0 0 0 
1 1 1 0 0 0 0 0 1 0 0 0 0 0 1 
5 1 1 0 1 0 0 0 0 0 1 0 1 0 0 
11 2 0 0 0 1 0 1 1 1 0 0 1 0 1 
11 3 1 0 1 0 0 0 0 0 1 0 0 1 0 
6 1 1 0 1 0 0 0 0 0 1 0 1 0 0 
6 1 1 0 0 0 0 1 1 0 0 1 1 0 1 
4 2 0 0 1 0 1 0 0 0 0 0 0 0 0 
12 1 1 0 0 0 0 0 1 0 0 0 0 0 0 
7 2 0 0 0 1 0 0 0 0 0 0 0 0 0 
7 2 0 0 0 0 1 0 1 0 0 0 0 0 0 
7 1 1 0 1 0 0 0 1 1 1 0 1 0 1 
1 1 1 0 0 0 0 0 1 0 0 0 0 0 0 
1 1 0 0 1 0 1 0 0 0 0 0 0 0 0 
3 1 1 0 1 0 0 0 0 0 0 0 1 0 0 
3 2 1 0 1 0 0 0 1 0 0 1 1 0 1 
11 2 0 1 1 0 0 0 0 0 0 0 0 0 0 
1 1 0 0 0 1 0 0 1 0 0 0 0 0 1 
2 1 0 1 1 0 0 0 0 0 0 0 0 0 0 
11 2 1 0 1 0 0 0 0 1 0 0 0 0 0 
11 1 0 0 0 0 1 0 1 0 0 0 0 0 0 
0 1 1 0 1 0 0 0 0 1 1 0 1 0 0 
11 2 1 0 0 0 0 0 0 0 0 0 1 0 0 
12 1 0 0 0 0 1 0 1 0 0 0 0 0 0 
5 1 1 0 1 0 0 0 0 1 1 0 1 0 0 
0 3 1 0 0 0 0 0 0 0 0 0 0 0 0 
5 1 1 0 0 0 0 0 0 0 0 0 0 1 0 
0 1 0 1 1 0 0 0 0 0 0 0 0 0 0 
8 2 1 0 0 0 0 0 1 0 0 0 0 0 1 
11 1 1 0 0 0 0 0 1 0 0 0 0 0 0 
0 2 0 0 1 0 1 0 0 0 0 0 0 0 0 
0 1 1 0 0 0 0 0 1 0 0 0 0 0 1 
1 1 0 0 1 1 0 0 0 0 0 0 0 1 0 
6 1 1 0 0 0 0 0 0 0 0 0 1 0 0 
1 1 0 0 1 1 0 0 0 1 1 0 0 0 0 
11 1 1 0 1 0 0 0 0 0 1 0 1 0 0 
10 1 1 0 0 0 0 1 0 0 0 0 0 1 0 
10 2 1 0 1 0 0 0 0 0 1 0 0 0 0 
10 1 0 0 1 1 0 0 0 0 0 0 0 0 0 
5 1 1 0 0 0 0 0 0 0 0 0 1 0 0 
4 1 1 0 0 0 0 1 0 0 0 0 0 1 0 
10 1 0 0 0 0 1 0 1 0 0 0 0 0 0 
4 1 1 0 0 0 0 0 0 0 0 0 0 1 0 
8 1 0 0 0 0 1 0 1 0 0 0 0 0 0 
3 1 1 0 0 0 0 0 1 0 0 0 0 0 0 
3 1 0 0 0 1 0 0 0 0 0 0 0 1 0 
12 1 1 0 1 0 0 0 0 0 0 0 0 1 0 
12 1 0 0 0 1 0 0 0 0 0 0 0 1 0 
11 1 1 0 0 0 0 1 0 0 0 0 0 0 0 
11 2 0 0 0 1 0 1 0 0 0 0 0 1 0 
9 1 0 0 1 0 1 0 1 0 0 0 0 0 0 
6 2 1 0 0 0 0 0 0 1 0 0 1 1 0 
11 1 1 0 0 0 0 0 1 0 0 0 1 0 0 
2 1 0 0 0 1 0 0 0 0 0 0 0 1 0 
2 1 1 0 1 0 0 0 0 1 1 0 0 0 0 
10 1 0 0 0 1 0 0 0 0 0 0 0 0 0 
0
1
2
3
4
5
6
7
8
9
10
11
12
13
14
15
16
17
18
19
20
21
22
23
24
25
26
25
27
28
25
29
17
30
31
32
33
34
32
35
36
32
37
38
32
23
39
22
17
30
23
21
39
40
41
24
23
21
39
42
43
36
32
37
44
32
45
39
21
23
24
46
42
47
48
49
47
21
50
21
11
51
52
17
30
53
15
54
55
56
32
57
32
58
50
21
23
39
59
60
54
61
62
59
63
39
22
41
24
23
64
65
66
67
68
69
32
58
70
32
58
57
71
56
72
32
17
73
36
32
37
14
39
22
41
74
21
45
21
75
76
77
78
17
21
23
79
80
81
82
32
57
83
32
84
39
21
23
24
59
21
85
86
39
17
30
28
25
87
88
78
89
15
53
30
14
35
32
11
90
90
11
51
91
92
93
17
1
69
94
67
42
95
77
78
76
87
77
96
75
90
11
90
9
97
98
99
100
39
17
101
13
102
103
25
104
105
39
23
22
21
14
106
107
108
54
109
60
54
23
39
20
106
79
69
1
67
110
78
77
15
111
75
88
77
76
75
111
112
21
50
24
21
23
39
21
50
32
113
57
56
32
70
30
17
99
21
23
41
114
50
24
41
23
115
59
34
54
31
17
98
99
116
90
117
114
21
23
21
118
92
119
15
120
13
121
122
102
25
123
98
4
5
124
125
126
98
11
127
90
86
39
85
22
77
128
111
75
15
111
77
88
129
130
131
132
120
133
13
101
21
23
94
67
66
65
67
134
0
67
88
75
25
23
24
25
135
30
136
31
17
78
77
128
76
77
75
28
25
137
92
77
138
139
77
75
96
32
36
140
32
44
141
36
82
111
142
21
23
143
32
73
23
21
50
39
41
74
24
41
23
25
144
21
114
23
22
77
128
78
17
80
145
57
56
9
146
90
147
12
120
15
75
96
77
87
76
77
75
96
21
74
24
21
23
21
14
73
32
57
82
37
67
148
22
21
23
95
60
111
75
23
149
79
81
79
21
23
39
21
50
24
41
23
21
17
150
151
126
99
36
33
32
143
28
152
104
122
25
102
153
93
154
155
156
90
11
90
97
111
75
76
77
17
53
157
15
16
30
14
53
15
73
56
32
73
85
21
88
158
159
23
21
24
45
21
24
23
75
87
88
67
65
69
94
17
111
87
76
77
75
160
13
161
25
28
12
162
163
13
15
16
17
82
73
15
30
164
30
107
85
59
21
62
22
85
39
22
60
95
165
85
166
59
114
21
23
80
81
79
167
131
130
168
34
54
23
21
169
86
39
85
170
25
171
28
25
172
28
173
79
170
32
143
57
32
174
175
145
176
116
9
90
92
4
77
76
75
77
177
88
32
58
57
32
56
72
32
49
47
178
107
21
23
179
180
22
21
23
95
95
50
39
21
23
24
21
23
75
142
111
181
15
99
99
126
182
99
15
16
17
25
122
102
25
78
88
183
87
76
77
184
88
67
67
69
17
30
106
34
56
73
36
32
106
175
176
21
23
22
21
62
86
21
23
173
80
84
79
32
57
56
32
185
73
36
32
107
15
30
186
98
3
5
91
187
75
96
79
32
57
143
17
106
188
15
120
67
14
107
80
15
106
80
189
159
190
23
24
21
50
39
23
21
17
59
21
23
115
191
106
85
21
192
62
21
22
85
21
22
128
75
28
25
113
11
80
173
81
149
193
194
130
121
195
25
196
171
152
122
102
98
92
103
197
28
25
25
144
25
17
198
199
98
170
200
93
15
78
77
142
161
13
201
23
41
122
104
25
196
25
176
145
14
15
78
77
202
111
75
98
100
3
3
203
98
99
15
176
106
20
90
11
90
204
9
90
96
75
67
69
67
128
99
98
5
184
77
88
205
77
206
75
111
17
15
78
77
142
61
21
23
114
21
170
127
90
11
90
168
17
39
23
21
61
42
32
58
57
80
173
84
80
106
15
16
181
15
73
207
60
106
15
78
87
88
67
94
23
24
21
50
21
22
85
21
86
39
17
23
24
21
92
99
5
182
25
28
171
25
144
25
28
121
159
208
139
77
96
65
67
209
159
77
189
87
76
159
17
106
210
175
211
67
69
0
67
88
75
76
212
80
79
19
108
107
213
211
148
67
214
36
140
68
148
211
67
15
111
78
142
75
215
17
152
28
25
104
22
21
23
41
39
50
1
216
217
21
62
22
41
39
5
98
218
22
21
85
78
88
24
21
23
219
46
180
22
21
85
161
17
56
140
32
57
141
143
220
99
118
5
32
82
70
32
58
57
32
71
160
75
77
5
3
99
20
149
106
17
15
78
221
142
78
30
15
222
223
224
225
80
15
78
77
96
183
226
17
30
227
223
47
42
114
21
23
24
41
96
111
75
193
228
17
30
78
76
87
142
177
75
49
80
79
84
80
176
11
90
90
117
90
15
16
17
71
73
229
32
96
75
77
100
12
132
163
120
201
15
16
17
30
31
230
13
231
159
208
139
78
190
142
177
41
23
39
21
45
22
21
15
93
13
17
168
130
131
232
167
233
32
56
57
32
205
96
77
184
138
102
25
122
34
54
78
139
75
234
202
190
111
139
75
160
67
65
69
67
94
235
54
236
111
54
60
237
85
22
21
142
78
77
76
87
238
142
77
78
23
58
32
72
58
39
23
21
59
62
21
23
39
59
17
30
31
136
34
165
54
15
78
89
235
75
90
11
30
17
168
41
23
39
21
45
21
24
23
21
114
239
90
240
11
90
127
195
152
39
23
21
59
62
21
23
115
237
17
25
103
102
25
144
25
171
5
21
39
50
21
85
22
17
30
16
15
75
96
32
73
36
32
35
38
32
214
216
67
96
75
87
76
77
87
88
75
5
98
17
16
30
15
241
21
114
