1329 13 215 10 1 14
2 3 1
1 15 1
2 3 1
1 6 1
1 5 1
1 10 0
1 3 0
1 6 0
1 3 0
1 6 0
1 8 0
1 3 0
1 15 0
0 84 1 0 1 0 0 0 0 0 0 0 0 0 0 
1 36 1 0 1 0 0 0 0 0 0 0 0 0 0 
1 2 0 0 0 1 0 0 0 0 1 0 0 1 0 
2 6 1 0 1 0 0 0 0 0 0 1 1 0 0 
2 60 1 0 1 0 0 0 0 0 0 0 0 0 0 
2 14 0 0 0 0 1 0 0 0 0 0 0 0 0 
3 1 0 0 0 1 0 0 0 0 1 0 0 1 0 
4 47 1 0 1 0 0 0 0 0 0 0 0 0 0 
5 8 0 1 1 0 0 0 0 0 0 0 0 0 0 
5 28 1 0 1 0 0 0 0 0 0 0 0 0 0 
2 11 1 0 0 0 0 0 0 0 0 0 0 0 0 
2 14 0 0 1 0 1 0 0 0 0 0 0 0 0 
2 16 1 0 1 0 0 0 0 1 0 1 1 0 0 
6 8 1 0 0 0 0 0 0 0 0 0 0 0 0 
6 1 0 0 1 1 0 0 0 0 0 0 0 0 0 
6 3 1 0 0 0 0 0 0 0 1 0 0 1 0 
6 10 0 0 1 0 1 0 0 0 0 0 0 0 0 
6 21 1 0 1 0 0 0 0 0 0 0 0 0 0 
0 27 1 0 0 0 0 0 0 0 0 0 0 0 0 
0 37 0 0 1 0 1 0 0 0 0 0 0 0 0 
2 19 0 0 1 1 0 0 0 0 0 0 1 0 0 
7 2 1 0 0 0 0 0 0 0 1 0 0 1 0 
8 43 1 0 1 0 0 0 0 0 0 0 0 0 0 
8 8 0 0 0 0 1 0 0 0 0 0 0 0 0 
8 7 1 0 1 0 0 0 0 0 0 1 0 0 0 
8 1 0 0 0 1 0 0 0 0 1 0 0 1 0 
8 6 0 0 0 0 1 0 1 0 0 0 0 0 0 
8 12 1 0 0 0 0 0 0 0 0 0 0 0 0 
2 3 0 0 1 1 0 0 0 0 1 0 1 1 0 
1 5 1 0 1 0 0 0 0 0 0 1 0 0 0 
9 3 0 0 0 0 1 0 0 0 0 0 0 0 0 
9 36 1 0 1 0 0 0 0 0 0 0 0 0 0 
9 1 1 0 0 0 0 0 0 0 1 0 0 1 0 
10 39 0 1 1 0 0 0 0 0 0 0 0 0 0 
10 30 1 0 1 0 0 0 0 0 0 0 0 0 0 
6 7 1 0 0 0 0 0 0 0 0 1 0 0 0 
2 8 1 0 1 0 0 0 0 0 0 0 1 0 0 
2 11 0 0 1 1 0 0 0 0 0 0 0 0 0 
8 9 1 0 0 0 0 0 0 0 1 0 0 1 0 
8 19 0 0 1 0 1 0 0 0 0 0 0 0 0 
8 4 1 0 0 0 0 0 1 0 0 1 0 0 0 
4 1 1 0 0 0 0 1 0 0 0 0 0 0 0 
4 12 1 0 0 0 0 0 0 0 1 0 0 1 0 
4 19 0 0 1 0 1 0 0 0 0 0 0 0 0 
4 2 0 1 1 0 0 0 0 0 0 0 0 0 0 
0 6 1 0 0 0 0 0 0 0 0 1 0 0 0 
9 19 1 0 0 0 0 0 0 0 0 0 0 0 0 
9 3 0 0 1 1 0 0 0 0 1 0 0 1 0 
0 22 1 0 0 0 0 0 0 0 1 0 0 1 0 
11 4 0 0 1 1 0 0 0 0 0 0 1 0 0 
11 6 1 0 0 0 0 0 0 0 0 0 0 0 0 
11 18 1 0 1 0 0 0 0 0 0 0 0 0 0 
11 12 0 0 1 0 1 0 0 0 0 0 0 0 0 
10 27 1 0 0 0 0 0 0 0 1 0 0 1 0 
6 10 0 0 0 0 1 0 1 0 0 0 0 0 0 
2 5 0 0 0 1 0 0 0 0 1 0 1 1 0 
2 8 1 0 0 0 0 0 0 0 1 0 0 1 0 
4 8 1 0 0 0 0 0 0 0 0 0 0 0 0 
4 3 1 0 0 0 0 0 0 0 0 1 0 0 0 
2 8 0 0 0 1 0 0 0 0 0 0 1 0 0 
7 15 1 0 1 0 0 0 0 0 0 0 0 0 0 
7 7 1 0 0 0 0 0 0 0 0 1 0 0 0 
2 3 0 1 1 0 0 0 0 0 0 0 0 0 0 
0 9 0 0 0 0 1 0 1 0 0 0 0 0 0 
7 14 1 0 0 0 0 0 0 0 0 0 0 0 0 
7 5 0 0 1 1 0 0 0 0 0 0 1 0 0 
7 4 1 0 0 0 0 0 1 0 0 1 0 0 0 
5 10 0 0 1 0 1 0 0 0 0 0 0 0 0 
6 2 1 0 0 0 0 1 0 0 0 0 0 0 0 
0 20 0 0 0 0 1 0 0 0 0 0 0 0 0 
0 3 0 1 1 0 0 0 0 0 0 0 0 0 0 
2 2 1 0 1 0 0 0 0 0 1 0 0 1 0 
2 3 0 0 0 1 0 0 0 0 0 0 0 0 0 
6 2 1 0 1 0 0 0 0 0 1 0 0 1 0 
6 8 0 0 0 0 1 0 0 0 0 0 0 0 0 
1 3 0 0 1 1 0 0 0 0 0 0 1 0 0 
1 1 1 0 0 0 0 0 1 0 0 1 0 0 0 
8 2 1 0 0 0 0 1 0 0 0 0 0 0 0 
8 1 0 0 1 1 0 0 0 1 1 0 1 1 0 
9 2 1 0 1 0 0 0 1 0 0 0 1 0 1 
9 7 0 0 1 0 1 0 0 0 0 0 0 0 0 
9 1 1 0 0 0 0 1 0 0 0 1 0 0 0 
4 6 0 0 0 0 1 0 1 0 0 0 0 0 0 
4 4 0 0 1 1 0 0 0 0 0 0 1 0 0 
4 1 1 0 1 0 0 0 1 0 0 0 0 0 0 
3 1 0 0 0 0 1 0 0 0 0 0 0 0 0 
3 5 1 0 1 0 0 0 0 0 0 0 0 0 0 
11 1 0 0 0 1 0 0 0 0 1 0 1 1 0 
6 5 1 0 0 0 0 0 1 0 0 1 0 0 0 
7 2 0 0 1 1 0 0 0 0 1 0 0 1 0 
7 2 1 0 1 0 0 0 0 0 0 0 1 0 0 
0 2 0 0 1 1 0 0 0 0 0 0 0 0 0 
2 2 1 0 0 0 0 1 0 0 0 0 0 0 0 
9 2 0 0 1 1 0 0 1 0 0 0 1 0 1 
1 5 1 0 0 0 0 0 0 0 1 0 0 1 0 
12 8 1 0 1 0 0 0 0 0 0 0 0 0 0 
12 1 0 0 0 0 1 0 1 0 0 0 0 0 0 
2 10 0 0 1 1 0 0 0 0 1 0 0 1 0 
0 1 0 0 0 0 1 0 1 0 0 0 0 0 1 
11 1 0 0 0 1 0 0 0 0 0 0 1 0 0 
10 1 1 0 0 0 0 0 0 0 0 1 0 0 0 
10 5 1 0 1 0 0 0 0 0 1 0 0 1 0 
11 5 0 0 0 0 1 0 1 0 0 0 0 0 0 
1 3 1 0 1 0 0 0 0 0 0 0 1 0 0 
1 4 0 0 1 1 0 0 0 0 0 0 0 0 0 
1 3 0 0 1 1 0 0 0 0 1 0 1 1 0 
1 1 1 0 1 0 0 0 1 0 0 0 1 0 1 
1 17 1 0 0 0 0 0 0 0 0 0 0 0 0 
1 9 0 0 1 1 0 0 0 0 1 0 0 1 0 
12 5 0 0 0 0 1 0 0 0 0 0 0 0 0 
0 3 1 0 1 0 0 0 0 1 0 1 1 0 0 
9 6 1 0 0 0 0 0 0 0 0 1 0 0 0 
9 4 0 0 1 1 0 0 0 0 0 0 1 0 0 
0 5 1 0 1 0 0 0 0 0 1 0 0 1 0 
8 2 0 0 0 1 0 0 0 0 0 0 1 0 0 
8 1 0 0 1 1 0 0 1 0 0 0 1 0 1 
2 3 0 0 0 1 0 0 0 0 1 0 0 1 0 
6 1 0 1 1 0 0 0 0 0 0 0 0 0 0 
2 6 0 0 1 1 0 0 1 0 0 0 1 0 1 
9 8 0 0 0 0 1 0 1 0 0 0 0 0 0 
6 1 0 0 0 1 0 1 0 0 0 0 0 0 0 
6 1 1 0 1 0 0 0 0 0 0 1 0 0 0 
4 3 0 0 0 1 0 0 0 0 0 0 1 0 0 
8 6 1 0 0 0 0 0 0 0 0 1 0 0 0 
8 6 1 0 1 0 0 0 0 0 0 0 1 0 0 
8 3 0 0 0 1 0 0 0 0 0 0 0 0 0 
0 1 1 0 0 0 0 0 1 0 0 1 0 0 0 
7 1 0 0 0 1 0 0 0 0 1 0 1 1 0 
9 1 0 0 0 1 0 0 0 0 1 0 1 1 0 
1 5 1 0 0 0 0 0 0 0 0 1 0 0 0 
5 1 1 0 0 0 0 0 0 0 0 1 0 0 0 
5 1 0 0 1 1 0 0 0 0 0 0 1 0 0 
8 1 0 0 0 1 0 1 0 0 1 0 0 1 0 
2 2 1 0 1 0 0 0 1 0 0 0 1 0 1 
8 4 0 0 1 1 0 0 0 0 1 0 0 1 0 
0 6 1 0 0 0 0 1 0 0 0 1 0 0 0 
3 1 0 0 1 1 0 0 0 0 1 0 0 1 0 
10 1 0 0 1 1 0 0 0 0 0 0 1 0 0 
8 1 0 0 1 1 0 0 0 0 0 0 1 0 0 
8 2 1 0 1 0 0 0 0 0 1 0 0 1 0 
8 1 0 0 0 1 0 0 1 0 0 0 1 0 1 
0 3 1 0 0 0 0 1 0 0 0 0 0 0 0 
6 1 0 0 1 1 0 0 0 0 1 0 1 1 0 
4 2 1 0 1 0 0 0 0 0 1 0 0 1 0 
11 2 0 0 0 0 1 0 0 0 0 0 0 0 0 
7 1 1 0 1 0 0 0 1 0 0 0 0 0 1 
7 1 0 0 0 1 0 1 0 0 1 0 0 1 0 
9 3 0 0 1 1 0 0 0 0 0 0 0 0 0 
9 3 1 0 1 0 0 0 0 0 0 0 1 0 0 
3 2 1 0 0 0 0 0 0 0 0 1 0 0 0 
3 1 0 0 1 0 1 0 0 0 0 0 0 0 0 
10 1 1 0 0 0 0 1 0 0 0 0 0 0 0 
4 3 0 0 1 1 0 0 0 0 1 0 0 1 0 
10 2 1 0 0 0 0 0 0 0 0 0 0 0 0 
10 2 0 0 1 0 1 0 0 0 0 0 0 0 0 
10 1 1 0 1 0 0 0 0 0 0 1 0 0 0 
11 3 1 0 0 0 0 0 0 0 0 1 0 0 0 
0 5 1 0 1 0 0 0 0 0 0 0 1 0 0 
12 1 0 0 1 1 0 0 0 0 1 0 0 1 0 
12 2 1 0 0 0 0 0 0 0 0 1 0 0 0 
2 1 0 0 0 1 0 0 0 1 1 0 1 1 0 
2 1 0 0 1 1 0 0 1 0 0 0 0 0 1 
2 2 1 0 0 0 0 0 1 0 0 0 0 0 0 
4 2 1 0 0 0 0 0 1 0 0 0 0 0 0 
9 1 1 0 1 0 0 0 0 0 0 1 0 0 0 
7 1 0 0 0 1 0 0 0 0 0 0 0 0 0 
9 1 1 0 0 0 0 0 1 0 0 0 0 0 1 
4 1 1 0 1 0 0 0 0 0 0 0 1 0 0 
3 1 0 1 1 0 0 0 0 0 0 0 0 0 0 
2 1 1 0 0 0 0 1 0 0 0 1 0 0 0 
3 1 1 0 1 0 0 0 1 0 0 0 0 0 0 
3 1 0 0 0 1 0 0 0 0 1 0 1 1 0 
2 2 1 0 1 0 0 0 1 0 0 0 0 0 1 
2 2 0 0 0 0 1 0 1 0 0 0 0 0 0 
2 2 1 0 0 0 0 0 0 0 0 1 0 0 0 
2 1 0 0 0 1 0 1 0 0 1 0 1 1 0 
0 3 0 0 0 1 0 0 0 0 0 0 0 0 0 
6 1 0 0 0 1 0 0 0 0 0 0 0 0 0 
8 1 0 0 1 1 0 0 0 1 0 0 1 0 0 
5 1 0 0 1 1 0 0 0 0 1 0 0 1 0 
5 1 1 0 0 0 0 0 0 0 0 0 0 0 0 
0 2 0 0 1 1 0 0 0 0 1 0 0 1 0 
6 1 0 0 0 1 0 0 0 0 1 0 1 1 0 
8 1 1 0 0 0 0 0 1 0 0 0 0 0 1 
8 1 0 0 1 1 0 0 0 0 0 0 0 0 0 
11 1 1 0 1 0 0 0 0 0 0 0 1 0 0 
6 1 0 0 1 1 0 0 1 0 0 0 1 0 1 
1 2 1 0 0 0 0 1 0 0 0 0 0 0 0 
4 1 1 0 0 0 0 0 1 0 0 1 0 0 0 
4 1 0 0 0 1 0 0 1 0 0 0 1 0 1 
4 1 0 0 0 0 1 0 0 0 0 0 0 0 0 
2 1 1 0 0 0 0 0 1 0 0 1 0 0 0 
7 1 1 0 0 0 0 1 1 0 0 0 0 0 0 
9 1 0 0 0 1 0 0 0 0 0 0 0 0 0 
9 1 1 0 0 0 0 0 1 0 0 1 0 0 0 
0 1 1 0 0 0 0 0 1 0 0 0 0 0 0 
0 1 0 0 1 1 0 0 0 0 0 0 1 0 0 
0 2 1 0 1 0 0 0 1 0 0 0 0 0 0 
7 1 0 0 0 1 0 0 0 0 0 0 1 0 0 
1 2 1 0 1 0 0 0 0 0 1 0 0 1 0 
1 1 0 0 0 1 0 0 0 0 0 0 1 0 0 
12 1 0 1 1 0 0 0 0 0 0 0 0 0 0 
2 1 1 0 0 0 0 0 0 0 0 0 1 0 0 
1 1 0 0 0 1 0 0 1 0 0 0 1 0 1 
1 1 0 0 0 1 0 0 0 0 1 0 1 1 0 
0 1 1 0 0 0 0 0 0 0 0 0 1 0 0 
7 1 0 0 1 1 0 0 0 1 1 0 1 1 0 
10 1 0 0 0 1 0 0 0 0 0 0 0 0 0 
5 1 0 0 1 0 1 0 1 0 0 0 0 0 1 
11 1 0 0 0 1 0 0 0 0 0 0 0 0 0 
9 1 0 0 0 1 0 0 0 1 0 0 1 0 0 
4 1 0 0 1 1 0 0 0 0 1 0 1 1 0 
2 1 0 0 1 1 0 0 0 1 0 0 1 0 0 
6 1 0 0 0 1 0 0 0 0 0 0 1 0 0 
5 1 1 0 1 0 0 0 1 0 0 0 0 0 0 
0
1
2
3
4
5
4
3
6
7
7
5
4
3
8
9
10
11
12
13
14
15
16
17
18
0
19
18
20
21
22
23
24
22
25
22
22
26
22
27
20
4
5
4
10
28
29
30
31
32
33
34
35
16
36
37
38
22
39
40
22
20
41
42
43
7
42
44
36
4
5
4
28
45
0
19
46
31
47
46
31
19
48
0
49
50
51
52
53
34
33
54
17
31
55
4
4
5
12
56
37
7
57
7
43
58
4
59
9
9
54
60
61
62
4
55
0
63
0
0
18
0
19
64
65
60
66
67
9
68
49
0
69
0
48
70
0
12
5
4
71
72
36
16
35
73
74
13
75
1
76
8
22
77
39
22
40
78
27
22
23
22
4
59
9
27
39
40
22
37
46
79
80
81
31
33
53
7
82
7
83
58
84
85
86
51
87
51
51
16
88
34
33
64
89
90
66
19
0
48
91
0
45
0
19
48
0
20
92
4
8
50
52
51
46
93
31
15
54
17
4
55
4
11
94
95
96
12
97
18
0
98
9
9
99
51
51
74
13
31
33
100
101
102
103
104
94
1
80
46
1
105
18
19
0
48
33
34
45
19
106
107
108
1
109
95
48
110
19
53
34
33
38
39
31
111
112
31
46
31
80
46
93
111
113
19
18
0
33
53
39
114
24
22
26
22
38
115
27
24
73
26
22
22
116
12
4
5
4
56
20
4
5
4
117
35
118
64
60
52
50
12
37
46
31
119
31
107
105
29
107
1
19
18
4
118
48
19
0
53
33
34
53
19
17
120
17
17
74
121
7
122
7
82
7
33
123
22
23
22
124
125
113
0
126
69
0
0
127
60
60
102
31
31
128
31
0
63
0
33
53
9
67
129
103
108
107
1
1
54
9
130
9
131
94
1
43
129
1
132
22
22
26
124
33
18
0
63
0
97
10
12
5
4
4
72
133
74
34
33
111
31
47
46
124
39
123
22
134
27
39
60
61
39
27
20
4
38
39
22
27
134
39
27
24
39
38
4
62
59
4
51
102
7
58
20
38
22
39
27
1
104
107
33
101
102
7
7
122
7
7
42
43
7
42
83
135
19
0
18
136
18
0
69
34
33
53
137
34
53
67
60
64
97
79
30
31
7
57
39
77
138
22
27
23
22
139
59
22
123
39
1
107
108
1
107
39
38
12
37
10
34
33
53
34
140
95
95
109
21
60
65
64
0
19
48
34
33
53
34
19
48
12
37
141
0
19
48
104
29
124
26
22
22
125
24
22
23
124
2
1
1
54
9
8
27
124
39
107
104
1
15
16
17
88
142
7
82
7
143
144
51
145
146
60
66
11
36
10
28
4
119
101
33
35
31
80
46
147
148
149
150
34
151
152
57
43
7
153
33
53
154
155
53
20
0
119
31
31
46
112
51
156
52
4
10
37
133
56
11
1
129
108
0
69
48
157
95
109
95
158
159
22
26
7
7
160
4
54
101
33
13
16
35
118
113
18
19
0
18
97
12
141
19
0
48
37
3
56
43
7
42
161
4
5
162
4
12
116
9
31
119
31
147
46
148
80
111
31
147
18
0
69
0
157
63
135
91
0
53
33
34
53
43
163
7
20
164
119
31
31
64
118
11
53
34
33
135
0
19
18
22
37
10
3
11
64
60
165
7
7
74
17
13
97
12
69
48
0
70
48
19
0
166
112
31
46
43
7
57
152
167
82
86
149
33
0
69
0
4
59
9
67
111
47
31
46
67
9
50
49
51
102
86
168
169
4
11
56
118
0
45
69
86
170
171
86
16
88
34
33
64
90
52
129
1
108
107
1
39
123
114
22
22
23
139
123
20
4
5
4
33
42
163
43
36
72
48
0
19
135
1
105
107
43
7
42
33
34
156
52
51
56
37
4
12
5
172
97
68
17
74
3
4
55
4
4
173
4
174
97
36
18
19
0
18
70
0
48
11
4
4
175
95
159
43
7
42
43
7
42
37
36
35
16
1
107
75
94
1
8
63
0
176
0
157
54
17
17
177
17
52
50
24
178
48
19
18
9
8
135
19
46
112
46
31
119
31
107
108
0
69
110
0
69
0
179
180
9
9
67
61
65
64
0
19
48
0
157
69
34
33
53
34
109
1
108
107
1
69
110
0
181
18
19
0
48
0
19
88
182
0
0
69
22
183
184
22
123
52
185
53
33
34
23
22
134
40
22
43
64
60
20
61
9
67
46
31
119
9
9
8
94
75
1
92
11
4
162
20
4
35
16
17
13
17
186
13
74
1
1
187
33
0
69
0
4
59
113
0
69
1
107
20
17
54
9
34
33
53
52
4
10
20
42
7
82
7
22
125
22
23
22
24
38
20
11
56
62
7
188
43
7
189
57
7
190
61
22
134
27
22
39
191
20
7
42
43
1
107
20
34
53
33
67
192
60
89
64
7
43
57
12
4
59
4
4
173
4
4
59
0
48
19
1
1
193
31
30
148
194
33
34
53
19
0
10
12
97
18
0
19
48
195
196
0
135
19
34
53
33
34
38
39
22
55
0
197
18
67
9
198
51
51
144
31
31
119
199
200
1
201
45
19
0
18
97
172
202
11
4
174
97
36
95
109
7
7
42
83
7
69
0
0
63
0
176
0
0
63
199
1
203
29
52
53
33
4
5
71
20
18
0
19
141
1
204
1
0
69
0
18
49
52
156
51
33
48
19
0
205
181
18
197
0
69
7
7
82
7
83
18
0
63
0
33
53
9
67
64
206
61
60
19
18
0
207
9
208
9
18
69
4
116
12
4
5
4
4
209
51
51
63
0
113
210
31
111
80
31
46
122
143
7
43
57
44
7
211
153
34
53
154
34
61
65
60
64
43
7
66
65
60
64
33
101
54
17
108
129
103
43
107
1
108
187
11
7
57
152
0
45
19
157
176
0
0
69
29
107
118
53
34
33
13
17
16
88
17
212
10
11
4
4
10
4
11
56
20
33
53
34
80
46
31
17
54
17
17
213
51
52
50
214
8
9
74
9
9
