1319 13 266 10 0 49
1 2 1
1 10 1
1 2 1
1 3 1
1 50 1
1 8 1
1 40 0
1 7 0
1 50 0
1 40 0
1 5 0
1 25 0
1 40 0
4 11 0 0 1 1 0 0 0 0 0 0 0 0 0 
4 3 0 1 1 0 0 0 0 1 0 0 1 0 0 
4 6 1 0 0 0 0 1 0 0 0 0 0 0 0 
4 17 1 0 1 0 0 0 0 0 0 0 0 0 0 
4 3 1 0 1 0 0 0 0 0 0 0 0 1 0 
4 4 0 0 1 1 0 0 0 0 0 0 1 0 0 
4 2 0 1 0 0 0 0 0 1 0 0 0 0 0 
4 3 1 0 1 0 0 0 0 0 0 0 1 0 0 
4 1 0 0 0 1 0 0 1 1 0 0 0 0 0 
4 2 0 0 1 1 0 0 0 1 0 0 1 0 0 
4 2 1 0 0 0 0 0 0 0 0 0 0 0 0 
4 6 0 0 0 1 0 0 0 0 0 0 0 0 0 
4 5 0 0 1 0 1 0 0 0 0 0 0 0 0 
3 2 1 0 0 0 0 0 0 0 0 0 0 0 0 
0 43 0 0 1 1 0 0 0 0 0 0 1 0 0 
0 93 1 0 1 0 0 0 0 0 0 0 0 0 0 
0 31 1 0 0 0 0 1 0 0 0 0 0 0 0 
0 5 0 0 0 1 0 0 0 0 1 0 0 0 0 
0 12 1 0 1 0 0 0 0 0 0 0 1 0 0 
0 6 0 0 1 1 0 0 0 1 0 0 0 0 0 
0 7 1 0 0 0 0 0 0 0 0 0 0 0 0 
12 2 0 1 0 0 0 1 0 0 0 0 0 0 0 
12 33 1 0 1 0 0 0 0 0 0 0 0 0 0 
12 16 1 0 0 0 0 0 0 1 0 0 0 0 0 
12 1 1 0 0 0 0 0 0 0 0 0 0 0 0 
12 13 1 0 0 0 0 1 0 0 0 0 0 0 0 
12 1 0 1 0 0 0 0 0 1 0 0 0 1 0 
11 33 1 0 1 0 0 0 0 0 0 0 0 0 0 
11 1 0 0 0 1 0 0 1 1 0 0 0 0 0 
11 3 1 0 0 0 0 0 0 0 0 0 0 0 0 
11 3 0 0 1 1 0 0 0 0 0 0 1 0 0 
11 1 0 0 1 1 0 0 0 0 1 0 0 0 0 
12 3 0 1 1 0 0 0 0 1 0 0 1 0 0 
12 3 1 0 1 0 0 0 0 1 0 0 0 0 0 
10 1 0 0 1 0 1 0 0 0 0 0 0 0 0 
10 6 1 0 1 0 0 0 0 0 0 0 0 0 0 
10 5 1 0 0 0 0 1 0 0 0 0 0 0 0 
10 1 1 0 0 0 0 0 0 0 0 0 0 1 0 
10 2 1 0 1 0 0 0 0 1 0 0 0 0 0 
10 1 0 1 0 0 0 0 0 0 0 0 0 0 0 
10 1 1 0 0 0 0 0 1 0 0 0 0 0 0 
12 4 1 0 1 0 0 0 0 0 0 0 1 0 0 
12 1 0 1 1 0 0 0 0 1 0 0 0 0 0 
11 1 0 0 1 1 0 0 0 0 0 1 1 0 0 
11 5 0 0 0 1 0 0 0 0 0 0 0 0 0 
11 1 1 0 1 0 0 0 0 0 0 0 1 1 0 
11 1 0 0 0 1 0 0 0 1 0 0 0 0 0 
11 2 0 0 1 1 0 0 0 0 0 0 0 0 0 
12 1 0 1 1 0 0 0 0 0 0 0 0 0 0 
9 3 1 0 1 0 0 0 0 0 0 0 1 0 0 
9 2 0 0 0 1 0 0 0 0 1 0 0 0 0 
9 31 1 0 1 0 0 0 0 0 0 0 0 0 0 
9 10 1 0 0 0 0 1 0 0 0 0 0 0 0 
9 1 0 1 1 0 0 0 0 0 0 0 0 1 0 
9 9 1 0 0 0 0 0 0 0 0 0 0 0 0 
9 1 0 0 1 1 0 0 0 1 0 0 1 0 0 
9 1 1 0 0 0 0 0 1 0 0 0 0 0 0 
9 5 0 0 0 1 0 0 0 0 0 0 0 0 0 
12 2 1 0 0 0 0 0 1 0 0 0 0 0 0 
11 1 0 0 1 1 0 0 0 0 1 0 1 0 0 
11 5 1 0 1 0 0 0 0 0 0 0 0 1 0 
11 1 0 1 1 0 0 0 0 0 0 0 0 0 0 
11 1 1 0 1 0 0 0 0 0 0 0 1 0 0 
12 1 0 1 1 0 0 0 0 0 0 1 1 1 0 
10 6 1 0 0 0 0 0 0 1 0 0 0 0 0 
10 2 0 1 1 0 0 0 0 0 0 0 0 0 0 
12 1 0 1 0 0 0 0 0 0 0 0 0 1 0 
11 1 0 1 1 0 0 0 0 1 0 0 0 0 0 
11 1 1 0 0 0 0 0 1 0 0 0 0 0 0 
8 27 1 0 0 0 0 1 0 0 0 0 0 0 0 
8 1 0 0 0 1 0 0 0 0 1 0 0 0 0 
8 2 1 0 1 0 0 1 0 0 0 0 0 0 0 
8 15 1 0 0 0 0 0 0 1 0 0 0 0 0 
8 4 0 0 1 1 0 0 0 0 0 0 1 0 0 
8 4 1 0 0 0 0 0 0 0 0 0 0 0 0 
8 2 0 1 1 0 0 0 0 0 0 0 0 0 0 
8 2 1 0 0 0 0 1 0 0 0 1 0 0 0 
11 1 0 1 1 0 0 0 0 1 0 0 1 0 0 
9 1 1 0 1 0 0 1 0 0 0 0 0 0 0 
9 2 0 0 1 1 0 0 0 1 0 0 0 0 0 
9 1 0 0 1 1 0 0 0 0 0 0 0 0 0 
9 1 0 1 1 0 0 0 0 1 0 0 1 0 0 
11 1 0 0 0 1 0 0 1 0 0 0 0 0 0 
7 4 1 0 1 0 0 0 0 0 0 0 1 0 0 
7 1 0 0 1 1 0 0 0 0 0 0 1 0 0 
7 3 1 0 0 0 0 0 0 0 0 0 0 0 0 
9 2 0 1 0 0 0 0 0 0 0 0 0 1 0 
9 2 0 0 0 1 0 0 0 1 0 0 0 0 0 
9 7 0 0 1 1 0 0 0 0 0 0 1 0 0 
9 1 0 1 0 0 0 0 0 0 0 0 0 0 0 
8 2 0 0 0 1 0 0 1 1 0 0 0 0 0 
8 2 0 0 1 1 0 0 0 0 1 1 1 0 0 
8 5 0 0 0 1 0 0 0 0 0 0 0 0 0 
8 8 1 0 1 0 0 0 0 0 0 0 0 0 0 
8 12 0 0 0 1 0 0 0 1 0 0 0 0 0 
9 1 0 1 0 0 0 0 0 1 0 0 0 0 0 
6 3 0 0 1 1 0 0 0 1 0 0 1 0 0 
6 33 1 0 0 0 0 1 0 0 0 0 0 0 0 
6 27 1 0 1 0 0 0 0 0 0 0 0 0 0 
6 25 0 0 1 1 0 0 0 0 0 0 0 0 0 
6 38 1 0 0 0 0 0 0 0 0 0 0 0 0 
6 27 0 0 1 1 0 0 0 0 0 0 1 0 0 
9 2 0 1 1 0 0 0 0 0 0 0 1 0 0 
9 1 0 0 0 1 0 0 1 0 0 0 0 0 0 
8 3 0 0 1 1 0 0 0 1 0 0 1 0 0 
8 1 0 1 0 0 0 0 0 0 0 0 0 1 0 
8 1 0 0 1 1 0 0 0 0 0 1 0 0 0 
8 5 1 0 1 0 0 0 0 0 0 0 1 0 0 
8 2 0 0 1 1 0 0 0 0 0 0 0 0 0 
8 2 1 0 1 0 0 0 0 1 0 0 0 0 0 
9 1 0 1 0 0 0 0 1 0 0 0 0 0 0 
9 1 1 0 1 0 0 0 0 1 0 0 1 0 0 
5 2 0 1 1 0 0 0 0 0 0 0 0 0 0 
5 2 1 0 0 0 0 1 0 0 0 0 0 0 0 
5 1 0 0 1 0 1 0 0 0 0 0 0 0 0 
5 1 0 1 0 0 0 0 0 1 0 0 0 0 0 
9 1 1 0 0 0 0 0 0 0 0 0 0 1 0 
8 2 0 1 0 0 0 0 0 1 0 0 0 0 0 
8 3 0 1 0 0 0 0 0 0 0 0 0 0 0 
9 1 0 1 0 0 0 0 1 0 0 0 0 1 0 
6 12 0 0 0 1 0 0 0 1 0 0 0 0 0 
6 5 0 0 0 1 0 0 0 0 0 0 0 0 0 
8 2 0 0 1 1 0 0 0 1 0 0 0 0 0 
8 1 0 1 1 0 0 0 0 0 0 0 0 1 0 
4 1 0 0 1 1 0 0 0 1 1 0 0 0 0 
4 1 0 1 0 0 0 0 0 0 0 0 0 0 0 
4 2 0 0 1 1 0 0 0 1 0 0 0 0 0 
6 5 1 0 1 0 0 0 0 0 0 0 1 0 0 
6 1 0 0 1 1 0 0 0 1 1 0 1 0 0 
8 1 1 0 0 0 0 1 1 0 0 1 0 1 0 
8 1 0 1 1 0 0 0 0 1 0 0 1 0 0 
3 26 0 0 1 0 1 0 0 0 0 0 0 0 0 
3 2 0 0 1 1 0 0 0 0 0 0 0 0 0 
3 6 1 0 0 0 0 1 0 0 0 0 0 0 0 
3 1 0 1 1 0 0 0 0 0 0 0 0 0 0 
8 1 1 0 0 0 0 0 0 0 0 0 0 1 0 
8 1 0 1 1 0 0 0 0 0 0 0 1 0 0 
6 1 0 0 0 1 0 0 0 0 1 1 0 0 0 
8 1 0 0 0 1 0 0 1 0 0 0 0 0 0 
4 2 0 1 1 0 0 0 0 0 0 0 0 0 0 
8 1 1 0 0 0 0 1 0 0 0 1 0 1 0 
8 2 0 1 1 0 0 0 0 1 0 0 0 0 0 
8 1 1 0 1 0 0 0 1 0 0 0 0 0 0 
1 4 1 0 1 0 0 0 0 0 0 0 1 0 0 
1 27 0 0 1 1 0 0 0 0 0 0 0 0 0 
1 37 1 0 1 0 0 0 0 0 0 0 0 0 0 
1 1 0 0 1 1 0 0 0 0 1 0 0 0 0 
1 2 1 0 1 0 0 0 0 1 0 0 0 0 0 
1 19 0 0 1 1 0 0 0 0 0 0 1 0 0 
6 2 1 0 1 0 0 1 0 0 0 0 0 0 0 
6 1 0 0 0 1 0 0 0 0 0 1 0 0 0 
3 2 0 1 1 0 0 0 0 0 0 0 1 1 0 
3 9 1 0 1 0 0 0 0 0 0 0 0 0 0 
3 1 1 0 0 0 0 0 1 0 0 0 0 0 0 
0 35 0 0 1 1 0 0 0 0 0 0 0 0 0 
0 3 0 1 0 0 0 0 0 1 0 0 0 0 0 
0 10 0 0 0 1 0 0 0 0 0 0 0 0 0 
0 5 1 0 1 0 0 0 0 0 0 0 0 1 0 
0 2 0 0 1 1 0 0 0 1 0 0 1 0 0 
6 2 0 0 0 1 0 0 0 0 1 0 0 0 0 
6 1 0 1 1 0 0 0 0 1 0 0 0 0 0 
6 2 0 0 1 1 0 0 0 0 0 1 1 0 0 
6 1 0 1 0 0 0 0 1 0 0 0 0 0 0 
6 3 1 0 1 0 0 0 0 0 0 0 1 1 0 
1 2 0 0 1 1 0 0 0 1 0 0 0 0 0 
6 3 0 1 0 0 0 0 0 0 0 0 0 0 0 
0 21 1 0 0 0 0 0 0 1 0 0 0 0 0 
0 4 1 0 0 0 0 0 1 0 0 0 0 0 0 
0 1 0 0 1 1 0 0 0 0 1 1 0 0 0 
0 2 0 1 1 0 0 0 0 1 0 0 0 0 0 
1 1 0 1 1 0 0 0 0 1 0 0 0 0 0 
0 1 0 1 1 0 0 0 1 0 0 0 0 0 0 
6 1 0 0 1 1 0 0 0 1 0 0 0 0 0 
1 2 0 0 1 1 0 0 0 0 1 0 1 0 0 
1 5 1 0 0 0 0 0 0 1 0 0 0 0 0 
1 7 1 0 0 0 0 1 0 0 0 0 0 0 0 
6 1 0 1 1 0 0 0 0 1 0 0 1 1 0 
6 1 0 0 0 1 0 0 1 0 0 0 0 0 0 
0 2 0 0 1 1 0 0 0 0 0 1 1 0 0 
6 1 0 0 1 0 1 0 0 0 0 0 0 0 0 
1 2 0 1 1 0 0 0 0 0 0 0 1 0 0 
0 2 0 0 0 1 0 0 1 0 0 0 0 0 0 
0 3 1 0 1 0 0 0 0 1 0 0 0 0 0 
0 6 0 1 0 0 0 0 0 0 0 0 0 0 0 
0 1 0 0 1 1 0 0 0 1 0 1 1 0 0 
6 2 0 1 1 0 0 0 0 0 0 0 0 0 0 
6 1 0 0 1 1 0 0 0 0 1 0 0 0 0 
1 2 0 0 1 1 0 0 0 1 0 0 1 0 0 
1 2 1 0 0 0 0 0 0 0 0 0 0 0 0 
6 1 0 1 0 0 0 0 0 1 0 0 0 1 0 
6 1 1 0 0 0 0 1 1 0 0 0 0 0 0 
0 2 0 1 1 0 0 0 0 1 0 0 1 0 0 
0 1 1 0 0 0 0 1 0 0 0 1 0 1 0 
1 3 0 0 0 1 0 0 0 0 0 0 0 0 0 
0 5 0 0 0 1 0 0 0 1 0 0 0 0 0 
0 1 0 1 1 0 0 0 0 0 0 0 1 0 0 
1 1 0 0 1 1 0 0 0 0 1 1 0 0 0 
1 1 0 1 0 0 0 0 0 1 0 0 0 0 0 
1 1 0 0 0 1 0 0 0 1 0 0 0 0 0 
2 1 0 1 0 0 0 0 1 1 0 1 0 1 0 
2 10 0 1 1 0 0 0 0 0 0 0 1 0 0 
2 1 0 0 0 1 0 0 0 0 1 1 0 0 0 
2 2 0 0 1 0 1 0 0 0 0 0 0 0 0 
2 2 1 0 0 0 0 0 0 0 0 0 0 1 0 
2 12 0 0 1 1 0 0 0 0 0 0 1 0 0 
2 12 1 0 1 0 0 0 0 0 0 0 0 0 0 
2 21 0 0 1 1 0 0 0 0 0 0 0 0 0 
2 4 0 1 0 0 0 0 0 1 0 0 0 0 0 
2 7 0 1 1 0 0 0 0 1 0 0 0 0 0 
2 4 1 0 0 0 0 0 0 0 0 0 0 0 0 
2 1 1 0 0 0 0 0 0 1 0 0 0 1 0 
2 10 0 1 1 0 0 0 0 0 0 0 0 0 0 
2 3 0 0 1 1 0 0 0 0 0 1 1 0 0 
2 2 1 0 1 0 0 1 0 0 0 0 0 0 0 
2 3 0 0 1 1 0 0 0 0 1 0 1 0 0 
2 11 1 0 1 0 0 0 0 0 0 0 1 0 0 
2 3 1 0 0 0 0 1 0 0 0 0 0 0 0 
2 3 1 0 1 0 0 0 0 0 0 0 1 1 0 
2 5 0 0 0 1 0 0 0 0 0 0 0 0 0 
2 7 1 0 0 0 0 0 0 1 0 0 0 0 0 
2 2 0 1 1 0 0 0 0 0 0 0 1 1 0 
2 1 0 0 1 1 0 0 0 1 0 0 0 0 0 
0 1 0 0 0 1 0 0 1 0 1 0 0 0 0 
2 9 0 1 0 0 0 0 0 0 0 0 0 0 0 
2 1 1 0 1 0 0 0 0 0 0 1 1 1 0 
2 2 0 0 1 1 0 0 0 1 0 0 1 0 0 
2 2 0 0 0 1 0 0 0 0 1 0 0 0 0 
2 2 1 0 0 0 0 1 0 0 0 1 0 1 0 
0 3 1 0 1 0 0 1 0 0 0 0 0 0 0 
2 1 1 0 0 0 0 1 1 0 0 0 0 1 0 
2 1 1 0 1 0 0 0 0 0 0 1 1 0 0 
2 1 0 1 1 0 0 0 0 1 0 0 0 1 0 
2 1 1 0 1 0 0 0 0 0 0 0 0 1 0 
2 1 0 1 1 0 0 0 0 1 0 0 1 0 0 
2 1 0 1 0 0 0 0 0 1 0 1 0 1 0 
2 1 0 1 0 0 0 0 1 1 0 0 0 0 0 
2 1 0 1 0 0 0 0 0 1 0 0 0 1 0 
2 1 0 1 1 0 0 0 0 1 0 0 1 1 0 
2 1 1 0 0 0 0 1 0 0 0 1 0 0 0 
2 1 0 0 0 1 0 0 1 0 0 0 0 0 0 
2 1 1 0 1 0 0 0 0 1 0 0 1 1 0 
2 1 0 1 1 0 0 0 0 0 0 1 1 1 0 
3 2 0 0 1 1 0 0 0 0 0 0 1 0 0 
3 1 0 1 0 0 0 0 1 0 0 0 0 1 0 
3 2 0 0 0 1 0 0 0 0 0 0 0 0 0 
4 1 0 0 0 1 0 0 0 1 0 0 0 0 0 
4 1 0 0 0 1 0 0 1 0 0 1 0 0 0 
5 1 1 0 0 0 0 0 0 0 0 0 0 1 0 
5 1 0 0 1 1 0 0 0 0 0 0 0 0 0 
5 1 1 0 0 0 0 0 0 0 0 0 0 0 0 
5 1 1 0 0 0 0 0 0 1 0 0 0 0 0 
5 1 0 0 0 1 0 0 0 0 0 0 0 0 0 
5 1 1 0 1 0 0 0 0 0 0 0 0 0 0 
5 1 1 0 0 0 0 0 1 0 0 0 0 0 0 
5 1 0 1 1 0 0 0 0 1 0 0 0 0 0 
7 1 0 1 1 0 0 0 0 0 0 0 0 0 0 
7 1 1 0 1 0 0 0 0 0 0 1 1 1 0 
7 1 0 0 1 1 0 0 0 0 1 0 1 0 0 
7 1 1 0 1 0 0 0 0 0 0 0 0 0 0 
7 1 0 1 1 0 0 0 0 0 0 0 1 0 0 
7 1 1 0 1 0 0 0 0 0 0 0 1 1 0 
10 1 1 0 0 0 0 0 0 0 0 0 0 0 0 
10 1 1 0 0 0 0 1 1 0 0 0 0 0 0 
10 1 1 0 0 0 0 0 0 0 0 1 0 0 0 
11 1 0 0 1 1 0 0 0 1 0 0 0 0 0 
11 1 0 0 0 1 0 0 1 0 1 0 0 0 0 
0
1
2
3
4
5
6
3
3
5
2
0
7
4
8
3
0
2
9
3
10
0
3
6
3
3
11
3
0
3
2
5
3
11
4
1
0
2
7
3
11
1
0
3
2
3
0
12
13
14
15
16
17
18
15
19
20
15
14
21
22
23
22
23
22
24
22
25
26
27
28
27
29
27
30
27
27
27
31
25
32
33
22
22
25
22
22
32
23
34
35
36
35
37
38
36
38
39
40
22
23
22
22
25
41
23
22
42
25
43
29
27
44
27
45
46
27
27
47
25
48
23
22
41
23
22
25
22
23
49
50
51
52
53
54
55
56
51
57
33
25
22
22
58
32
22
23
22
25
59
27
60
44
27
61
27
62
44
27
25
22
23
22
22
63
23
22
25
22
64
35
64
35
36
65
64
36
58
22
41
23
22
66
22
25
22
23
47
27
27
44
27
67
60
27
68
30
23
22
69
70
71
72
73
74
75
72
73
76
27
27
44
27
27
27
77
27
29
60
57
78
54
79
54
51
80
54
81
52
27
27
27
82
27
83
84
85
83
86
51
87
51
52
88
54
51
89
51
90
69
91
72
92
69
93
94
93
69
88
51
95
51
52
49
57
51
86
51
96
97
98
99
100
101
97
96
100
99
54
102
51
87
51
52
51
103
51
51
104
69
105
106
72
107
108
69
72
109
50
51
110
51
52
51
111
57
51
51
112
113
114
115
51
52
88
116
51
57
51
52
88
51
117
93
72
91
69
118
92
69
94
109
54
88
51
52
51
119
49
51
120
98
97
101
100
98
121
98
100
101
69
72
122
74
123
69
107
90
93
76
12
12
11
124
125
7
126
3
11
0
69
94
107
94
93
69
73
118
72
69
99
127
99
97
99
100
128
100
100
101
129
75
94
93
69
108
74
130
69
94
131
131
132
133
131
13
134
131
131
131
69
104
72
69
92
135
136
94
69
72
101
100
99
98
97
101
100
137
98
101
117
69
94
93
138
69
74
104
72
69
0
139
11
12
12
94
71
94
107
140
92
93
94
141
69
101
100
98
121
98
120
98
97
101
100
141
72
92
69
142
94
69
99
143
143
144
145
146
147
148
145
143
121
149
120
98
100
101
97
98
150
127
131
131
131
131
133
151
152
131
153
131
100
96
97
98
101
100
99
100
101
97
154
155
15
14
15
15
156
157
158
15
97
99
100
101
100
159
160
97
161
100
131
131
131
121
97
101
98
162
99
100
120
163
97
144
144
145
145
148
164
145
144
145
148
97
99
165
127
120
98
100
101
97
99
15
166
14
167
15
168
15
169
14
15
97
99
100
163
120
98
99
100
101
97
144
145
144
145
148
170
144
145
145
148
97
98
120
98
121
98
100
101
97
99
166
157
14
171
15
154
166
15
14
15
97
101
100
172
100
165
101
97
99
100
173
174
144
175
148
145
144
145
144
145
176
97
99
100
127
177
98
120
98
97
14
15
166
178
15
15
154
18
17
169
97
101
100
99
100
163
99
97
179
120
180
145
144
145
175
148
145
174
148
145
100
99
97
127
120
98
165
98
101
97
15
181
182
18
154
157
183
15
184
15
97
99
100
101
100
99
100
185
186
97
148
147
145
144
145
187
188
144
148
145
97
99
189
98
101
100
98
99
97
101
166
154
18
154
15
17
15
14
155
15
161
190
100
99
100
101
100
120
185
97
148
145
144
174
144
148
145
175
144
145
191
15
156
15
16
14
166
15
154
166
180
144
175
144
145
173
174
144
145
144
192
18
154
167
19
18
183
15
154
16
187
145
144
145
148
193
145
144
145
148
16
154
18
194
157
154
15
195
19
16
144
188
148
193
145
164
145
148
175
196
15
183
18
181
182
154
16
15
14
15
193
145
197
148
175
144
145
144
143
198
157
16
14
183
15
19
15
14
16
15
144
145
145
148
145
174
144
175
148
145
183
154
166
14
20
15
154
16
14
15
199
200
201
202
203
204
205
206
207
200
16
154
15
14
166
154
15
15
14
16
208
204
209
204
209
206
200
210
204
211
15
194
15
16
14
15
15
14
15
156
208
203
212
204
213
211
209
214
215
207
154
167
15
14
16
19
15
15
154
166
200
206
216
211
217
218
205
212
219
220
16
154
18
15
194
15
15
14
16
154
208
218
215
204
211
209
206
215
221
220
16
15
222
18
15
14
15
166
14
16
206
223
224
204
219
206
223
215
218
208
16
14
15
194
15
15
14
16
154
20
211
200
225
205
218
205
226
217
223
208
154
167
18
156
15
16
14
166
154
15
200
219
204
227
202
206
215
207
206
200
166
154
16
15
14
15
158
15
156
15
223
204
227
205
204
207
205
205
206
200
15
156
228
166
14
15
17
15
18
194
211
229
206
215
205
206
230
231
218
200
15
156
15
19
16
14
15
15
154
15
200
219
206
216
211
215
206
232
206
233
15
16
154
166
15
14
20
15
156
15
234
215
206
211
216
214
219
212
205
235
15
14
15
154
166
15
14
16
154
15
236
214
223
205
206
215
213
204
219
211
20
14
15
20
14
166
154
16
154
15
237
223
204
205
206
238
217
225
223
211
15
154
16
14
166
15
154
15
14
16
208
206
215
239
205
206
223
240
226
208
16
15
14
15
15
156
15
166
14
16
206
223
215
206
219
241
154
16
15
15
14
166
154
228
183
14
131
131
131
131
131
133
242
152
243
152
178
182
17
15
16
14
15
156
15
191
244
131
133
152
242
133
152
152
132
151
166
14
15
228
154
20
14
155
152
152
244
152
133
131
131
131
131
131
245
139
246
3
5
10
126
3
0
9
112
247
248
113
249
250
251
252
253
254
101
97
98
159
98
101
100
98
120
149
255
83
256
85
257
85
83
258
259
260
69
72
122
69
107
118
72
73
72
69
88
54
51
79
54
102
51
52
51
88
64
261
262
35
64
35
64
65
263
36
30
60
27
264
27
27
27
27
265
60
25
22
23
22
41
22
23
22
21
33
