1329 13 215 10 2 14
2 3 1
1 15 1
2 3 1
1 6 1
1 5 1
1 10 0
1 3 0
1 6 0
1 3 0
1 6 0
1 8 0
1 3 0
1 15 0
0 84 1 0 1 0 0 0 0 0 0 0 0 0 0 
1 36 1 0 1 0 0 0 0 0 0 0 0 0 0 
1 2 0 0 0 1 0 0 0 0 1 0 0 1 0 
2 6 1 0 1 0 0 0 0 0 0 1 1 0 0 
2 60 1 0 1 0 0 0 0 0 0 0 0 0 0 
2 14 0 0 0 0 1 0 0 0 0 0 0 0 0 
3 1 0 0 0 1 0 0 0 0 1 0 0 1 0 
4 47 1 0 1 0 0 0 0 0 0 0 0 0 0 
5 36 1 0 1 0 0 0 0 0 0 0 0 0 0 
2 8 0 0 0 1 0 0 0 0 0 0 1 0 0 
0 9 0 0 0 0 1 0 1 0 0 0 0 0 0 
6 27 1 0 0 0 0 0 0 0 1 0 0 1 0 
6 39 0 1 1 0 0 0 0 0 0 0 0 0 0 
7 18 1 0 1 0 0 0 0 0 0 0 0 0 0 
7 5 0 0 0 0 1 0 1 0 0 0 0 0 0 
6 30 1 0 1 0 0 0 0 0 0 0 0 0 0 
5 1 0 0 0 1 0 0 0 1 0 0 1 0 0 
8 28 1 0 1 0 0 0 0 0 0 0 0 0 0 
9 6 0 0 0 0 1 0 1 0 0 0 0 0 0 
9 7 1 0 1 0 0 0 0 0 0 1 0 0 0 
0 20 0 0 0 0 1 0 0 0 0 0 0 0 0 
2 19 0 0 1 1 0 0 0 0 0 0 1 0 0 
1 5 1 0 0 0 0 0 0 0 1 0 0 1 0 
1 5 1 0 1 0 0 0 0 0 0 1 0 0 0 
0 37 0 0 1 0 1 0 0 0 0 0 0 0 0 
0 27 1 0 0 0 0 0 0 0 0 0 0 0 0 
5 4 0 0 1 1 0 0 0 0 0 0 1 0 0 
5 19 1 0 0 0 0 0 0 0 0 0 0 0 0 
5 7 0 0 1 0 1 0 0 0 0 0 0 0 0 
0 3 1 0 1 0 0 0 0 1 0 1 1 0 0 
0 2 0 0 1 1 0 0 0 0 0 0 0 0 0 
10 8 0 0 0 0 1 0 0 0 0 0 0 0 0 
4 1 1 0 0 0 0 0 1 0 0 1 0 0 0 
2 11 0 0 1 1 0 0 0 0 0 0 0 0 0 
5 2 1 0 1 0 0 0 1 0 0 0 1 0 1 
3 1 0 0 1 1 0 0 0 0 1 0 0 1 0 
3 5 1 0 1 0 0 0 0 0 0 0 0 0 0 
10 7 1 0 0 0 0 0 0 0 0 1 0 0 0 
10 10 0 0 1 0 1 0 0 0 0 0 0 0 0 
10 21 1 0 1 0 0 0 0 0 0 0 0 0 0 
10 8 1 0 0 0 0 0 0 0 0 0 0 0 0 
8 1 0 0 1 1 0 0 0 0 0 0 1 0 0 
4 12 1 0 0 0 0 0 0 0 1 0 0 1 0 
4 19 0 0 1 0 1 0 0 0 0 0 0 0 0 
8 8 0 1 1 0 0 0 0 0 0 0 0 0 0 
10 10 0 0 0 0 1 0 1 0 0 0 0 0 0 
2 11 1 0 0 0 0 0 0 0 0 0 0 0 0 
2 5 0 0 0 1 0 0 0 0 1 0 1 1 0 
0 2 1 0 1 0 0 0 1 0 0 0 0 0 0 
0 3 0 0 0 1 0 0 0 0 0 0 0 0 0 
4 1 1 0 1 0 0 0 0 0 0 0 1 0 0 
5 6 1 0 0 0 0 0 0 0 0 1 0 0 0 
9 9 1 0 0 0 0 0 0 0 1 0 0 1 0 
9 19 0 0 1 0 1 0 0 0 0 0 0 0 0 
9 43 1 0 1 0 0 0 0 0 0 0 0 0 0 
9 4 1 0 0 0 0 0 1 0 0 1 0 0 0 
2 3 0 0 1 1 0 0 0 0 1 0 1 1 0 
0 3 1 0 0 0 0 1 0 0 0 0 0 0 0 
0 2 0 0 1 1 0 0 0 0 1 0 0 1 0 
0 6 1 0 0 0 0 0 0 0 0 1 0 0 0 
0 22 1 0 0 0 0 0 0 0 1 0 0 1 0 
2 6 0 0 1 1 0 0 1 0 0 0 1 0 1 
4 6 0 0 0 0 1 0 1 0 0 0 0 0 0 
2 8 1 0 1 0 0 0 0 0 0 0 1 0 0 
2 10 0 0 1 1 0 0 0 0 1 0 0 1 0 
11 14 1 0 0 0 0 0 0 0 0 0 0 0 0 
9 6 1 0 0 0 0 0 0 0 0 1 0 0 0 
1 4 0 0 1 1 0 0 0 0 0 0 0 0 0 
1 1 1 0 1 0 0 0 1 0 0 0 1 0 1 
8 10 0 0 1 0 1 0 0 0 0 0 0 0 0 
7 6 1 0 0 0 0 0 0 0 0 0 0 0 0 
7 12 0 0 1 0 1 0 0 0 0 0 0 0 0 
2 16 1 0 1 0 0 0 0 1 0 1 1 0 0 
1 3 0 0 1 1 0 0 0 0 1 0 1 1 0 
1 5 1 0 0 0 0 0 0 0 0 1 0 0 0 
1 17 1 0 0 0 0 0 0 0 0 0 0 0 0 
1 9 0 0 1 1 0 0 0 0 1 0 0 1 0 
8 1 1 0 1 0 0 0 1 0 0 0 0 0 0 
9 6 1 0 1 0 0 0 0 0 0 0 1 0 0 
2 1 1 0 0 0 0 0 0 0 0 0 1 0 0 
9 1 0 0 0 1 0 0 0 0 1 0 0 1 0 
5 1 1 0 1 0 0 0 0 0 0 1 0 0 0 
5 8 0 0 0 0 1 0 1 0 0 0 0 0 0 
4 1 0 0 0 1 0 0 1 0 0 0 1 0 1 
4 1 1 0 0 0 0 1 0 0 0 0 0 0 0 
6 5 1 0 1 0 0 0 0 0 1 0 0 1 0 
10 1 0 0 0 1 0 0 0 0 0 0 0 0 0 
5 3 0 0 1 1 0 0 0 0 1 0 0 1 0 
5 1 1 0 0 0 0 0 1 0 0 0 0 0 1 
12 1 0 0 1 1 0 0 0 0 1 0 0 1 0 
12 2 1 0 0 0 0 0 0 0 0 1 0 0 0 
6 2 0 0 1 0 1 0 0 0 0 0 0 0 0 
4 2 1 0 1 0 0 0 0 0 1 0 0 1 0 
4 3 1 0 0 0 0 0 0 0 0 1 0 0 0 
4 4 0 0 1 1 0 0 0 0 0 0 1 0 0 
4 1 1 0 1 0 0 0 1 0 0 0 0 0 0 
4 8 1 0 0 0 0 0 0 0 0 0 0 0 0 
10 3 1 0 0 0 0 0 0 0 1 0 0 1 0 
9 2 0 0 0 1 0 0 0 0 0 0 1 0 0 
1 1 1 0 0 0 0 0 1 0 0 1 0 0 0 
1 3 1 0 1 0 0 0 0 0 0 0 1 0 0 
12 8 1 0 1 0 0 0 0 0 0 0 0 0 0 
9 3 0 0 0 1 0 0 0 0 0 0 0 0 0 
8 1 0 0 1 0 1 0 1 0 0 0 0 0 1 
1 3 0 0 1 1 0 0 0 0 0 0 1 0 0 
10 5 1 0 0 0 0 0 1 0 0 1 0 0 0 
9 2 1 0 0 0 0 1 0 0 0 0 0 0 0 
3 1 0 0 1 0 1 0 0 0 0 0 0 0 0 
11 5 0 0 1 1 0 0 0 0 0 0 1 0 0 
11 1 1 0 1 0 0 0 1 0 0 0 0 0 1 
9 12 1 0 0 0 0 0 0 0 0 0 0 0 0 
9 1 0 0 1 1 0 0 0 0 0 0 1 0 0 
5 3 1 0 1 0 0 0 0 0 0 0 1 0 0 
12 5 0 0 0 0 1 0 0 0 0 0 0 0 0 
3 2 1 0 0 0 0 0 0 0 0 1 0 0 0 
4 1 0 0 1 1 0 0 0 0 1 0 1 1 0 
4 2 1 0 0 0 0 0 1 0 0 0 0 0 0 
5 2 0 0 1 1 0 0 1 0 0 0 1 0 1 
2 14 0 0 1 0 1 0 0 0 0 0 0 0 0 
10 2 1 0 1 0 0 0 0 0 1 0 0 1 0 
2 3 0 0 0 1 0 0 0 0 0 0 0 0 0 
7 1 0 0 0 1 0 0 0 0 0 0 0 0 0 
0 1 1 0 0 0 0 0 0 0 0 0 1 0 0 
0 1 1 0 0 0 0 0 1 0 0 0 0 0 0 
9 1 1 0 0 0 0 0 1 0 0 0 0 0 1 
2 2 1 0 0 0 0 1 0 0 0 0 0 0 0 
10 1 0 0 1 1 0 0 1 0 0 0 1 0 1 
11 15 1 0 1 0 0 0 0 0 0 0 0 0 0 
2 1 0 0 0 1 0 0 0 1 1 0 1 1 0 
6 1 1 0 0 0 0 0 0 0 0 1 0 0 0 
9 1 0 0 1 1 0 0 0 1 1 0 1 1 0 
7 2 0 0 0 0 1 0 0 0 0 0 0 0 0 
7 1 0 0 0 1 0 0 0 0 0 0 1 0 0 
11 2 1 0 0 0 0 0 0 0 1 0 0 1 0 
2 2 1 0 0 0 0 0 0 0 0 1 0 0 0 
2 2 1 0 1 0 0 0 1 0 0 0 0 0 1 
7 1 1 0 1 0 0 0 0 0 0 0 1 0 0 
11 7 1 0 0 0 0 0 0 0 0 1 0 0 0 
11 2 0 0 1 1 0 0 0 0 1 0 0 1 0 
3 1 0 0 0 1 0 0 0 0 1 0 1 1 0 
3 1 1 0 1 0 0 0 1 0 0 0 0 0 0 
11 1 1 0 0 0 0 1 1 0 0 0 0 0 0 
2 8 1 0 0 0 0 0 0 0 1 0 0 1 0 
0 1 1 0 0 0 0 0 1 0 0 1 0 0 0 
2 1 0 0 1 1 0 0 0 1 0 0 1 0 0 
5 1 1 0 0 0 0 1 0 0 0 1 0 0 0 
9 4 0 0 1 1 0 0 0 0 1 0 0 1 0 
11 4 1 0 0 0 0 0 1 0 0 1 0 0 0 
3 1 0 0 0 0 1 0 0 0 0 0 0 0 0 
5 3 0 0 1 1 0 0 0 0 0 0 0 0 0 
0 5 1 0 1 0 0 0 0 0 0 0 1 0 0 
0 6 1 0 0 0 0 1 0 0 0 1 0 0 0 
11 2 1 0 1 0 0 0 0 0 0 0 1 0 0 
11 1 0 0 0 1 0 0 0 0 0 0 0 0 0 
0 5 1 0 1 0 0 0 0 0 1 0 0 1 0 
0 3 0 1 1 0 0 0 0 0 0 0 0 0 0 
4 3 0 0 1 1 0 0 0 0 1 0 0 1 0 
10 1 0 0 1 1 0 0 0 0 0 0 0 0 0 
5 1 1 0 0 0 0 0 0 0 1 0 0 1 0 
10 2 1 0 0 0 0 1 0 0 0 0 0 0 0 
1 2 1 0 1 0 0 0 0 0 1 0 0 1 0 
9 8 0 0 0 0 1 0 0 0 0 0 0 0 0 
2 3 0 1 1 0 0 0 0 0 0 0 0 0 0 
1 1 0 0 0 1 0 0 1 0 0 0 1 0 1 
10 1 0 1 1 0 0 0 0 0 0 0 0 0 0 
7 4 0 0 1 1 0 0 0 0 0 0 1 0 0 
7 3 1 0 0 0 0 0 0 0 0 1 0 0 0 
2 2 1 0 1 0 0 0 0 0 1 0 0 1 0 
2 1 1 0 0 0 0 1 0 0 0 1 0 0 0 
1 1 0 0 0 1 0 0 0 0 0 0 1 0 0 
6 2 1 0 0 0 0 0 0 0 0 0 0 0 0 
10 1 0 0 1 1 0 0 0 0 1 0 1 1 0 
8 1 0 0 1 1 0 0 0 0 1 0 0 1 0 
5 3 0 0 0 0 1 0 0 0 0 0 0 0 0 
1 1 0 0 0 1 0 0 0 0 1 0 1 1 0 
11 1 0 0 0 1 0 1 0 0 1 0 0 1 0 
2 3 0 0 0 1 0 0 0 0 1 0 0 1 0 
8 1 1 0 0 0 0 0 0 0 0 0 0 0 0 
2 2 1 0 0 0 0 0 1 0 0 0 0 0 0 
11 1 0 0 0 1 0 0 0 0 1 0 1 1 0 
2 1 1 0 0 0 0 0 1 0 0 1 0 0 0 
2 1 0 0 0 1 0 1 0 0 1 0 1 1 0 
6 1 1 0 0 0 0 1 0 0 0 0 0 0 0 
9 1 0 0 1 1 0 0 1 0 0 0 1 0 1 
4 3 0 0 0 1 0 0 0 0 0 0 1 0 0 
9 1 0 0 1 1 0 0 0 1 0 0 1 0 0 
9 1 0 0 1 1 0 0 0 0 0 0 0 0 0 
9 2 1 0 1 0 0 0 0 0 1 0 0 1 0 
2 2 1 0 1 0 0 0 1 0 0 0 1 0 1 
1 2 1 0 0 0 0 1 0 0 0 0 0 0 0 
6 1 1 0 1 0 0 0 0 0 0 1 0 0 0 
10 1 0 0 0 1 0 0 0 0 0 0 1 0 0 
6 1 0 0 1 1 0 0 0 0 0 0 1 0 0 
4 2 0 1 1 0 0 0 0 0 0 0 0 0 0 
4 1 0 0 0 0 1 0 0 0 0 0 0 0 0 
5 1 1 0 0 0 0 0 1 0 0 1 0 0 0 
5 1 0 0 0 1 0 0 0 0 1 0 1 1 0 
2 2 0 0 0 0 1 0 1 0 0 0 0 0 0 
7 1 0 0 0 1 0 0 0 0 1 0 1 1 0 
10 1 1 0 1 0 0 0 0 0 0 1 0 0 0 
3 1 0 1 1 0 0 0 0 0 0 0 0 0 0 
2 1 0 0 1 1 0 0 1 0 0 0 0 0 1 
6 1 0 0 0 1 0 0 0 0 0 0 0 0 0 
12 1 0 0 0 0 1 0 1 0 0 0 0 0 0 
10 1 0 0 0 1 0 0 0 0 1 0 1 1 0 
12 1 0 1 1 0 0 0 0 0 0 0 0 0 0 
0 1 0 0 1 1 0 0 0 0 0 0 1 0 0 
0 1 0 0 0 0 1 0 1 0 0 0 0 0 1 
9 1 0 0 0 1 0 1 0 0 1 0 0 1 0 
5 1 0 0 0 1 0 0 0 0 0 0 0 0 0 
11 1 0 0 0 1 0 0 0 0 0 0 1 0 0 
10 1 0 0 0 1 0 1 0 0 0 0 0 0 0 
8 1 1 0 0 0 0 0 0 0 0 1 0 0 0 
11 1 0 0 1 1 0 0 0 1 1 0 1 1 0 
9 1 0 0 0 1 0 0 1 0 0 0 1 0 1 
0
1
2
3
4
5
4
3
6
7
7
5
4
3
8
9
0
10
11
12
13
14
15
16
17
0
18
19
0
20
0
21
22
23
24
25
0
26
27
28
8
11
12
15
20
29
25
30
0
31
7
32
33
4
5
8
34
27
35
36
37
38
39
40
41
7
42
43
7
42
44
17
45
39
21
46
23
1
10
25
4
4
47
4
48
20
0
0
49
0
24
25
50
43
51
8
12
52
53
54
55
56
57
0
20
0
58
59
0
24
60
0
61
40
39
53
55
15
12
7
62
63
64
65
54
53
66
54
67
22
68
69
11
12
17
70
71
72
46
64
0
25
24
0
57
73
15
15
10
17
1
74
21
7
42
43
7
75
76
1
74
69
77
52
78
53
66
4
33
79
5
4
12
11
0
24
60
78
54
80
8
81
82
8
7
83
7
84
43
7
42
21
4
18
12
85
25
24
0
86
39
39
45
72
27
8
87
88
8
28
27
63
89
90
91
15
11
12
45
21
7
42
7
43
92
93
94
95
96
7
38
97
54
98
19
54
18
54
12
75
1
76
99
100
20
101
54
102
54
66
103
17
75
104
75
1
20
39
105
39
21
18
106
54
12
52
53
54
66
36
107
65
108
109
42
53
54
110
111
0
25
69
44
51
8
87
27
112
28
27
101
101
113
101
114
115
116
12
15
31
72
64
65
13
71
27
8
117
51
118
4
11
12
49
0
0
20
0
29
49
0
0
45
119
4
72
5
1
1
2
1
1
45
4
72
120
42
17
69
11
12
112
27
71
13
121
13
13
62
7
93
94
7
96
43
92
46
33
72
20
0
12
11
15
71
9
0
0
10
1
74
76
75
1
1
82
8
122
58
0
123
24
60
0
9
17
17
82
8
12
124
53
125
21
54
52
53
54
46
64
63
20
0
25
0
12
37
39
38
97
126
127
60
24
0
59
33
4
5
46
4
128
4
118
129
12
8
27
28
117
60
0
24
60
0
20
0
130
37
39
45
15
12
11
15
131
15
13
132
13
13
14
127
65
108
127
133
4
118
134
135
64
65
136
71
137
127
138
65
0
24
25
0
139
140
28
11
12
127
141
69
56
93
7
7
62
7
96
94
7
62
7
12
11
15
21
142
0
24
143
60
0
24
25
0
144
142
69
17
97
44
17
145
26
54
52
53
54
110
146
127
147
69
1
22
104
1
148
36
8
82
149
150
151
0
24
60
33
46
3
118
11
15
12
96
43
72
64
70
13
53
65
152
153
154
24
25
0
60
61
15
11
71
13
60
155
39
45
127
156
59
150
24
60
0
157
40
38
34
158
12
15
11
33
72
159
38
65
127
127
120
4
63
5
160
75
1
20
4
9
4
54
161
19
54
146
110
53
54
106
3
118
25
0
30
25
0
24
60
72
162
110
18
1
1
163
1
75
160
31
39
21
25
0
24
60
12
27
28
46
61
15
11
43
7
27
149
85
131
152
137
164
39
31
13
70
165
13
166
71
54
110
146
0
37
45
8
8
9
4
167
5
4
168
33
4
113
17
17
9
4
38
105
44
17
22
169
1
23
113
7
4
47
4
19
161
4
142
21
15
170
12
101
113
85
108
137
17
69
17
75
73
8
20
0
39
37
171
48
25
24
25
17
172
90
101
44
173
8
174
1
54
161
54
54
175
17
17
31
4
72
176
17
177
44
17
37
43
7
116
21
0
151
20
1
1
9
4
118
11
15
12
11
7
43
96
7
61
142
0
24
60
151
0
24
60
78
102
52
7
43
11
15
12
11
150
20
0
156
134
4
118
178
4
56
125
4
71
147
127
179
13
71
11
15
12
14
4
72
176
4
0
20
0
4
180
181
4
0
20
0
0
120
135
72
5
4
12
182
85
91
75
104
23
60
24
0
70
165
25
0
24
151
0
183
42
43
7
96
43
7
184
85
15
82
8
44
40
39
31
185
54
110
53
110
54
138
137
0
24
60
4
61
25
24
0
60
155
25
0
24
65
186
78
52
54
53
75
1
76
25
0
24
25
15
21
40
24
57
15
12
52
54
53
110
187
108
147
17
69
75
1
67
75
188
162
5
4
4
176
4
7
10
0
154
9
1
43
42
7
12
75
67
22
72
118
189
1
76
75
71
190
11
7
62
7
7
191
39
119
31
39
40
21
54
66
53
54
110
33
101
137
162
63
5
4
64
46
4
118
11
15
192
75
1
53
55
193
7
70
71
127
147
108
133
4
118
178
4
33
60
0
24
151
0
184
7
7
194
7
195
8
47
4
20
0
12
142
188
118
65
7
156
137
127
24
60
0
26
27
24
0
25
20
63
4
5
54
102
19
54
18
4
21
11
15
12
170
38
76
74
100
27
28
8
196
23
1
197
4
4
47
0
0
10
17
17
198
13
14
13
7
62
7
73
74
1
1
10
12
15
184
7
7
82
8
27
64
63
45
199
75
67
1
10
150
200
114
36
45
17
127
14
13
165
105
39
31
8
27
87
51
112
43
27
8
201
142
17
82
8
3
202
11
15
12
52
53
110
19
26
27
8
24
25
13
33
142
72
197
8
27
8
149
51
187
78
161
15
12
59
0
24
65
21
154
25
24
154
25
61
4
5
4
166
12
54
161
54
21
105
154
0
24
110
78
146
66
54
53
110
4
47
4
0
20
8
46
64
39
40
38
11
12
15
203
39
204
39
39
173
8
8
27
51
21
4
113
101
205
25
0
24
151
94
7
42
43
1
65
0
24
25
29
193
96
7
43
42
137
206
60
0
0
207
0
54
208
54
54
161
4
72
209
8
8
173
8
8
210
127
36
20
59
0
76
189
1
118
46
4
72
118
142
4
33
60
24
0
59
155
150
10
0
0
211
37
4
118
46
21
167
70
71
166
13
165
42
43
7
11
12
15
161
19
54
98
54
54
161
54
55
64
63
5
17
44
212
17
69
65
213
127
65
43
7
96
76
1
105
38
100
75
76
1
82
8
12
11
54
53
214
54
17
40
38
159
4
21
