1319 13 266 10 2 49
1 2 1
1 10 1
1 2 1
1 3 1
1 50 1
1 8 1
1 40 0
1 7 0
1 50 0
1 40 0
1 5 0
1 25 0
1 40 0
4 11 0 0 1 1 0 0 0 0 0 0 0 0 0 
4 3 0 1 1 0 0 0 0 1 0 0 1 0 0 
4 6 1 0 0 0 0 1 0 0 0 0 0 0 0 
4 17 1 0 1 0 0 0 0 0 0 0 0 0 0 
4 3 1 0 1 0 0 0 0 0 0 0 0 1 0 
4 4 0 0 1 1 0 0 0 0 0 0 1 0 0 
4 2 0 1 0 0 0 0 0 1 0 0 0 0 0 
4 3 1 0 1 0 0 0 0 0 0 0 1 0 0 
4 1 0 0 0 1 0 0 1 1 0 0 0 0 0 
4 2 0 0 1 1 0 0 0 1 0 0 1 0 0 
4 2 1 0 0 0 0 0 0 0 0 0 0 0 0 
4 6 0 0 0 1 0 0 0 0 0 0 0 0 0 
4 5 0 0 1 0 1 0 0 0 0 0 0 0 0 
3 2 1 0 0 0 0 0 0 0 0 0 0 0 0 
1 7 1 0 0 0 0 1 0 0 0 0 0 0 0 
1 4 1 0 1 0 0 0 0 0 0 0 1 0 0 
1 1 0 0 0 1 0 0 0 1 0 0 0 0 0 
1 37 1 0 1 0 0 0 0 0 0 0 0 0 0 
3 26 0 0 1 0 1 0 0 0 0 0 0 0 0 
0 5 0 0 0 1 0 0 0 0 1 0 0 0 0 
0 93 1 0 1 0 0 0 0 0 0 0 0 0 0 
0 2 0 1 1 0 0 0 0 1 0 0 1 0 0 
0 31 1 0 0 0 0 1 0 0 0 0 0 0 0 
0 35 0 0 1 1 0 0 0 0 0 0 0 0 0 
0 12 1 0 1 0 0 0 0 0 0 0 1 0 0 
0 7 1 0 0 0 0 0 0 0 0 0 0 0 0 
8 1 1 0 0 0 0 1 0 0 0 1 0 1 0 
1 2 0 0 1 1 0 0 0 1 0 0 1 0 0 
0 6 0 1 0 0 0 0 0 0 0 0 0 0 0 
0 2 0 0 0 1 0 0 1 0 0 0 0 0 0 
0 43 0 0 1 1 0 0 0 0 0 0 1 0 0 
0 3 1 0 1 0 0 0 0 1 0 0 0 0 0 
5 2 1 0 0 0 0 1 0 0 0 0 0 0 0 
5 2 0 1 1 0 0 0 0 0 0 0 0 0 0 
5 1 1 0 0 0 0 0 0 1 0 0 0 0 0 
1 27 0 0 1 1 0 0 0 0 0 0 0 0 0 
1 19 0 0 1 1 0 0 0 0 0 0 1 0 0 
5 1 0 1 0 0 0 0 0 1 0 0 0 0 0 
8 15 1 0 0 0 0 0 0 1 0 0 0 0 0 
8 8 1 0 1 0 0 0 0 0 0 0 0 0 0 
8 27 1 0 0 0 0 1 0 0 0 0 0 0 0 
8 4 0 0 1 1 0 0 0 0 0 0 1 0 0 
8 1 1 0 0 0 0 0 0 0 0 0 0 1 0 
8 2 0 0 1 1 0 0 0 0 0 0 0 0 0 
8 1 0 1 1 0 0 0 0 0 0 0 1 0 0 
8 2 1 0 0 0 0 1 0 0 0 1 0 0 0 
1 2 0 0 1 1 0 0 0 0 1 0 1 0 0 
1 2 1 0 1 0 0 0 0 1 0 0 0 0 0 
1 3 0 0 0 1 0 0 0 0 0 0 0 0 0 
2 1 0 1 0 0 0 0 1 1 0 0 0 0 0 
6 33 1 0 0 0 0 1 0 0 0 0 0 0 0 
6 25 0 0 1 1 0 0 0 0 0 0 0 0 0 
6 38 1 0 0 0 0 0 0 0 0 0 0 0 0 
6 27 0 0 1 1 0 0 0 0 0 0 1 0 0 
2 7 0 1 1 0 0 0 0 1 0 0 0 0 0 
6 5 1 0 1 0 0 0 0 0 0 0 1 0 0 
6 5 0 0 0 1 0 0 0 0 0 0 0 0 0 
11 33 1 0 1 0 0 0 0 0 0 0 0 0 0 
11 5 1 0 1 0 0 0 0 0 0 0 0 1 0 
8 12 0 0 0 1 0 0 0 1 0 0 0 0 0 
8 5 1 0 1 0 0 0 0 0 0 0 1 0 0 
8 2 0 1 1 0 0 0 0 0 0 0 0 0 0 
8 1 1 0 1 0 0 0 1 0 0 0 0 0 0 
2 3 1 0 1 0 0 0 0 0 0 0 1 1 0 
2 12 1 0 1 0 0 0 0 0 0 0 0 0 0 
2 21 0 0 1 1 0 0 0 0 0 0 0 0 0 
8 3 0 0 1 1 0 0 0 1 0 0 1 0 0 
8 4 1 0 0 0 0 0 0 0 0 0 0 0 0 
8 2 0 1 1 0 0 0 0 1 0 0 0 0 0 
9 31 1 0 1 0 0 0 0 0 0 0 0 0 0 
9 2 0 0 0 1 0 0 0 1 0 0 0 0 0 
9 10 1 0 0 0 0 1 0 0 0 0 0 0 0 
9 2 0 1 1 0 0 0 0 0 0 0 1 0 0 
9 9 1 0 0 0 0 0 0 0 0 0 0 0 0 
2 7 1 0 0 0 0 0 0 1 0 0 0 0 0 
2 11 1 0 1 0 0 0 0 0 0 0 1 0 0 
2 3 0 0 1 1 0 0 0 0 1 0 1 0 0 
2 2 1 0 0 0 0 1 0 0 0 1 0 1 0 
2 10 0 1 1 0 0 0 0 0 0 0 1 0 0 
0 21 1 0 0 0 0 0 0 1 0 0 0 0 0 
2 9 0 1 0 0 0 0 0 0 0 0 0 0 0 
10 5 1 0 0 0 0 1 0 0 0 0 0 0 0 
0 6 0 0 1 1 0 0 0 1 0 0 0 0 0 
0 4 1 0 0 0 0 0 1 0 0 0 0 0 0 
0 5 1 0 1 0 0 0 0 0 0 0 0 1 0 
0 1 0 0 1 1 0 0 0 1 0 1 1 0 0 
11 5 0 0 0 1 0 0 0 0 0 0 0 0 0 
11 1 0 1 1 0 0 0 0 1 0 0 1 0 0 
11 2 0 0 1 1 0 0 0 0 0 0 0 0 0 
12 13 1 0 0 0 0 1 0 0 0 0 0 0 0 
12 33 1 0 1 0 0 0 0 0 0 0 0 0 0 
12 3 1 0 1 0 0 0 0 1 0 0 0 0 0 
2 2 0 0 1 0 1 0 0 0 0 0 0 0 0 
2 4 1 0 0 0 0 0 0 0 0 0 0 0 0 
6 27 1 0 1 0 0 0 0 0 0 0 0 0 0 
12 2 1 0 0 0 0 0 1 0 0 0 0 0 0 
8 2 1 0 1 0 0 0 0 1 0 0 0 0 0 
12 1 0 1 0 0 0 0 0 0 0 0 0 1 0 
12 4 1 0 1 0 0 0 0 0 0 0 1 0 0 
12 16 1 0 0 0 0 0 0 1 0 0 0 0 0 
3 6 1 0 0 0 0 1 0 0 0 0 0 0 0 
3 9 1 0 1 0 0 0 0 0 0 0 0 0 0 
2 3 0 0 1 1 0 0 0 0 0 1 1 0 0 
2 4 0 1 0 0 0 0 0 1 0 0 0 0 0 
0 1 0 0 0 1 0 0 1 0 1 0 0 0 0 
1 2 1 0 0 0 0 0 0 0 0 0 0 0 0 
12 3 0 1 1 0 0 0 0 1 0 0 1 0 0 
9 7 0 0 1 1 0 0 0 0 0 0 1 0 0 
9 5 0 0 0 1 0 0 0 0 0 0 0 0 0 
2 1 0 1 1 0 0 0 0 1 0 0 1 1 0 
8 5 0 0 0 1 0 0 0 0 0 0 0 0 0 
5 1 0 0 1 0 1 0 0 0 0 0 0 0 0 
5 1 1 0 0 0 0 0 0 0 0 0 0 0 0 
5 1 0 0 1 1 0 0 0 0 0 0 0 0 0 
5 1 1 0 1 0 0 0 0 0 0 0 0 0 0 
9 3 1 0 1 0 0 0 0 0 0 0 1 0 0 
9 2 0 1 0 0 0 0 0 0 0 0 0 1 0 
8 2 0 0 1 1 0 0 0 1 0 0 0 0 0 
8 1 0 0 0 1 0 0 1 0 0 0 0 0 0 
8 2 0 1 0 0 0 0 0 1 0 0 0 0 0 
0 3 1 0 1 0 0 1 0 0 0 0 0 0 0 
0 5 0 0 0 1 0 0 0 1 0 0 0 0 0 
0 2 0 0 1 1 0 0 0 0 0 1 1 0 0 
9 1 0 1 0 0 0 0 1 0 0 0 0 0 0 
4 2 0 0 1 1 0 0 0 1 0 0 0 0 0 
6 2 0 1 1 0 0 0 0 0 0 0 0 0 0 
6 3 1 0 1 0 0 0 0 0 0 0 1 1 0 
6 12 0 0 0 1 0 0 0 1 0 0 0 0 0 
2 10 0 1 1 0 0 0 0 0 0 0 0 0 0 
2 12 0 0 1 1 0 0 0 0 0 0 1 0 0 
12 1 0 1 1 0 0 0 0 0 0 0 0 0 0 
8 1 0 0 0 1 0 0 0 0 1 0 0 0 0 
12 1 0 1 1 0 0 0 0 0 0 1 1 1 0 
11 1 0 0 0 1 0 0 1 0 0 0 0 0 0 
11 1 0 0 1 1 0 0 0 1 0 0 0 0 0 
1 2 0 1 1 0 0 0 0 0 0 0 1 0 0 
1 2 0 0 1 1 0 0 0 1 0 0 0 0 0 
0 10 0 0 0 1 0 0 0 0 0 0 0 0 0 
2 1 0 1 1 0 0 0 0 1 0 0 0 1 0 
11 1 0 0 1 1 0 0 0 0 1 0 1 0 0 
11 1 1 0 0 0 0 0 1 0 0 0 0 0 0 
2 2 0 0 1 1 0 0 0 1 0 0 1 0 0 
12 2 0 1 0 0 0 1 0 0 0 0 0 0 0 
1 5 1 0 0 0 0 0 0 1 0 0 0 0 0 
6 2 0 0 1 1 0 0 0 0 0 1 1 0 0 
3 2 0 0 1 1 0 0 0 0 0 0 0 0 0 
1 1 0 0 1 1 0 0 0 0 1 0 0 0 0 
8 1 0 1 0 0 0 0 0 0 0 0 0 1 0 
8 2 0 0 0 1 0 0 1 1 0 0 0 0 0 
10 6 1 0 1 0 0 0 0 0 0 0 0 0 0 
10 2 0 1 1 0 0 0 0 0 0 0 0 0 0 
7 4 1 0 1 0 0 0 0 0 0 0 1 0 0 
7 1 1 0 1 0 0 0 0 0 0 1 1 1 0 
2 5 0 0 0 1 0 0 0 0 0 0 0 0 0 
2 2 1 0 1 0 0 1 0 0 0 0 0 0 0 
2 1 1 0 1 0 0 0 0 0 0 1 1 1 0 
2 1 0 0 1 1 0 0 0 1 0 0 0 0 0 
7 1 1 0 1 0 0 0 0 0 0 0 0 0 0 
7 3 1 0 0 0 0 0 0 0 0 0 0 0 0 
7 1 0 0 1 1 0 0 0 0 1 0 1 0 0 
7 1 0 1 1 0 0 0 0 0 0 0 0 0 0 
4 2 0 1 1 0 0 0 0 0 0 0 0 0 0 
0 2 0 0 1 1 0 0 0 1 0 0 1 0 0 
2 1 1 0 0 0 0 1 0 0 0 1 0 0 0 
2 2 0 0 0 1 0 0 0 0 1 0 0 0 0 
2 2 0 1 1 0 0 0 0 0 0 0 1 1 0 
12 1 1 0 0 0 0 0 0 0 0 0 0 0 0 
6 1 1 0 0 0 0 1 1 0 0 0 0 0 0 
6 2 0 0 0 1 0 0 0 0 1 0 0 0 0 
6 3 0 0 1 1 0 0 0 1 0 0 1 0 0 
4 1 0 1 0 0 0 0 0 0 0 0 0 0 0 
10 6 1 0 0 0 0 0 0 1 0 0 0 0 0 
3 2 0 1 1 0 0 0 0 0 0 0 1 1 0 
3 2 0 0 0 1 0 0 0 0 0 0 0 0 0 
0 1 0 1 1 0 0 0 1 0 0 0 0 0 0 
9 1 0 1 0 0 0 0 0 1 0 0 0 0 0 
0 2 0 1 1 0 0 0 0 1 0 0 0 0 0 
8 3 0 1 0 0 0 0 0 0 0 0 0 0 0 
7 1 1 0 1 0 0 0 0 0 0 0 1 1 0 
8 2 0 0 1 1 0 0 0 0 1 1 1 0 0 
9 1 0 1 1 0 0 0 0 1 0 0 1 0 0 
9 1 0 0 1 1 0 0 0 0 0 0 0 0 0 
9 1 1 0 0 0 0 0 1 0 0 0 0 0 0 
9 2 0 0 1 1 0 0 0 1 0 0 0 0 0 
1 1 0 1 1 0 0 0 0 1 0 0 0 0 0 
10 2 1 0 1 0 0 0 0 1 0 0 0 0 0 
10 1 1 0 0 0 0 0 0 0 0 0 0 1 0 
11 1 0 0 0 1 0 0 1 0 1 0 0 0 0 
11 1 0 1 1 0 0 0 0 1 0 0 0 0 0 
11 1 1 0 1 0 0 0 0 0 0 0 1 0 0 
8 1 1 0 0 0 0 1 1 0 0 1 0 1 0 
2 1 1 0 1 0 0 0 0 0 0 0 0 1 0 
2 1 1 0 0 0 0 1 1 0 0 0 0 1 0 
2 1 0 1 0 0 0 0 0 1 0 0 0 1 0 
11 3 1 0 0 0 0 0 0 0 0 0 0 0 0 
4 1 0 0 0 1 0 0 1 0 0 1 0 0 0 
12 1 0 1 1 0 0 0 0 1 0 0 0 0 0 
8 2 1 0 1 0 0 1 0 0 0 0 0 0 0 
2 1 0 1 0 0 0 0 0 1 0 1 0 1 0 
10 1 1 0 0 0 0 1 1 0 0 0 0 0 0 
0 1 1 0 0 0 0 1 0 0 0 1 0 1 0 
1 1 0 1 0 0 0 0 0 1 0 0 0 0 0 
6 1 0 1 0 0 0 0 0 1 0 0 0 1 0 
6 1 0 0 0 1 0 0 0 0 0 1 0 0 0 
6 1 0 0 1 1 0 0 0 1 1 0 1 0 0 
9 1 0 1 1 0 0 0 0 0 0 0 0 1 0 
3 1 0 1 1 0 0 0 0 0 0 0 0 0 0 
11 3 0 0 1 1 0 0 0 0 0 0 1 0 0 
10 1 1 0 0 0 0 0 0 0 0 1 0 0 0 
0 3 0 1 0 0 0 0 0 1 0 0 0 0 0 
8 1 0 1 1 0 0 0 0 0 0 0 0 1 0 
4 1 0 0 1 1 0 0 0 1 1 0 0 0 0 
11 1 0 1 1 0 0 0 0 0 0 0 0 0 0 
11 1 0 0 1 1 0 0 0 0 0 1 1 0 0 
10 1 1 0 0 0 0 0 1 0 0 0 0 0 0 
2 1 0 1 1 0 0 0 0 1 0 0 1 0 0 
2 2 1 0 0 0 0 0 0 0 0 0 0 1 0 
2 3 1 0 0 0 0 1 0 0 0 0 0 0 0 
12 1 0 1 0 0 0 0 0 1 0 0 0 1 0 
6 1 0 1 0 0 0 0 1 0 0 0 0 0 0 
6 2 1 0 1 0 0 1 0 0 0 0 0 0 0 
9 2 0 0 0 1 0 0 0 0 1 0 0 0 0 
9 1 1 0 0 0 0 0 0 0 0 0 0 1 0 
5 1 0 0 0 1 0 0 0 0 0 0 0 0 0 
9 1 1 0 1 0 0 0 0 1 0 0 1 0 0 
9 1 0 1 0 0 0 0 0 0 0 0 0 0 0 
10 1 1 0 0 0 0 0 0 0 0 0 0 0 0 
9 1 0 1 0 0 0 0 1 0 0 0 0 1 0 
2 1 1 0 1 0 0 0 0 0 0 1 1 0 0 
10 1 0 0 1 0 1 0 0 0 0 0 0 0 0 
10 1 0 1 0 0 0 0 0 0 0 0 0 0 0 
11 1 0 0 0 1 0 0 0 1 0 0 0 0 0 
6 3 0 1 0 0 0 0 0 0 0 0 0 0 0 
6 1 0 0 0 1 0 0 0 0 1 1 0 0 0 
5 1 1 0 0 0 0 0 0 0 0 0 0 1 0 
5 1 0 1 1 0 0 0 0 1 0 0 0 0 0 
5 1 1 0 0 0 0 0 1 0 0 0 0 0 0 
2 1 1 0 0 0 0 0 0 1 0 0 0 1 0 
6 1 0 0 1 1 0 0 0 1 0 0 0 0 0 
11 1 1 0 1 0 0 0 0 0 0 0 1 1 0 
11 1 0 0 0 1 0 0 1 1 0 0 0 0 0 
11 1 0 0 1 1 0 0 0 0 1 0 0 0 0 
6 1 0 1 1 0 0 0 0 1 0 0 1 1 0 
2 1 0 0 0 1 0 0 0 0 1 1 0 0 0 
2 1 0 0 0 1 0 0 1 0 0 0 0 0 0 
2 1 1 0 1 0 0 0 0 1 0 0 1 1 0 
9 1 1 0 1 0 0 1 0 0 0 0 0 0 0 
2 1 0 1 1 0 0 0 0 0 0 1 1 1 0 
6 1 0 0 0 1 0 0 1 0 0 0 0 0 0 
6 1 0 1 1 0 0 0 0 1 0 0 0 0 0 
6 1 0 0 1 1 0 0 0 0 1 0 0 0 0 
0 1 0 1 1 0 0 0 0 0 0 0 1 0 0 
9 1 0 0 1 1 0 0 0 1 0 0 1 0 0 
3 2 0 0 1 1 0 0 0 0 0 0 1 0 0 
1 1 0 0 1 1 0 0 0 0 1 1 0 0 0 
6 1 0 0 1 0 1 0 0 0 0 0 0 0 0 
2 1 0 1 0 0 0 0 1 1 0 1 0 1 0 
9 1 0 0 0 1 0 0 1 0 0 0 0 0 0 
4 1 0 0 0 1 0 0 0 1 0 0 0 0 0 
7 1 0 0 1 1 0 0 0 0 0 0 1 0 0 
7 1 0 1 1 0 0 0 0 0 0 0 1 0 0 
0 1 0 0 1 1 0 0 0 0 1 1 0 0 0 
8 1 0 0 1 1 0 0 0 0 0 1 0 0 0 
8 1 0 1 1 0 0 0 0 1 0 0 1 0 0 
3 1 1 0 0 0 0 0 1 0 0 0 0 0 0 
3 1 0 1 0 0 0 0 1 0 0 0 0 1 0 
0
1
2
3
4
5
6
3
3
5
2
0
7
4
8
3
0
2
9
3
10
0
3
6
3
3
11
3
0
3
2
5
3
11
4
1
0
2
7
3
11
1
0
3
2
3
0
12
13
14
15
16
17
18
19
20
21
22
23
20
23
24
25
23
26
17
27
28
20
29
20
22
30
31
20
25
30
32
33
34
17
27
17
17
35
14
17
36
17
37
36
38
39
40
41
42
38
43
38
44
38
18
45
46
17
47
48
17
15
35
17
49
50
51
52
53
52
54
51
50
55
56
57
58
59
60
40
61
62
59
63
64
65
64
40
66
67
68
67
23
20
30
22
69
70
69
71
72
73
18
65
74
75
76
77
65
64
78
79
23
20
22
30
79
23
20
80
20
30
81
82
83
20
30
28
20
23
84
22
85
57
86
57
57
87
57
88
89
90
76
74
75
80
65
91
89
65
75
92
93
65
63
54
52
51
50
53
94
56
90
95
78
65
38
96
40
36
17
17
35
90
97
98
99
35
100
18
101
102
103
20
104
24
89
35
105
36
99
90
90
106
89
35
69
73
107
73
69
108
69
71
109
110
69
111
112
113
114
32
115
108
69
116
107
38
117
40
39
118
60
110
57
119
120
19
24
20
121
20
22
122
25
82
123
69
108
115
71
124
18
52
125
126
127
94
50
53
52
94
51
99
128
129
89
90
59
90
130
99
98
131
90
99
35
89
132
57
133
57
57
134
57
57
35
14
135
136
17
48
17
35
60
40
59
39
68
67
41
38
18
22
30
25
20
137
20
138
129
45
57
86
57
57
139
140
54
50
53
52
94
51
52
58
141
128
89
35
90
99
36
17
35
90
142
90
36
17
35
143
17
36
50
94
51
52
144
54
40
145
18
38
36
17
146
40
66
147
39
41
40
117
39
60
148
149
150
81
35
151
152
136
17
35
14
15
80
35
143
35
105
36
40
20
121
20
78
153
64
65
154
155
156
157
158
159
158
160
151
18
50
51
52
55
127
94
127
161
7
0
50
12
29
20
162
20
137
128
40
63
153
64
74
65
75
163
128
164
20
30
20
121
20
22
30
20
80
20
121
24
20
50
53
52
94
127
165
50
51
166
90
90
99
53
167
125
168
94
52
169
50
12
11
3
170
9
171
18
100
129
64
65
74
78
77
65
17
17
36
143
35
14
172
101
173
101
101
59
98
89
90
137
174
79
30
20
20
23
22
23
79
78
20
19
20
79
30
22
84
137
20
24
175
0
10
12
50
53
90
99
23
22
24
176
20
137
20
83
30
89
90
90
59
96
177
178
40
179
38
110
69
73
107
71
180
73
181
69
182
183
100
172
101
173
18
101
59
57
40
129
80
17
35
47
17
36
40
35
17
184
36
17
17
35
81
185
186
30
20
28
23
31
22
30
20
20
121
128
75
129
71
57
187
188
189
88
57
18
190
129
93
65
64
103
129
40
17
48
17
15
35
40
54
191
65
151
151
127
94
50
51
52
78
153
90
99
53
89
91
153
75
92
93
102
64
54
192
65
75
23
20
79
64
129
154
128
19
20
30
79
20
30
22
20
137
20
193
129
194
20
82
22
30
20
28
23
79
84
30
89
90
195
90
196
90
5
99
18
22
23
20
20
79
30
20
177
197
110
98
99
90
198
30
20
22
23
25
24
137
20
28
82
81
30
20
20
23
149
171
46
199
150
149
30
20
79
23
200
20
30
20
28
82
52
53
50
18
30
79
20
23
78
94
94
169
50
51
52
17
36
17
201
35
14
17
36
17
94
51
202
55
203
94
50
51
52
204
69
69
108
69
205
22
30
83
82
25
20
30
100
18
206
59
57
57
207
57
40
65
74
165
17
35
17
143
36
14
35
135
143
35
208
18
30
22
30
20
209
20
23
24
43
40
39
148
60
38
210
40
179
38
57
86
58
86
57
40
66
177
57
59
18
67
211
40
212
207
57
57
86
57
40
129
74
128
194
213
57
58
36
40
17
35
214
21
20
137
20
22
30
79
20
23
20
80
24
22
23
79
23
20
30
83
23
120
153
215
216
129
18
171
65
217
75
164
64
80
102
74
129
89
90
51
99
90
106
56
94
50
53
94
127
94
50
53
90
218
90
127
94
50
53
52
94
53
52
18
219
220
127
55
52
144
69
71
183
73
72
221
69
222
162
22
23
20
20
30
20
79
30
22
33
223
69
18
224
221
69
71
107
69
225
69
70
115
226
124
71
227
69
107
73
69
69
51
50
228
65
128
75
127
94
52
53
50
229
185
230
57
231
58
57
53
50
51
52
53
232
57
127
94
50
53
94
52
51
52
78
50
51
99
90
233
91
78
50
51
52
18
234
36
17
35
40
235
236
36
90
90
59
39
40
76
80
20
23
79
30
20
22
30
20
128
237
65
75
217
65
93
141
216
128
20
23
120
122
79
20
23
20
30
176
100
18
171
53
52
51
52
238
50
53
52
51
232
239
240
57
40
241
57
194
207
57
119
197
59
101
18
56
94
52
53
50
242
94
56
90
90
99
53
50
64
243
64
65
103
75
244
245
217
65
20
20
30
79
20
80
246
107
73
69
69
59
18
38
41
40
61
38
51
52
55
127
94
50
51
52
247
248
94
52
53
220
171
53
52
249
52
250
149
171
30
22
20
137
20
251
31
23
20
22
107
73
69
252
69
116
69
108
69
71
253
13
18
101
145
99
106
89
254
95
90
99
36
17
11
90
142
20
30
79
84
137
20
24
23
22
54
52
53
52
94
168
255
50
53
52
51
149
256
24
23
20
20
22
30
79
20
23
103
24
23
22
20
30
20
209
20
23
126
50
51
52
169
52
232
94
53
50
69
257
69
12
258
69
71
259
158
260
20
261
79
84
22
30
20
20
30
209
3
0
81
149
127
126
51
52
161
11
3
50
53
38
262
38
39
110
263
22
23
20
30
20
25
20
23
22
78
79
20
19
20
18
264
253
100
101
265
18
