1274 13 242 10 1 14
2 3 1
1 15 1
2 3 1
1 6 1
1 5 1
1 10 0
1 3 0
1 6 0
1 3 0
1 6 0
1 8 0
1 3 0
1 15 0
0 3 1 0 1 0 0 0 0 0 0 1 0 0 0 
0 4 1 0 1 0 0 0 0 0 1 0 0 1 0 
1 1 0 0 0 1 0 0 0 0 0 0 1 0 0 
1 5 1 0 1 0 0 0 0 0 0 0 0 0 0 
1 3 1 0 0 0 0 0 0 0 0 0 0 1 0 
1 10 0 0 0 0 1 0 0 0 0 0 0 0 0 
1 1 1 0 1 0 0 0 0 0 0 1 0 0 0 
2 1 1 0 0 0 0 1 0 0 0 0 0 0 0 
2 1 0 0 1 1 0 0 0 0 1 0 0 0 0 
2 5 1 0 0 0 0 0 0 0 0 0 0 0 0 
2 1 1 0 1 0 0 0 1 0 1 0 1 0 1 
2 13 0 0 0 0 1 0 0 0 0 0 0 0 0 
3 4 1 0 1 0 0 0 0 0 0 0 0 0 0 
3 9 1 0 1 0 0 0 0 0 1 0 0 0 0 
4 6 0 0 1 1 0 0 0 0 0 0 0 0 0 
4 10 1 0 1 0 0 0 0 0 1 0 0 0 0 
5 14 0 0 0 0 1 0 0 0 0 0 0 0 0 
5 33 1 0 1 0 0 0 0 0 0 1 1 0 0 
6 39 0 1 1 0 0 0 0 0 0 0 0 0 0 
6 1 1 0 0 0 0 1 0 0 0 0 0 1 0 
7 75 1 0 1 0 0 0 0 0 1 0 0 0 0 
7 14 0 0 1 0 1 0 0 0 0 0 0 0 0 
2 21 1 0 1 0 0 0 0 0 1 0 0 0 0 
2 2 1 0 1 0 0 0 0 0 0 1 1 0 0 
8 2 0 0 0 0 1 0 1 0 0 0 0 0 0 
8 31 1 0 1 0 0 0 0 0 1 0 0 0 0 
5 10 0 0 1 1 0 0 0 0 0 0 0 0 0 
5 22 1 0 0 0 0 0 0 0 0 1 0 0 0 
5 33 1 0 1 0 0 0 0 0 1 0 0 0 0 
6 33 0 0 1 0 1 0 0 0 0 0 0 1 0 
3 5 1 0 0 0 0 0 0 0 0 0 0 0 0 
2 1 0 0 0 1 0 0 0 0 0 0 0 1 0 
1 2 1 0 1 0 0 0 1 0 0 1 1 0 1 
1 12 1 0 1 0 0 0 0 0 1 0 0 0 0 
9 10 1 0 1 0 0 0 0 0 0 0 0 0 0 
9 13 1 0 1 0 0 0 0 0 1 0 0 0 0 
9 4 0 0 0 1 0 0 0 0 0 0 0 1 0 
9 1 1 0 1 0 0 0 0 0 0 1 0 0 0 
7 3 1 0 0 0 0 1 0 0 0 0 0 0 0 
7 2 1 0 0 0 0 0 0 1 0 0 1 1 0 
7 3 1 0 1 0 0 0 0 0 0 1 0 0 0 
2 2 0 0 1 1 0 0 0 0 0 0 0 0 0 
2 3 1 0 1 0 0 0 0 0 0 0 0 0 0 
4 5 1 0 1 0 0 0 0 0 0 0 0 0 0 
5 2 0 0 0 1 0 1 1 1 0 0 1 0 1 
5 3 1 0 1 0 0 0 0 0 1 0 0 1 0 
5 6 1 0 1 0 0 0 0 0 0 1 0 0 0 
3 3 1 0 0 0 0 0 0 0 0 0 0 1 0 
7 55 0 0 0 0 1 0 0 0 0 0 0 0 0 
7 30 1 0 1 0 0 0 0 0 0 1 1 0 0 
7 12 0 0 0 1 0 0 0 0 0 0 0 0 0 
10 11 1 0 0 0 0 0 0 0 0 0 0 0 0 
10 45 1 0 1 0 0 0 0 0 1 0 0 0 0 
10 2 0 0 1 1 0 0 0 0 0 0 0 0 0 
10 4 1 0 0 0 0 1 0 0 0 0 0 0 0 
10 10 0 0 1 0 1 0 0 0 0 0 0 0 0 
5 3 1 0 0 0 0 0 1 0 0 0 0 0 1 
9 12 1 0 0 0 0 0 0 0 0 0 0 0 0 
0 2 0 0 1 0 1 0 0 0 0 0 0 0 0 
0 22 1 0 1 0 0 0 0 0 1 0 0 0 0 
1 6 0 0 0 1 0 0 0 0 0 0 0 0 0 
7 20 1 0 1 0 0 0 0 0 0 0 0 0 0 
7 3 0 0 0 0 1 0 1 0 0 0 0 0 0 
7 10 1 0 0 0 0 0 0 0 0 0 0 1 0 
5 15 1 0 0 0 0 0 0 0 0 0 0 0 0 
7 8 1 0 1 0 0 0 1 0 0 1 1 0 1 
7 14 1 0 1 0 0 0 0 0 1 0 0 1 0 
7 22 1 0 0 0 0 0 0 0 0 0 0 0 0 
7 2 0 0 1 1 0 0 0 0 0 0 0 1 0 
11 4 1 0 0 0 0 0 0 0 0 0 0 0 0 
11 4 1 0 1 0 0 0 0 0 0 1 1 0 0 
11 1 0 0 0 0 1 0 1 0 0 0 0 0 0 
10 8 1 0 1 0 0 0 0 0 0 0 0 0 0 
1 4 0 0 0 1 0 0 0 0 0 0 0 1 0 
6 20 1 0 1 0 0 0 0 0 0 0 0 0 0 
0 5 1 0 1 0 0 0 1 0 0 1 1 0 1 
0 2 0 0 0 1 0 0 0 0 0 0 0 0 0 
6 5 0 0 0 0 1 0 0 0 0 0 0 0 0 
9 5 1 0 1 0 0 0 0 0 0 1 1 0 0 
9 4 0 0 0 1 0 0 0 0 0 0 0 0 0 
9 3 1 0 1 0 0 0 0 0 1 0 0 1 0 
5 1 0 0 0 0 1 0 1 0 0 0 0 0 0 
5 12 1 0 1 0 0 0 0 0 0 0 0 0 0 
5 2 0 0 0 1 0 1 0 0 0 0 0 1 0 
3 1 0 0 0 1 0 0 0 0 0 0 0 1 0 
10 10 1 0 1 0 0 0 0 0 0 1 1 0 0 
10 2 0 1 1 0 0 0 0 0 0 0 0 0 0 
10 2 1 0 0 0 0 0 0 0 0 0 0 1 0 
0 8 0 0 0 0 1 0 0 0 0 0 0 0 0 
1 1 0 0 0 1 0 1 0 0 0 0 0 0 0 
5 2 1 0 0 0 0 0 0 0 0 0 1 0 0 
5 5 0 0 1 0 1 0 0 0 0 0 0 0 0 
2 1 0 1 1 0 0 0 0 0 0 0 0 0 0 
12 1 1 0 0 0 0 1 0 0 0 0 0 1 0 
12 1 0 0 0 0 1 0 1 0 0 0 0 0 0 
12 4 1 0 1 0 0 0 0 0 0 0 0 0 0 
12 2 1 0 1 0 0 0 0 0 1 0 0 0 0 
12 5 0 0 0 1 0 0 0 0 0 0 0 1 0 
8 7 0 0 1 0 1 0 0 0 0 0 0 0 0 
6 8 0 0 1 1 0 0 0 0 0 0 0 0 0 
5 5 0 0 1 1 0 0 0 0 0 0 0 1 0 
3 1 1 0 0 0 0 0 1 0 0 0 0 0 0 
9 3 0 0 1 1 0 0 0 0 0 0 0 1 0 
10 2 1 0 0 0 0 0 1 0 0 0 0 0 1 
6 9 1 0 0 0 0 1 0 0 0 0 0 0 0 
1 3 0 0 1 1 0 0 0 0 0 0 0 0 0 
1 12 1 0 0 0 0 0 0 0 0 0 0 0 0 
8 4 0 0 1 1 0 0 0 0 0 0 0 0 0 
8 3 1 0 0 0 0 0 0 0 0 0 0 1 0 
8 6 1 0 0 0 0 0 0 0 0 0 0 0 0 
0 3 0 0 1 1 0 0 0 0 0 0 0 0 0 
8 12 0 0 0 0 1 0 0 0 0 0 0 0 0 
10 14 0 0 0 0 1 0 0 0 0 0 0 0 0 
4 1 1 0 0 0 0 0 1 0 0 0 0 0 0 
4 6 0 1 1 0 0 0 0 0 0 0 0 0 0 
10 3 0 0 0 1 0 0 0 0 0 0 0 1 0 
10 3 1 0 0 0 0 0 0 0 0 1 0 0 0 
2 1 1 0 1 0 0 0 0 0 0 0 1 0 0 
5 13 0 0 0 1 0 0 0 0 0 0 0 0 0 
5 2 1 0 0 0 0 0 0 0 0 0 0 1 0 
1 1 1 0 1 0 0 0 1 0 1 0 1 0 1 
5 1 1 0 0 0 0 0 1 0 0 0 1 0 0 
11 2 1 0 1 0 0 0 0 0 1 0 0 0 0 
11 3 0 0 0 0 1 0 0 0 0 0 0 0 0 
1 1 0 0 0 1 0 0 1 0 0 0 0 0 0 
6 1 1 0 0 0 0 0 0 0 0 0 0 1 0 
7 1 1 0 1 0 0 0 0 0 1 0 1 0 0 
7 7 0 0 1 1 0 0 0 0 0 0 0 0 0 
10 5 1 0 1 0 0 0 1 0 0 1 1 0 1 
6 4 1 0 0 0 0 0 0 0 0 0 0 0 0 
8 4 1 0 1 0 0 0 0 0 1 0 0 1 0 
8 4 1 0 1 0 0 0 0 0 0 0 0 0 0 
5 14 0 0 0 1 0 0 0 0 0 0 0 1 0 
5 2 1 0 1 0 0 0 1 0 1 0 1 0 1 
7 5 0 0 0 1 0 0 0 0 0 0 0 1 0 
0 2 1 0 1 0 0 0 0 0 0 1 1 0 0 
0 1 0 1 1 0 0 0 0 0 0 0 0 0 0 
0 3 1 0 0 0 0 0 0 0 0 0 0 0 0 
0 1 1 0 1 0 0 0 1 0 1 0 0 0 1 
5 3 0 0 0 1 0 0 0 1 0 0 0 0 0 
9 6 1 0 0 0 0 0 0 0 0 1 0 0 0 
1 1 0 0 1 0 1 0 0 0 0 0 0 0 0 
3 4 1 0 0 0 0 1 0 0 0 0 0 0 0 
1 2 1 0 1 0 0 0 0 0 0 0 0 1 0 
9 3 1 0 0 0 0 1 0 0 0 0 0 0 0 
9 4 0 0 1 1 0 0 0 0 0 0 0 0 0 
11 1 1 0 0 0 0 0 1 0 0 0 0 0 1 
5 2 1 0 1 0 0 0 0 1 1 0 1 0 0 
10 1 1 0 1 0 0 0 0 1 0 0 0 0 0 
10 3 1 0 0 0 0 1 0 0 0 0 0 1 0 
5 2 0 1 1 0 0 0 0 0 0 0 0 0 0 
5 3 1 0 1 0 0 0 1 0 0 1 1 0 1 
3 1 0 0 1 1 0 0 0 0 0 0 0 0 0 
7 5 1 0 0 0 0 1 0 0 0 0 0 1 0 
12 1 0 0 0 1 0 0 0 0 0 0 0 0 0 
0 5 1 0 1 0 0 0 0 0 0 0 0 0 0 
8 1 1 0 1 0 0 0 1 0 0 1 1 0 1 
8 2 0 0 0 1 0 0 0 0 0 0 0 0 0 
10 5 1 0 1 0 0 0 0 0 0 1 0 0 0 
10 2 1 0 0 0 0 0 0 0 0 0 1 1 0 
10 2 1 0 1 0 0 0 0 0 0 0 0 1 0 
9 1 1 0 1 0 0 0 0 0 1 0 1 0 0 
6 1 0 0 0 1 0 0 0 0 0 0 0 0 0 
8 1 1 0 1 0 0 0 1 1 1 0 1 0 1 
9 1 1 0 0 0 0 1 0 0 0 0 0 1 0 
7 1 1 0 0 0 0 1 1 0 0 1 1 0 1 
5 2 1 0 1 0 0 0 0 1 0 0 0 0 0 
8 4 0 0 0 1 0 0 0 0 0 0 0 1 0 
8 1 1 0 1 0 0 0 0 1 0 0 0 0 0 
5 1 1 0 0 0 0 1 0 0 0 0 0 0 0 
5 1 1 0 1 0 0 0 0 0 1 0 1 0 0 
12 1 0 0 1 1 0 0 0 0 0 0 0 0 0 
7 1 1 0 0 0 0 0 0 0 0 0 1 0 0 
0 1 0 0 0 0 1 0 1 0 0 0 0 0 0 
12 1 0 1 1 0 0 0 0 0 0 0 0 0 0 
12 1 1 0 1 0 0 0 0 0 0 0 1 0 0 
12 1 1 0 0 0 0 0 0 0 0 0 0 0 0 
7 1 1 0 1 0 0 0 1 1 1 0 1 0 1 
3 2 1 0 1 0 0 0 1 0 0 1 1 0 1 
12 3 0 0 0 0 1 0 0 0 0 0 0 0 0 
4 1 0 0 0 1 0 0 0 0 0 0 0 1 0 
1 1 1 0 0 0 0 1 0 0 0 0 0 0 0 
1 1 1 0 0 0 0 0 0 0 0 1 0 0 0 
1 1 1 0 0 0 0 0 0 0 0 0 1 0 0 
9 2 1 0 0 0 0 0 0 0 0 0 1 1 0 
3 1 1 0 0 0 0 0 0 0 0 1 0 0 0 
10 3 0 0 0 1 0 0 0 0 0 0 0 0 0 
4 2 0 0 1 0 1 0 0 0 0 0 0 0 0 
11 1 1 0 1 0 0 0 0 0 0 0 0 0 0 
11 1 1 0 1 0 0 0 0 0 0 0 0 1 0 
3 2 0 0 0 1 0 0 0 0 0 0 0 0 0 
3 1 1 0 1 0 0 0 0 0 0 0 1 0 0 
1 1 0 0 0 1 0 0 1 0 0 0 0 0 1 
9 1 1 0 1 0 0 0 0 1 1 0 1 0 0 
7 1 0 1 1 0 0 0 0 0 0 0 0 0 0 
7 2 1 0 1 0 0 0 1 0 1 0 0 0 1 
2 1 0 0 1 1 0 0 0 0 0 0 0 1 0 
11 1 0 0 0 1 0 0 0 0 0 0 0 1 0 
11 1 1 0 0 0 0 0 1 0 0 0 0 0 0 
1 2 1 0 1 0 0 0 0 0 1 0 0 1 0 
7 1 1 0 0 0 0 0 1 0 0 0 0 0 1 
1 3 0 0 0 0 1 0 1 0 0 0 0 0 0 
1 1 1 0 1 0 0 0 0 0 0 1 1 0 0 
1 1 0 0 1 1 0 0 0 0 0 0 0 1 0 
1 1 1 0 0 0 0 0 1 0 0 0 0 0 1 
4 1 0 0 1 0 1 0 1 0 0 0 0 0 0 
4 2 1 0 0 0 0 0 0 0 0 0 0 0 0 
9 4 1 0 1 0 0 0 1 0 0 1 1 0 1 
2 2 0 0 0 1 0 0 0 0 0 0 0 0 0 
6 1 1 0 1 0 0 0 0 1 1 0 0 0 0 
7 1 0 0 0 1 0 0 1 0 0 0 0 0 1 
8 3 0 1 1 0 0 0 0 0 0 0 0 0 0 
3 2 1 0 0 0 0 1 0 0 0 0 0 1 0 
8 1 0 0 0 1 0 0 0 1 0 0 0 0 0 
6 2 0 0 1 0 1 0 0 0 0 0 0 0 0 
6 2 1 0 1 0 0 0 0 0 1 0 0 1 0 
10 3 1 0 1 0 0 0 0 0 1 0 0 1 0 
10 1 0 0 0 1 0 1 0 0 0 0 0 1 0 
5 1 0 0 0 1 0 1 0 0 0 0 0 0 0 
2 2 0 0 1 0 1 0 0 0 0 0 0 0 0 
2 1 0 0 0 0 1 0 1 0 0 0 0 0 0 
6 2 1 0 1 0 0 0 0 0 1 0 0 0 0 
5 1 1 0 0 0 0 0 1 0 0 0 0 0 0 
0 1 1 0 1 0 0 0 0 1 1 0 1 0 0 
8 1 1 0 1 0 0 0 1 1 0 0 0 0 1 
1 1 1 0 0 0 0 0 1 0 0 0 0 0 0 
7 1 0 0 1 0 1 0 1 0 0 0 0 0 1 
7 1 0 0 1 1 0 0 0 1 1 0 0 0 0 
2 1 1 0 1 0 0 0 0 1 1 0 0 0 0 
9 1 1 0 0 0 0 0 0 0 0 0 0 1 0 
10 1 1 0 0 0 0 0 1 0 0 0 0 0 0 
0 1 0 0 1 1 0 0 0 0 1 0 0 0 0 
0 1 1 0 0 0 0 0 1 0 0 0 0 0 1 
9 1 1 0 0 0 0 0 0 0 0 0 1 0 0 
1 1 1 0 0 0 0 1 0 0 0 0 0 1 0 
3 2 1 0 1 0 0 0 0 0 1 0 0 1 0 
7 1 0 0 1 0 1 0 1 0 0 0 0 0 0 
1 1 0 0 1 1 0 0 0 1 1 0 0 0 0 
5 1 1 0 1 0 0 0 1 1 0 0 1 0 1 
8 1 0 0 0 1 0 1 0 1 0 0 1 0 0 
10 1 0 0 0 0 1 0 1 0 0 0 0 0 0 
3 1 1 0 1 0 0 0 0 0 0 1 1 0 0 
0
1
2
3
4
5
6
7
8
9
10
11
12
13
14
15
16
17
18
19
20
21
9
22
23
24
25
26
27
28
29
30
22
31
32
33
5
34
35
36
37
18
38
20
21
39
40
21
9
41
22
42
11
22
43
44
45
46
11
15
18
47
13
48
49
20
50
20
21
51
52
53
54
55
17
56
18
57
58
59
60
61
49
62
20
61
50
20
63
48
20
18
64
65
66
48
20
67
68
20
69
70
71
72
52
73
74
74
48
1
75
76
59
18
77
20
78
79
80
34
81
82
28
83
17
35
57
29
13
30
84
85
55
51
52
86
87
59
88
32
89
52
72
16
27
28
26
90
91
28
27
92
22
9
29
78
79
35
93
94
95
96
97
78
57
98
25
30
99
33
5
49
1
88
59
100
64
17
29
101
13
102
103
52
18
64
17
29
104
33
105
106
5
64
28
17
16
25
107
108
25
98
109
75
110
111
25
72
112
52
74
79
78
29
113
114
15
51
55
52
115
116
52
11
117
22
118
46
91
119
28
18
106
120
105
4
28
91
27
28
26
121
28
29
27
64
26
122
123
70
114
51
52
124
61
20
62
49
125
99
20
63
48
40
67
126
127
48
114
15
27
29
104
52
53
51
128
29
129
74
60
130
131
111
25
17
132
59
43
11
114
133
83
46
25
111
61
20
48
49
20
134
61
20
62
38
135
136
137
138
29
109
25
118
17
66
48
67
66
139
17
25
111
18
35
140
127
67
21
20
56
17
11
22
105
4
33
141
142
47
18
17
5
33
143
48
20
61
134
49
20
48
34
80
144
18
29
140
145
35
146
29
147
64
26
28
27
11
22
148
112
52
85
115
52
55
149
150
28
132
17
33
5
3
33
73
78
35
48
61
20
50
61
59
88
75
59
36
34
34
48
20
63
18
74
111
49
20
134
61
20
48
61
20
132
151
59
88
74
74
139
28
17
16
130
18
57
35
29
139
109
59
75
88
59
152
47
13
48
153
49
50
20
67
21
20
90
150
27
52
55
54
52
154
65
61
48
20
155
76
20
49
48
20
97
95
12
111
25
156
157
25
61
48
28
17
118
28
29
104
18
158
159
55
20
67
127
20
48
128
54
52
127
48
20
61
48
20
49
50
52
160
111
25
140
145
57
161
112
149
52
51
55
52
79
65
66
48
69
59
18
162
20
49
48
66
3
60
33
29
27
163
98
57
35
145
164
20
48
49
109
107
25
98
109
25
18
165
127
20
67
48
20
49
134
59
166
48
22
17
167
25
111
168
25
157
169
91
170
27
18
74
48
20
67
127
65
67
20
29
144
171
95
172
58
59
27
100
59
173
155
1
44
116
52
112
72
25
97
174
175
176
29
28
27
14
20
48
177
67
100
27
20
21
67
20
49
50
20
21
63
20
18
118
17
20
48
67
20
97
155
59
88
178
35
57
99
20
153
48
20
67
14
20
48
49
20
48
18
97
96
95
179
151
28
132
82
28
112
158
52
180
42
22
11
85
52
132
82
11
22
18
181
128
29
106
110
59
67
48
20
49
50
20
48
61
106
182
59
29
183
20
100
27
52
55
103
52
18
184
99
13
185
29
35
57
102
34
112
52
85
186
52
160
112
52
87
14
49
153
48
20
20
134
65
48
20
18
30
13
29
142
17
100
64
187
15
57
34
35
48
65
167
25
131
123
188
189
190
191
29
116
52
18
129
29
74
192
33
70
123
122
34
36
35
34
179
193
140
145
66
67
194
63
49
21
106
25
107
108
25
98
140
35
14
39
195
21
27
22
196
9
22
11
23
22
197
74
198
18
29
144
85
52
5
106
199
99
200
66
49
48
66
67
127
66
48
17
18
63
20
201
3
60
202
33
5
106
33
203
204
49
48
66
38
18
52
16
17
64
26
28
27
205
206
15
187
142
207
68
67
20
21
67
18
27
28
179
143
22
208
49
66
48
61
20
48
128
115
52
74
77
209
74
132
17
28
104
29
43
206
107
130
111
69
80
17
210
48
20
67
18
158
112
52
14
149
85
55
64
45
26
64
82
16
28
17
118
130
43
111
25
211
212
133
16
27
132
52
72
112
72
52
132
17
11
22
104
18
74
16
28
118
17
64
16
12
13
73
17
28
111
74
104
18
15
56
16
17
25
213
74
214
142
13
17
118
29
25
109
211
25
48
49
41
30
25
98
119
46
99
129
215
74
77
216
128
118
166
28
77
74
52
217
85
25
88
155
59
77
34
36
207
22
11
82
28
132
82
20
48
49
59
218
18
74
48
20
49
50
195
63
219
22
132
82
17
112
52
12
190
215
214
129
18
151
118
28
82
220
22
40
132
28
57
184
25
131
24
25
64
26
65
48
20
18
104
221
29
222
17
118
82
45
51
55
52
64
26
17
111
211
25
108
98
25
167
155
223
88
0
59
167
131
224
48
49
20
60
106
15
201
43
28
132
17
28
225
21
20
132
17
82
16
15
114
153
20
226
69
70
99
63
20
48
61
67
227
49
67
21
20
212
18
75
137
219
228
208
42
20
48
49
20
104
74
29
67
20
99
229
207
11
22
51
186
52
85
112
52
18
230
52
112
159
231
0
232
29
52
106
73
52
85
16
59
137
110
59
140
29
233
15
114
104
29
52
186
85
52
112
72
216
118
17
234
201
33
60
235
178
5
106
18
22
27
118
82
66
48
49
20
50
61
21
63
54
158
52
48
61
50
66
65
48
20
153
18
28
27
91
28
118
82
20
48
49
66
50
236
61
63
20
48
135
237
106
18
221
27
16
28
238
132
64
46
216
112
72
25
239
27
3
5
199
106
18
147
16
46
26
64
28
29
57
207
102
57
74
29
51
158
86
51
52
51
240
49
50
20
61
48
235
241
