1257 16 282 10 0 96
2 3 1
1 8 1
2 3 1
1 4 1
1 3 0
1 2 0
1 18 0
1 20 0
1 6 0
1 7 0
1 2 0
1 3 0
3 5 0
1 3 0
1 97 0
2 3 0
15 2 1 0 0 0 0 0 0 0 0 0 0 1 1 0 0 0 
15 27 1 0 1 1 0 1 0 0 0 0 1 0 0 0 0 1 
15 2 0 0 1 0 0 0 0 0 0 0 0 0 1 1 0 1 
15 6 1 0 0 0 0 0 0 0 1 0 1 0 0 0 0 0 
15 2 0 0 0 0 0 1 0 0 0 0 0 0 1 0 0 1 
15 1 1 0 0 0 0 0 0 0 0 0 0 0 0 1 0 1 
15 1 1 0 0 0 0 1 0 0 0 0 1 0 1 0 0 0 
15 9 0 0 0 0 0 0 0 0 0 0 0 0 1 0 0 0 
15 16 1 1 1 1 0 1 0 1 0 0 1 0 0 1 0 1 
15 4 1 0 0 0 0 0 0 0 0 0 0 0 1 0 0 0 
15 1 0 0 1 0 1 1 0 0 0 0 1 0 0 0 0 1 
15 1 1 0 1 0 0 0 0 0 0 0 0 1 1 0 0 1 
15 9 0 0 0 0 0 0 0 0 1 0 0 0 1 0 0 0 
15 11 1 0 1 0 0 0 0 0 0 0 0 0 0 1 0 1 
15 1 0 0 0 0 0 0 0 0 1 0 1 0 1 0 0 0 
15 23 1 0 1 1 0 1 0 0 0 0 0 0 0 0 0 1 
15 2 1 0 0 0 0 0 0 0 0 0 1 0 1 0 0 0 
15 3 0 0 1 0 0 1 0 0 0 1 0 0 0 0 0 1 
15 1 1 0 0 0 0 0 0 0 0 0 0 0 1 1 0 0 
15 1 1 1 1 0 0 1 0 1 0 0 1 0 1 1 0 1 
15 3 0 0 1 1 0 1 1 0 0 1 1 0 0 0 0 1 
15 3 0 0 0 0 0 0 0 0 0 0 0 1 1 0 0 0 
15 56 1 0 1 0 0 1 0 0 0 0 0 0 0 0 0 1 
15 5 1 0 1 0 0 1 0 0 0 0 0 0 0 1 0 1 
15 4 1 0 1 0 0 1 0 0 0 0 0 0 1 0 0 1 
15 1 1 0 0 0 0 0 0 0 0 0 1 1 1 0 0 0 
15 3 0 0 1 0 0 0 0 0 0 0 0 0 0 0 0 1 
15 1 1 0 0 0 0 0 0 0 1 0 0 0 1 0 0 0 
15 1 0 0 1 0 1 1 0 0 0 0 0 0 1 0 0 1 
15 12 0 0 1 0 0 0 0 0 0 0 0 0 0 1 0 1 
15 2 1 0 0 0 1 1 0 0 0 0 0 0 0 0 0 1 
15 3 0 0 1 0 0 1 0 0 0 0 0 0 1 0 0 1 
15 1 1 0 0 0 0 0 0 0 0 0 0 1 0 0 1 0 
15 8 1 0 1 0 0 1 0 0 0 0 1 0 0 0 0 1 
15 2 1 0 1 1 1 1 1 1 0 1 1 0 1 0 0 1 
15 1 0 0 0 0 0 1 0 0 1 0 0 0 1 0 0 0 
15 1 0 0 0 0 0 0 0 0 1 0 0 1 1 0 0 0 
15 1 0 1 1 1 1 1 0 1 0 0 1 0 0 1 0 1 
15 1 1 0 1 0 0 0 0 0 0 1 0 0 0 0 1 0 
15 21 0 0 0 0 0 0 0 0 1 0 0 0 0 0 0 0 
15 3 0 0 0 0 0 0 0 0 0 0 0 0 0 0 0 0 
15 1 0 0 0 0 0 0 0 0 0 0 0 1 0 0 0 0 
14 1 1 0 0 0 0 0 0 0 0 0 1 0 1 0 0 1 
10 92 0 0 0 0 0 0 0 0 0 0 0 0 1 0 0 0 
10 63 1 0 0 0 0 0 0 0 0 0 0 1 1 0 0 0 
18 14 1 0 1 1 0 1 0 0 0 0 1 0 0 0 0 1 
18 14 0 0 1 0 0 1 0 0 0 0 0 0 0 0 0 1 
18 5 1 0 0 0 0 0 0 0 0 0 0 0 0 1 0 0 
18 2 1 0 1 1 1 1 1 0 0 0 1 0 0 0 0 1 
18 3 0 0 1 0 0 1 0 0 0 0 1 0 0 0 0 1 
18 1 1 0 1 0 0 0 0 0 0 0 0 0 0 0 0 1 
18 5 1 0 1 1 0 1 0 0 0 0 0 0 0 0 0 1 
15 10 1 0 0 0 0 0 0 0 1 0 0 0 0 0 0 0 
15 3 0 0 1 1 0 1 0 0 0 1 0 0 0 0 0 1 
15 8 1 0 0 0 0 0 0 0 0 0 0 0 0 0 0 1 
15 3 1 1 0 0 0 1 0 1 0 0 1 0 0 1 0 0 
15 9 0 0 0 0 0 0 0 0 0 0 0 0 0 0 0 1 
15 2 1 0 1 0 0 1 0 0 0 0 1 1 0 0 0 1 
18 5 1 0 1 1 1 1 0 0 0 0 0 0 0 0 0 1 
18 15 0 0 0 0 0 0 0 0 0 0 0 0 0 1 0 0 
18 6 1 0 1 0 0 1 0 0 0 0 0 0 0 0 0 1 
18 3 0 0 1 1 0 1 0 0 0 1 0 0 0 0 0 1 
18 2 1 0 1 1 1 1 0 0 0 0 1 0 0 0 0 1 
10 19 0 0 0 0 0 0 0 0 1 0 0 0 1 0 0 0 
10 43 1 0 0 0 0 1 0 0 0 0 0 0 1 0 0 1 
10 12 0 1 1 0 0 1 0 1 0 1 1 0 1 1 0 0 
10 27 0 0 0 0 0 0 0 0 0 0 0 0 1 0 0 1 
10 2 0 0 0 0 0 1 0 0 1 0 0 1 1 0 0 0 
10 4 0 0 1 0 0 0 0 0 0 0 0 0 1 0 0 1 
10 29 0 0 0 0 0 0 0 0 0 0 0 0 1 1 0 0 
18 5 1 0 1 0 0 1 0 0 0 0 1 0 0 0 0 1 
15 2 0 0 1 0 1 0 0 0 0 0 0 0 0 0 0 1 
15 1 1 1 0 0 0 1 0 1 1 0 1 0 0 1 0 0 
15 1 0 0 1 0 0 1 0 0 0 0 0 1 0 0 0 1 
15 20 1 0 0 0 0 0 0 0 0 0 0 0 0 1 0 0 
15 20 0 0 1 0 0 1 0 0 0 0 0 0 0 0 0 1 
18 1 0 0 0 0 0 0 0 0 0 0 0 0 0 0 0 1 
18 1 0 0 1 0 1 1 0 0 0 0 0 0 0 0 0 1 
18 3 1 0 1 0 0 0 0 0 0 0 1 0 0 0 0 1 
14 1 0 0 0 0 0 0 0 0 0 0 0 1 1 0 0 0 
14 3 0 0 1 0 0 1 0 0 0 0 0 0 1 0 0 1 
14 1 0 0 0 0 0 0 0 0 0 0 0 0 1 0 0 0 
14 1 1 0 1 1 0 1 0 0 0 0 1 0 1 0 0 1 
14 4 1 0 0 0 0 0 0 0 0 0 0 0 1 0 0 1 
14 5 0 0 0 0 0 1 0 0 0 0 0 0 1 0 0 0 
14 1 0 0 0 0 1 1 0 0 0 0 0 0 1 0 0 1 
14 2 0 0 0 0 0 0 0 0 0 0 0 0 1 0 0 1 
18 1 0 1 1 0 0 1 0 1 0 0 1 0 0 1 0 1 
18 1 1 0 1 0 1 1 0 0 0 0 0 0 0 0 0 1 
15 10 1 0 1 1 1 1 0 0 0 0 0 0 0 0 0 1 
18 1 1 0 0 0 0 0 0 0 1 0 0 0 0 0 0 0 
10 5 0 1 0 0 0 1 0 1 0 1 1 0 1 1 0 0 
10 8 0 0 0 0 0 0 0 0 1 0 0 1 1 0 0 0 
10 10 1 0 1 1 1 1 0 0 0 0 1 0 1 0 0 1 
10 12 1 0 0 0 0 0 0 0 1 0 0 0 1 0 0 0 
18 1 1 0 1 1 0 1 1 0 0 0 1 0 0 0 0 1 
15 10 0 0 0 0 0 0 0 0 0 0 0 0 0 1 0 0 
15 1 0 0 0 0 0 0 0 0 1 0 1 0 0 0 0 0 
15 1 0 1 1 0 0 1 0 1 0 0 1 0 0 1 0 0 
18 1 0 0 1 1 0 1 0 0 0 1 1 0 0 0 0 1 
18 3 0 0 1 0 0 0 0 0 0 0 0 0 0 0 0 1 
13 2 0 0 0 0 0 0 0 0 1 0 0 0 1 0 0 0 
13 3 1 0 0 0 0 1 0 0 1 0 0 0 1 0 0 0 
13 2 0 0 1 0 0 0 0 0 0 0 0 0 1 0 0 1 
13 2 0 0 1 1 0 1 1 0 0 1 1 0 1 0 0 1 
13 1 1 0 0 0 0 0 0 0 0 0 0 1 1 0 0 1 
13 1 0 1 0 0 0 1 0 1 0 0 1 0 1 1 0 0 
13 1 1 0 1 0 0 0 0 0 0 0 0 0 1 0 0 1 
13 1 1 0 0 0 0 0 0 0 1 0 0 0 1 0 0 0 
18 1 0 0 1 0 0 1 0 0 0 1 0 0 0 0 0 1 
18 1 0 0 1 1 0 0 0 0 0 0 0 0 0 1 0 1 
15 3 0 0 1 1 0 0 0 0 0 0 0 0 0 1 0 1 
15 3 1 0 1 0 0 0 0 0 0 0 0 0 0 0 0 1 
15 7 1 0 1 1 1 1 0 0 0 0 1 0 0 0 0 1 
10 1 0 0 1 0 0 0 0 0 0 0 1 0 1 0 0 1 
10 1 1 0 0 0 0 1 0 0 0 0 1 0 1 0 0 0 
10 28 1 0 1 1 0 1 0 0 0 0 1 0 1 0 0 1 
15 1 0 1 0 0 0 1 0 1 1 0 1 0 0 1 0 0 
15 2 1 0 1 1 0 0 0 0 0 0 0 0 0 0 0 1 
15 3 1 0 1 1 0 0 0 0 0 0 1 0 0 0 0 1 
14 1 0 0 0 0 0 0 0 0 0 0 1 0 1 1 0 0 
10 5 1 0 1 0 0 1 0 0 0 0 0 0 1 0 0 1 
10 9 1 0 0 0 0 1 0 0 0 0 1 0 1 0 0 1 
10 3 0 0 0 0 0 0 0 0 0 0 1 1 1 0 0 0 
8 10 1 0 1 1 0 1 0 0 0 0 0 0 0 0 0 1 
8 8 1 0 0 0 0 0 0 0 0 0 0 0 0 1 0 1 
8 2 0 0 1 0 0 1 0 0 0 0 0 0 0 0 0 1 
8 1 1 0 1 1 1 1 0 0 0 0 1 0 0 0 0 1 
8 1 0 0 1 1 0 1 0 0 0 1 0 0 0 0 0 1 
8 1 1 0 1 0 0 0 0 0 0 0 0 0 0 0 0 1 
8 2 0 0 0 0 0 0 0 0 0 0 0 0 0 0 0 1 
8 1 1 1 1 1 1 1 0 1 0 0 1 0 0 1 0 1 
10 11 0 0 0 0 0 0 0 0 0 0 0 1 1 0 0 0 
10 4 0 0 0 0 0 0 0 0 1 0 0 0 1 1 0 0 
10 23 0 0 1 0 0 0 0 0 0 1 0 0 1 0 0 0 
10 13 1 0 0 0 0 0 0 0 0 0 0 1 1 1 0 0 
13 1 0 0 0 0 0 0 0 0 1 0 1 0 1 0 0 0 
13 2 0 0 0 0 0 1 0 0 1 0 0 0 1 0 0 0 
10 1 1 1 0 0 0 1 0 1 0 0 1 0 1 1 0 1 
10 7 1 0 0 0 0 0 0 0 0 0 0 0 1 0 0 1 
10 1 0 0 0 0 0 1 0 0 0 0 1 1 1 0 0 0 
10 3 0 0 0 0 0 0 0 0 1 0 1 0 1 0 0 0 
3 18 1 0 1 0 0 0 0 0 0 1 0 0 0 0 1 0 
3 2 0 0 1 0 0 0 0 0 0 1 0 0 0 0 1 0 
10 1 0 1 0 0 0 1 0 1 1 0 1 1 1 1 0 0 
10 7 0 0 0 0 0 0 0 0 0 0 0 1 1 1 0 0 
10 5 1 0 0 0 0 0 0 0 0 0 0 0 1 0 0 0 
10 6 0 0 1 0 0 1 0 0 0 0 0 0 1 0 0 1 
8 1 1 0 1 1 1 1 0 0 0 0 0 0 0 0 0 1 
8 3 1 0 0 0 0 0 0 0 0 0 0 0 0 0 0 1 
8 2 0 0 1 0 0 1 1 0 0 1 1 0 0 0 0 1 
8 7 1 0 1 0 0 1 0 0 0 0 0 0 0 0 0 1 
8 1 0 0 0 0 0 0 0 0 0 0 0 0 0 0 0 0 
8 2 1 0 1 0 0 1 0 0 0 0 1 0 0 0 0 1 
2 2 1 0 0 0 0 0 0 0 0 0 0 1 0 0 1 0 
10 1 1 0 1 0 0 0 0 0 0 0 1 0 1 0 0 1 
8 12 1 0 1 1 0 1 0 0 0 0 1 0 0 0 0 1 
8 6 0 0 1 0 0 0 0 0 0 0 0 0 0 1 0 1 
8 3 1 0 0 0 0 0 0 0 1 0 0 0 0 0 0 0 
8 1 1 0 1 0 1 1 0 0 0 0 0 0 0 0 0 1 
10 1 1 0 1 0 0 0 0 0 1 0 0 0 1 0 0 0 
10 3 0 0 0 0 0 1 0 0 0 0 1 0 1 0 0 0 
10 1 1 1 0 0 0 1 0 1 0 0 1 1 1 1 0 0 
8 1 0 0 1 1 0 1 1 0 0 1 1 0 0 0 0 1 
8 1 0 0 1 0 0 1 0 0 0 0 1 0 0 0 0 1 
8 3 1 0 1 1 0 0 0 0 0 0 0 0 0 0 0 1 
10 3 1 0 1 0 0 1 0 0 0 0 1 1 1 0 0 1 
5 10 0 0 1 0 0 1 1 0 0 1 1 0 0 1 1 0 
10 2 0 0 0 0 0 1 0 0 1 0 0 0 1 0 0 0 
8 1 0 0 1 0 0 0 0 0 0 0 0 0 0 0 0 1 
8 2 0 0 1 0 0 1 0 0 0 1 0 0 0 0 0 1 
8 2 1 1 1 1 0 1 0 1 0 0 1 0 0 1 0 1 
0 2 0 0 0 0 0 0 0 0 1 0 1 0 0 0 1 0 
8 1 1 0 1 0 1 1 0 0 0 0 1 0 0 0 0 1 
8 1 0 0 1 1 0 1 0 0 0 1 1 0 0 0 0 1 
10 1 1 0 1 0 0 1 0 0 0 0 0 1 1 0 0 1 
10 7 1 0 1 0 0 0 0 0 0 0 0 0 1 0 0 1 
10 1 1 0 1 1 0 1 0 0 0 0 0 0 1 0 0 1 
10 1 1 0 0 0 0 0 0 0 0 0 1 0 1 0 0 1 
1 1 0 0 0 0 0 0 0 0 0 0 0 0 0 0 1 1 
1 1 0 0 0 0 0 0 0 0 1 0 0 0 0 0 1 0 
1 1 0 0 0 0 0 0 0 0 0 0 0 0 0 0 1 0 
10 5 1 0 1 0 0 1 0 0 0 0 1 0 1 0 0 1 
8 1 1 0 1 1 0 0 0 0 0 0 1 0 0 0 0 1 
4 1 0 0 0 0 0 0 0 0 0 0 0 1 0 0 1 0 
10 3 0 0 0 0 0 0 0 0 0 0 0 1 1 0 0 1 
7 1 0 0 1 1 1 1 0 0 0 0 1 0 0 0 1 1 
7 2 0 0 0 0 0 0 0 0 1 0 0 0 0 0 1 0 
10 2 1 0 0 0 0 0 0 0 0 0 0 0 1 1 0 0 
10 1 1 0 0 0 0 1 0 0 0 0 1 1 1 0 0 1 
8 1 0 0 1 0 0 1 0 0 0 0 1 1 0 0 0 1 
10 7 1 0 0 0 0 0 0 0 1 0 1 0 1 0 0 0 
9 2 1 1 1 1 1 1 0 1 0 0 1 0 0 1 0 1 
10 1 1 0 1 0 0 0 0 0 0 0 0 1 1 0 0 1 
10 4 0 0 0 0 0 0 0 0 0 1 0 0 1 0 0 0 
13 1 1 0 0 0 0 0 0 0 0 0 0 0 1 0 0 1 
13 1 1 0 0 0 0 1 0 0 0 0 1 0 1 0 0 1 
13 1 1 0 1 1 0 1 0 0 0 0 1 0 1 0 0 1 
13 1 0 0 0 0 0 0 0 0 0 1 0 0 1 0 0 0 
13 1 0 1 0 0 0 1 0 1 0 0 1 1 1 1 0 0 
13 1 1 0 1 1 0 0 0 0 0 0 1 0 1 0 0 1 
13 1 0 0 1 0 0 1 0 0 0 0 0 0 1 0 0 1 
10 5 0 0 0 0 0 1 0 0 0 0 0 0 1 0 0 0 
10 1 1 0 1 0 1 1 0 0 0 0 1 0 1 0 0 1 
14 1 0 0 1 1 1 1 0 0 0 0 1 0 1 0 0 1 
14 1 1 0 1 0 0 1 0 0 1 0 0 0 1 0 0 0 
14 1 1 0 0 0 0 0 0 0 0 0 0 1 1 0 0 0 
14 1 0 0 1 0 0 1 0 0 0 1 1 0 1 0 0 1 
11 7 0 0 0 0 0 0 0 0 1 0 0 0 1 0 0 0 
11 1 0 0 0 0 0 0 0 0 0 0 0 1 1 0 0 0 
11 1 0 0 0 0 0 1 0 0 0 0 0 0 1 0 0 0 
11 2 0 0 0 0 0 0 0 0 0 0 0 0 1 0 0 0 
6 1 0 0 0 0 1 1 0 0 1 0 0 0 0 0 1 0 
10 1 0 0 0 0 0 1 0 0 0 0 0 0 1 0 0 1 
10 1 0 0 1 1 0 0 0 0 0 0 1 0 1 0 0 1 
12 2 0 0 0 0 0 0 0 0 1 0 0 0 1 0 0 0 
12 1 1 0 1 1 1 1 0 0 0 0 1 0 1 0 0 1 
12 6 1 0 0 0 0 0 0 0 1 0 0 0 1 0 0 0 
12 1 1 0 0 0 0 1 0 0 0 0 0 0 1 0 0 0 
12 1 0 0 0 0 0 0 0 0 0 0 0 0 1 1 0 0 
12 1 1 0 1 1 0 0 0 0 0 0 1 0 1 0 0 1 
12 1 0 0 1 0 0 1 0 0 0 0 0 0 1 0 0 1 
12 1 1 0 0 0 0 0 0 0 1 0 0 1 1 0 0 0 
12 4 1 0 0 0 0 1 0 0 1 0 1 0 1 0 0 0 
10 1 0 0 0 0 0 1 0 0 0 0 0 1 1 0 0 1 
12 1 1 0 1 1 0 1 1 0 0 0 1 0 1 0 0 1 
12 1 1 0 0 0 0 1 0 0 1 0 0 0 1 0 0 0 
12 1 0 0 0 0 0 0 0 0 0 0 0 0 1 0 0 0 
12 1 1 0 1 0 0 1 0 0 0 0 0 0 1 0 0 1 
12 1 1 0 1 1 0 0 0 0 0 0 0 0 1 0 0 1 
12 1 0 0 0 0 0 1 0 0 1 0 0 0 1 0 0 0 
10 1 0 0 0 0 0 1 0 0 0 0 1 0 1 0 0 1 
12 1 1 1 1 0 0 1 0 1 0 0 1 0 1 1 0 1 
12 1 0 0 0 0 0 0 0 0 0 1 0 0 1 0 0 0 
12 1 1 0 1 1 0 1 0 0 0 0 1 0 1 0 0 1 
12 1 0 0 1 0 0 0 0 0 0 0 0 0 1 0 0 1 
10 1 1 0 0 0 1 1 0 0 1 0 1 1 1 0 0 0 
15 1 0 0 0 0 0 0 0 0 0 1 0 0 0 0 0 0 
15 1 1 0 0 0 0 1 0 0 0 0 0 0 0 0 0 1 
15 3 0 0 1 0 0 0 0 0 0 1 0 0 0 0 0 0 
15 2 1 1 0 0 0 1 0 1 1 0 1 1 0 1 0 0 
15 3 0 0 1 0 0 1 0 0 0 0 1 0 0 0 0 1 
15 1 1 0 0 0 0 0 0 0 0 0 1 1 0 0 0 0 
10 1 1 0 0 0 0 1 0 0 0 0 1 1 1 0 0 0 
15 1 1 0 1 1 0 1 0 0 0 1 0 0 0 0 0 1 
15 1 1 0 1 0 0 1 1 0 0 0 1 0 0 0 0 1 
10 2 0 0 1 0 0 1 0 0 0 0 1 0 1 0 0 1 
10 1 0 0 0 0 0 0 0 0 0 0 1 0 1 0 0 0 
15 1 0 0 1 0 0 0 0 0 0 0 1 0 0 0 0 0 
10 1 1 0 1 0 0 0 0 0 0 1 0 0 1 0 0 0 
15 1 1 1 1 1 1 1 0 1 0 0 1 0 0 1 0 1 
15 1 1 0 0 0 0 0 0 0 0 0 0 1 0 0 0 1 
15 2 0 0 1 0 0 1 1 0 0 0 1 0 0 0 0 0 
15 2 0 0 0 0 0 1 0 0 0 0 0 0 0 0 0 1 
15 1 1 0 0 0 0 1 0 0 1 0 1 0 0 0 0 0 
15 2 1 0 1 1 0 1 0 0 0 1 1 0 0 0 0 1 
15 1 1 0 0 0 0 0 0 0 0 0 0 0 0 0 0 0 
15 1 0 1 1 0 0 1 0 1 0 0 1 0 0 1 0 1 
15 3 0 0 1 1 0 1 0 0 0 1 1 0 0 0 0 1 
15 2 1 0 1 1 1 1 1 0 0 0 1 0 0 0 0 1 
15 1 0 0 1 0 0 1 1 0 0 0 1 1 0 0 0 1 
10 1 0 0 1 0 0 1 0 0 0 0 1 1 1 0 0 1 
10 3 1 0 0 0 0 0 0 0 0 0 1 1 1 0 0 0 
15 2 1 0 1 0 0 0 0 0 0 0 1 0 0 0 0 1 
10 1 1 1 1 0 0 1 0 1 0 1 1 0 1 1 0 0 
15 2 1 0 1 0 1 1 0 0 0 0 0 0 0 0 0 1 
15 1 1 0 1 0 0 1 1 0 0 1 1 0 0 0 0 1 
15 1 1 0 0 0 0 1 1 0 1 0 1 0 0 0 0 0 
15 1 1 0 1 0 0 1 0 0 0 0 1 0 0 0 0 0 
15 1 1 0 1 0 1 1 1 0 0 0 1 0 0 0 0 1 
10 1 1 0 0 0 0 1 0 0 0 0 0 0 1 0 0 0 
15 1 0 0 1 0 0 1 1 0 0 0 1 0 0 0 0 1 
15 1 0 0 1 0 1 1 0 0 0 0 0 1 0 0 0 1 
16 1 1 0 1 0 0 1 0 0 0 0 0 1 0 0 0 1 
16 1 1 0 1 1 1 1 0 0 0 0 0 0 0 0 0 1 
16 1 1 0 1 0 1 1 0 0 0 0 0 0 0 0 0 1 
17 6 0 0 0 0 0 1 0 0 0 0 0 0 0 0 1 1 
17 2 1 0 0 0 0 0 0 0 0 0 0 0 0 0 1 1 
17 1 1 0 1 0 0 0 0 0 0 0 0 0 0 0 1 1 
17 1 0 0 0 0 0 0 0 0 0 0 0 0 0 0 1 1 
18 1 0 0 0 0 0 1 0 0 0 0 1 0 0 0 0 0 
18 1 1 1 1 1 0 1 0 1 0 0 1 0 0 1 0 1 
0
1
2
3
4
5
6
7
8
9
10
11
12
1
13
7
14
15
16
17
18
1
7
19
13
12
20
21
22
7
2
1
21
23
12
24
25
26
8
27
28
9
29
30
7
23
12
22
16
31
32
23
7
33
12
34
13
7
33
13
12
24
7
15
13
35
21
1
13
36
24
9
37
38
4
13
9
7
26
23
12
31
0
23
39
40
13
31
12
13
34
41
24
12
22
42
43
44
45
46
47
46
48
47
49
50
51
46
52
22
53
54
55
29
15
52
56
57
58
59
45
46
59
60
61
47
46
62
63
64
43
65
44
64
66
67
68
69
45
46
59
45
46
47
61
70
59
45
71
72
73
15
74
75
54
1
29
3
46
45
76
77
70
61
78
59
60
45
79
80
81
82
83
84
85
83
86
84
45
60
59
70
51
87
88
59
45
46
52
29
89
74
75
54
1
39
22
22
59
58
78
46
90
51
49
59
70
58
91
92
64
43
44
93
43
94
44
43
45
46
45
60
59
95
46
47
49
58
96
1
22
97
13
15
56
22
98
52
45
46
59
60
99
59
51
46
100
62
101
102
103
104
105
106
107
102
103
108
45
109
59
58
78
110
70
52
111
22
22
40
8
112
39
22
113
43
114
44
115
66
94
116
66
44
43
89
74
17
112
117
118
22
96
22
119
84
80
120
89
15
96
22
52
20
22
74
75
8
63
64
44
43
121
43
122
69
64
123
89
39
75
124
125
126
127
125
128
129
130
131
124
132
133
43
116
134
43
44
43
116
135
136
137
104
44
43
43
138
139
140
139
93
132
141
142
142
142
142
142
142
142
143
142
142
144
139
116
145
146
64
43
147
44
63
148
149
124
150
149
151
124
152
153
124
91
44
64
43
116
63
44
134
64
69
154
154
133
66
64
135
134
93
145
64
155
63
156
157
156
125
150
124
158
157
159
156
132
65
160
43
64
135
66
116
44
161
142
142
142
142
142
143
142
142
142
142
63
44
116
43
162
43
139
94
43
156
151
163
125
124
164
125
153
165
156
63
64
44
65
43
166
146
43
64
43
167
167
167
167
167
167
167
167
167
167
132
43
168
43
146
43
166
134
69
92
156
169
156
125
170
165
171
130
151
124
69
64
44
168
66
116
43
64
134
44
172
172
64
69
116
44
147
134
141
43
64
123
124
157
158
156
157
173
149
174
151
171
43
175
63
176
177
69
43
178
44
134
179
180
181
116
66
135
182
66
44
91
94
147
145
156
151
125
126
183
151
157
156
63
161
44
134
116
43
44
64
63
116
184
176
65
185
64
63
44
116
43
121
135
186
187
187
135
64
66
188
189
43
65
43
44
69
165
151
157
156
158
190
124
125
170
156
94
43
122
176
69
176
134
69
191
43
192
192
43
134
193
43
116
63
64
69
194
116
195
137
196
197
101
198
199
200
201
102
123
202
69
122
44
141
64
135
134
203
83
84
86
84
204
205
206
207
83
80
44
43
116
44
63
91
44
116
69
44
208
208
208
209
210
211
211
208
208
208
116
44
65
43
122
43
132
64
68
44
212
43
121
44
43
213
44
214
66
65
44
215
216
217
218
219
220
217
221
222
223
134
44
66
43
224
43
64
44
66
65
217
225
215
226
227
228
229
230
217
223
185
69
231
132
116
43
64
44
43
43
223
217
232
233
234
235
223
217
43
116
44
66
176
236
43
43
132
69
1
22
237
22
113
96
33
39
8
22
194
44
182
63
116
69
43
44
64
63
75
118
238
239
54
1
26
240
71
15
44
43
134
63
93
44
202
66
64
132
113
17
74
241
52
15
29
242
75
15
94
91
43
116
146
43
243
94
161
145
1
22
96
15
75
74
1
39
22
8
43
139
64
145
43
93
44
66
191
145
244
75
74
22
1
39
22
55
75
113
69
132
94
64
134
116
69
182
132
69
119
22
39
22
8
40
22
245
39
113
134
64
44
246
69
116
92
43
139
247
75
8
239
30
248
15
33
39
22
1
194
122
43
67
188
93
43
66
249
43
89
57
39
250
54
239
1
251
252
89
44
66
63
93
44
134
202
44
68
43
8
22
39
29
253
15
29
254
75
255
135
66
64
69
147
44
246
43
64
69
15
22
96
255
256
257
22
3
111
22
43
66
121
63
93
69
134
44
66
191
15
252
54
22
258
74
22
39
22
8
132
134
64
135
43
93
69
44
122
69
22
259
29
3
75
1
74
241
56
8
134
64
135
66
202
145
191
43
44
43
22
15
56
22
240
53
22
74
260
15
43
44
134
66
261
69
121
92
64
43
1
75
74
15
39
22
1
56
22
8
43
94
64
43
176
93
43
64
262
133
15
22
96
22
15
39
22
263
253
89
43
264
94
43
176
135
43
43
64
92
119
265
96
22
1
39
266
22
56
8
44
147
191
64
134
135
43
43
262
66
1
74
241
22
74
20
22
3
29
1
43
122
44
65
94
116
43
44
182
43
13
113
56
22
74
258
22
52
29
15
262
69
139
44
65
94
185
64
43
43
113
22
39
265
74
258
22
267
29
1
44
65
66
116
69
191
64
43
166
43
1
39
22
268
56
89
263
96
22
1
92
65
43
68
116
43
191
135
202
134
1
52
75
75
74
259
75
52
22
8
43
64
44
63
116
44
147
194
122
92
22
15
56
269
96
15
33
39
22
8
43
122
44
43
270
69
44
182
133
44
33
111
54
75
74
15
75
3
29
89
43
66
146
92
134
66
43
64
44
66
8
39
22
74
271
89
74
75
112
1
208
33
75
74
1
272
54
55
53
33
39
273
274
275
276
277
276
276
278
276
277
276
276
279
51
59
60
45
59
48
100
280
100
281
