1257 16 282 10 2 96
2 3 1
1 8 1
2 3 1
1 4 1
1 3 0
1 2 0
1 18 0
1 20 0
1 6 0
1 7 0
1 2 0
1 3 0
3 5 0
1 3 0
1 97 0
2 3 0
15 2 1 0 0 0 0 0 0 0 0 0 0 1 1 0 0 0 
15 27 1 0 1 1 0 1 0 0 0 0 1 0 0 0 0 1 
15 2 0 0 1 0 0 0 0 0 0 0 0 0 1 1 0 1 
15 6 1 0 0 0 0 0 0 0 1 0 1 0 0 0 0 0 
15 2 0 0 0 0 0 1 0 0 0 0 0 0 1 0 0 1 
15 1 1 0 0 0 0 0 0 0 0 0 0 0 0 1 0 1 
15 1 1 0 0 0 0 1 0 0 0 0 1 0 1 0 0 0 
15 9 0 0 0 0 0 0 0 0 0 0 0 0 1 0 0 0 
15 16 1 1 1 1 0 1 0 1 0 0 1 0 0 1 0 1 
15 4 1 0 0 0 0 0 0 0 0 0 0 0 1 0 0 0 
15 1 0 0 1 0 1 1 0 0 0 0 1 0 0 0 0 1 
15 1 1 0 1 0 0 0 0 0 0 0 0 1 1 0 0 1 
15 9 0 0 0 0 0 0 0 0 1 0 0 0 1 0 0 0 
15 11 1 0 1 0 0 0 0 0 0 0 0 0 0 1 0 1 
15 1 0 0 0 0 0 0 0 0 1 0 1 0 1 0 0 0 
15 23 1 0 1 1 0 1 0 0 0 0 0 0 0 0 0 1 
15 2 1 0 0 0 0 0 0 0 0 0 1 0 1 0 0 0 
15 3 0 0 1 0 0 1 0 0 0 1 0 0 0 0 0 1 
15 1 1 0 0 0 0 0 0 0 0 0 0 0 1 1 0 0 
15 1 1 1 1 0 0 1 0 1 0 0 1 0 1 1 0 1 
15 3 0 0 1 1 0 1 1 0 0 1 1 0 0 0 0 1 
15 3 0 0 0 0 0 0 0 0 0 0 0 1 1 0 0 0 
15 56 1 0 1 0 0 1 0 0 0 0 0 0 0 0 0 1 
15 5 1 0 1 0 0 1 0 0 0 0 0 0 0 1 0 1 
15 4 1 0 1 0 0 1 0 0 0 0 0 0 1 0 0 1 
15 1 1 0 0 0 0 0 0 0 0 0 1 1 1 0 0 0 
15 3 0 0 1 0 0 0 0 0 0 0 0 0 0 0 0 1 
15 1 1 0 0 0 0 0 0 0 1 0 0 0 1 0 0 0 
15 1 0 0 1 0 1 1 0 0 0 0 0 0 1 0 0 1 
15 12 0 0 1 0 0 0 0 0 0 0 0 0 0 1 0 1 
15 2 1 0 0 0 1 1 0 0 0 0 0 0 0 0 0 1 
15 3 0 0 1 0 0 1 0 0 0 0 0 0 1 0 0 1 
15 1 1 0 0 0 0 0 0 0 0 0 0 1 0 0 1 0 
15 8 1 0 1 0 0 1 0 0 0 0 1 0 0 0 0 1 
15 2 1 0 1 1 1 1 1 1 0 1 1 0 1 0 0 1 
15 1 0 0 0 0 0 1 0 0 1 0 0 0 1 0 0 0 
15 1 0 0 0 0 0 0 0 0 1 0 0 1 1 0 0 0 
15 1 0 1 1 1 1 1 0 1 0 0 1 0 0 1 0 1 
15 1 1 0 1 0 0 0 0 0 0 1 0 0 0 0 1 0 
15 21 0 0 0 0 0 0 0 0 1 0 0 0 0 0 0 0 
15 3 0 0 0 0 0 0 0 0 0 0 0 0 0 0 0 0 
15 1 0 0 0 0 0 0 0 0 0 0 0 1 0 0 0 0 
14 1 1 0 0 0 0 0 0 0 0 0 1 0 1 0 0 1 
10 63 1 0 0 0 0 0 0 0 0 0 0 1 1 0 0 0 
15 3 0 0 1 0 0 0 0 0 0 1 0 0 0 0 0 0 
15 2 1 1 0 0 0 1 0 1 1 0 1 1 0 1 0 0 
15 9 0 0 0 0 0 0 0 0 0 0 0 0 0 0 0 1 
15 10 1 0 1 1 1 1 0 0 0 0 0 0 0 0 0 1 
15 20 0 0 1 0 0 1 0 0 0 0 0 0 0 0 0 1 
15 20 1 0 0 0 0 0 0 0 0 0 0 0 0 1 0 0 
10 7 0 0 0 0 0 0 0 0 0 0 0 1 1 1 0 0 
10 5 1 0 1 0 0 1 0 0 0 0 0 0 1 0 0 1 
10 92 0 0 0 0 0 0 0 0 0 0 0 0 1 0 0 0 
10 28 1 0 1 1 0 1 0 0 0 0 1 0 1 0 0 1 
10 4 0 0 0 0 0 0 0 0 1 0 0 0 1 1 0 0 
10 43 1 0 0 0 0 1 0 0 0 0 0 0 1 0 0 1 
10 27 0 0 0 0 0 0 0 0 0 0 0 0 1 0 0 1 
12 1 1 0 1 1 0 0 0 0 0 0 0 0 1 0 0 1 
12 2 0 0 0 0 0 0 0 0 1 0 0 0 1 0 0 0 
12 1 1 0 1 0 0 1 0 0 0 0 0 0 1 0 0 1 
12 6 1 0 0 0 0 0 0 0 1 0 0 0 1 0 0 0 
15 3 0 0 1 0 0 1 0 0 0 0 1 0 0 0 0 1 
15 3 1 1 0 0 0 1 0 1 0 0 1 0 0 1 0 0 
15 1 0 0 1 0 0 1 1 0 0 0 1 0 0 0 0 1 
10 1 0 0 1 1 0 0 0 0 0 0 1 0 1 0 0 1 
10 2 0 0 0 0 0 1 0 0 1 0 0 0 1 0 0 0 
10 23 0 0 1 0 0 0 0 0 0 1 0 0 1 0 0 0 
10 29 0 0 0 0 0 0 0 0 0 0 0 0 1 1 0 0 
18 14 1 0 1 1 0 1 0 0 0 0 1 0 0 0 0 1 
10 11 0 0 0 0 0 0 0 0 0 0 0 1 1 0 0 0 
10 1 1 0 1 0 0 0 0 0 1 0 0 0 1 0 0 0 
10 1 1 1 1 0 0 1 0 1 0 1 1 0 1 1 0 0 
10 3 1 0 1 0 0 1 0 0 0 0 1 1 1 0 0 1 
18 2 1 0 1 1 1 1 0 0 0 0 1 0 0 0 0 1 
3 2 0 0 1 0 0 0 0 0 0 1 0 0 0 0 1 0 
3 18 1 0 1 0 0 0 0 0 0 1 0 0 0 0 1 0 
10 19 0 0 0 0 0 0 0 0 1 0 0 0 1 0 0 0 
10 5 1 0 1 0 0 1 0 0 0 0 1 0 1 0 0 1 
10 1 0 0 0 0 0 1 0 0 0 0 1 0 1 0 0 1 
10 12 1 0 0 0 0 0 0 0 1 0 0 0 1 0 0 0 
8 3 1 0 1 1 0 0 0 0 0 0 0 0 0 0 0 1 
8 2 0 0 1 0 0 1 1 0 0 1 1 0 0 0 0 1 
8 2 0 0 0 0 0 0 0 0 0 0 0 0 0 0 0 1 
8 1 1 0 1 0 1 1 0 0 0 0 0 0 0 0 0 1 
8 10 1 0 1 1 0 1 0 0 0 0 0 0 0 0 0 1 
10 7 1 0 0 0 0 0 0 0 1 0 1 0 1 0 0 0 
10 7 1 0 0 0 0 0 0 0 0 0 0 0 1 0 0 1 
15 1 0 0 1 0 0 0 0 0 0 0 1 0 0 0 0 0 
15 1 1 0 0 0 0 1 0 0 0 0 0 0 0 0 0 1 
15 1 0 0 0 0 0 0 0 0 1 0 1 0 0 0 0 0 
15 2 1 0 1 0 1 1 0 0 0 0 0 0 0 0 0 1 
17 6 0 0 0 0 0 1 0 0 0 0 0 0 0 0 1 1 
2 2 1 0 0 0 0 0 0 0 0 0 0 1 0 0 1 0 
15 10 0 0 0 0 0 0 0 0 0 0 0 0 0 1 0 0 
15 3 0 0 1 1 0 0 0 0 0 0 0 0 0 1 0 1 
15 3 1 0 1 1 0 0 0 0 0 0 1 0 0 0 0 1 
17 1 0 0 0 0 0 0 0 0 0 0 0 0 0 0 1 1 
15 10 1 0 0 0 0 0 0 0 1 0 0 0 0 0 0 0 
15 3 0 0 1 1 0 1 0 0 0 1 1 0 0 0 0 1 
10 5 0 1 0 0 0 1 0 1 0 1 1 0 1 1 0 0 
1 1 0 0 0 0 0 0 0 0 0 0 0 0 0 0 1 1 
15 1 0 0 0 0 0 0 0 0 0 1 0 0 0 0 0 0 
1 1 0 0 0 0 0 0 0 0 0 0 0 0 0 0 1 0 
1 1 0 0 0 0 0 0 0 0 1 0 0 0 0 0 1 0 
15 7 1 0 1 1 1 1 0 0 0 0 1 0 0 0 0 1 
10 12 0 1 1 0 0 1 0 1 0 1 1 0 1 1 0 0 
10 3 0 0 0 0 0 1 0 0 0 0 1 0 1 0 0 0 
10 13 1 0 0 0 0 0 0 0 0 0 0 1 1 1 0 0 
10 1 0 0 0 0 0 1 0 0 0 0 0 0 1 0 0 1 
10 8 0 0 0 0 0 0 0 0 1 0 0 1 1 0 0 0 
5 10 0 0 1 0 0 1 1 0 0 1 1 0 0 1 1 0 
10 7 1 0 1 0 0 0 0 0 0 0 0 0 1 0 0 1 
10 1 1 0 1 0 0 1 0 0 0 0 0 1 1 0 0 1 
18 1 0 0 1 1 0 0 0 0 0 0 0 0 0 1 0 1 
18 5 1 0 1 0 0 1 0 0 0 0 1 0 0 0 0 1 
18 15 0 0 0 0 0 0 0 0 0 0 0 0 0 1 0 0 
18 5 1 0 1 1 0 1 0 0 0 0 0 0 0 0 0 1 
18 14 0 0 1 0 0 1 0 0 0 0 0 0 0 0 0 1 
18 2 1 0 1 1 1 1 1 0 0 0 1 0 0 0 0 1 
17 2 1 0 0 0 0 0 0 0 0 0 0 0 0 0 1 1 
17 1 1 0 1 0 0 0 0 0 0 0 0 0 0 0 1 1 
8 1 0 0 1 1 0 1 0 0 0 1 0 0 0 0 0 1 
8 8 1 0 0 0 0 0 0 0 0 0 0 0 0 1 0 1 
8 1 0 0 1 0 0 1 0 0 0 0 1 0 0 0 0 1 
8 3 1 0 0 0 0 0 0 0 0 0 0 0 0 0 0 1 
8 12 1 0 1 1 0 1 0 0 0 0 1 0 0 0 0 1 
8 6 0 0 1 0 0 0 0 0 0 0 0 0 0 1 0 1 
8 7 1 0 1 0 0 1 0 0 0 0 0 0 0 0 0 1 
8 1 0 0 0 0 0 0 0 0 0 0 0 0 0 0 0 0 
8 1 0 0 1 0 0 0 0 0 0 0 0 0 0 0 0 1 
7 2 0 0 0 0 0 0 0 0 1 0 0 0 0 0 1 0 
8 1 1 0 1 0 1 1 0 0 0 0 1 0 0 0 0 1 
8 1 0 0 1 1 0 1 0 0 0 1 1 0 0 0 0 1 
8 2 0 0 1 0 0 1 0 0 0 0 0 0 0 0 0 1 
8 2 1 0 1 0 0 1 0 0 0 0 1 0 0 0 0 1 
15 1 1 0 0 0 0 0 0 0 0 0 0 1 0 0 0 1 
15 1 0 1 1 0 0 1 0 1 0 0 1 0 0 1 0 1 
10 10 1 0 1 1 1 1 0 0 0 0 1 0 1 0 0 1 
10 1 1 0 1 0 1 1 0 0 0 0 1 0 1 0 0 1 
10 3 0 0 0 0 0 0 0 0 0 0 0 1 1 0 0 1 
10 4 0 0 1 0 0 0 0 0 0 0 0 0 1 0 0 1 
10 1 1 0 0 0 0 1 0 0 0 0 1 0 1 0 0 0 
10 1 1 0 1 1 0 1 0 0 0 0 0 0 1 0 0 1 
10 5 1 0 0 0 0 0 0 0 0 0 0 0 1 0 0 0 
18 3 0 0 1 0 0 0 0 0 0 0 0 0 0 0 0 1 
18 5 1 0 1 1 1 1 0 0 0 0 0 0 0 0 0 1 
18 5 1 0 0 0 0 0 0 0 0 0 0 0 0 1 0 0 
18 3 0 0 1 0 0 1 0 0 0 0 1 0 0 0 0 1 
18 1 1 0 1 0 1 1 0 0 0 0 0 0 0 0 0 1 
12 1 0 0 0 0 0 1 0 0 1 0 0 0 1 0 0 0 
12 1 1 0 1 1 0 0 0 0 0 0 1 0 1 0 0 1 
12 1 1 0 0 0 0 1 0 0 0 0 0 0 1 0 0 0 
12 1 0 0 1 0 0 0 0 0 0 0 0 0 1 0 0 1 
12 4 1 0 0 0 0 1 0 0 1 0 1 0 1 0 0 0 
15 8 1 0 0 0 0 0 0 0 0 0 0 0 0 0 0 1 
15 3 0 0 1 1 0 1 0 0 0 1 0 0 0 0 0 1 
15 3 1 0 1 0 0 0 0 0 0 0 0 0 0 0 0 1 
12 1 1 0 0 0 0 1 0 0 1 0 0 0 1 0 0 0 
18 1 1 0 0 0 0 0 0 0 1 0 0 0 0 0 0 0 
18 1 0 0 1 0 1 1 0 0 0 0 0 0 0 0 0 1 
10 3 0 0 0 0 0 0 0 0 1 0 1 0 1 0 0 0 
10 5 0 0 0 0 0 1 0 0 0 0 0 0 1 0 0 0 
10 3 1 0 0 0 0 0 0 0 0 0 1 1 1 0 0 0 
10 9 1 0 0 0 0 1 0 0 0 0 1 0 1 0 0 1 
10 1 1 0 0 0 1 1 0 0 1 0 1 1 1 0 0 0 
10 1 1 0 1 0 0 0 0 0 0 0 0 1 1 0 0 1 
10 1 1 0 0 0 0 1 0 0 0 0 0 0 1 0 0 0 
10 1 1 0 0 0 0 0 0 0 0 0 1 0 1 0 0 1 
10 6 0 0 1 0 0 1 0 0 0 0 0 0 1 0 0 1 
18 1 0 1 1 0 0 1 0 1 0 0 1 0 0 1 0 1 
18 3 0 0 1 1 0 1 0 0 0 1 0 0 0 0 0 1 
18 3 1 0 1 0 0 0 0 0 0 0 1 0 0 0 0 1 
10 1 1 0 0 0 0 1 0 0 0 0 1 1 1 0 0 1 
18 1 1 0 1 0 0 0 0 0 0 0 0 0 0 0 0 1 
18 6 1 0 1 0 0 1 0 0 0 0 0 0 0 0 0 1 
8 1 0 0 1 1 0 1 1 0 0 1 1 0 0 0 0 1 
8 3 1 0 0 0 0 0 0 0 1 0 0 0 0 0 0 0 
8 1 0 0 1 0 0 1 0 0 0 0 1 1 0 0 0 1 
8 1 1 0 1 1 1 1 0 0 0 0 0 0 0 0 0 1 
15 2 0 0 0 0 0 1 0 0 0 0 0 0 0 0 0 1 
15 1 0 0 1 0 0 1 0 0 0 0 0 1 0 0 0 1 
18 1 1 0 1 1 0 1 1 0 0 0 1 0 0 0 0 1 
18 1 0 0 1 1 0 1 0 0 0 1 1 0 0 0 0 1 
14 1 1 0 0 0 0 0 0 0 0 0 0 1 1 0 0 0 
15 1 1 0 0 0 0 0 0 0 0 0 1 1 0 0 0 0 
18 1 1 1 1 1 0 1 0 1 0 0 1 0 0 1 0 1 
13 2 0 0 0 0 0 0 0 0 1 0 0 0 1 0 0 0 
13 2 0 0 0 0 0 1 0 0 1 0 0 0 1 0 0 0 
13 1 1 0 1 1 0 0 0 0 0 0 1 0 1 0 0 1 
13 1 0 0 1 0 0 1 0 0 0 0 0 0 1 0 0 1 
13 1 1 0 0 0 0 1 0 0 0 0 1 0 1 0 0 1 
13 2 0 0 1 0 0 0 0 0 0 0 0 0 1 0 0 1 
13 3 1 0 0 0 0 1 0 0 1 0 0 0 1 0 0 0 
10 1 0 0 1 0 0 1 0 0 0 0 1 1 1 0 0 1 
10 1 0 1 0 0 0 1 0 1 1 0 1 1 1 1 0 0 
10 2 0 0 1 0 0 1 0 0 0 0 1 0 1 0 0 1 
10 1 0 0 0 0 0 1 0 0 0 0 1 1 1 0 0 0 
10 3 0 0 0 0 0 0 0 0 0 0 1 1 1 0 0 0 
15 1 0 1 1 0 0 1 0 1 0 0 1 0 0 1 0 0 
4 1 0 0 0 0 0 0 0 0 0 0 0 1 0 0 1 0 
15 2 1 0 1 0 0 0 0 0 0 0 1 0 0 0 0 1 
15 1 1 0 1 0 0 1 1 0 0 1 1 0 0 0 0 1 
11 1 0 0 0 0 0 0 0 0 0 0 0 1 1 0 0 0 
11 7 0 0 0 0 0 0 0 0 1 0 0 0 1 0 0 0 
15 1 1 0 1 1 0 1 0 0 0 1 0 0 0 0 0 1 
18 1 0 0 0 0 0 0 0 0 0 0 0 0 0 0 0 1 
14 3 0 0 1 0 0 1 0 0 0 0 0 0 1 0 0 1 
14 1 0 0 0 0 0 0 0 0 0 0 1 0 1 1 0 0 
14 4 1 0 0 0 0 0 0 0 0 0 0 0 1 0 0 1 
14 1 0 0 1 1 1 1 0 0 0 0 1 0 1 0 0 1 
9 2 1 1 1 1 1 1 0 1 0 0 1 0 0 1 0 1 
10 4 0 0 0 0 0 0 0 0 0 1 0 0 1 0 0 0 
0 2 0 0 0 0 0 0 0 0 1 0 1 0 0 0 1 0 
12 1 1 0 0 0 0 0 0 0 1 0 0 1 1 0 0 0 
10 1 1 0 1 0 0 0 0 0 0 0 1 0 1 0 0 1 
10 2 0 0 0 0 0 1 0 0 1 0 0 1 1 0 0 0 
10 1 1 1 0 0 0 1 0 1 0 0 1 1 1 1 0 0 
15 1 0 0 1 0 1 1 0 0 0 0 0 1 0 0 0 1 
10 1 1 0 0 0 0 1 0 0 0 0 1 1 1 0 0 0 
15 1 1 1 0 0 0 1 0 1 1 0 1 0 0 1 0 0 
8 2 1 1 1 1 0 1 0 1 0 0 1 0 0 1 0 1 
8 2 0 0 1 0 0 1 0 0 0 1 0 0 0 0 0 1 
8 1 1 0 1 1 1 1 0 0 0 0 1 0 0 0 0 1 
15 2 1 0 1 1 1 1 1 0 0 0 1 0 0 0 0 1 
16 1 1 0 1 1 1 1 0 0 0 0 0 0 0 0 0 1 
16 1 1 0 1 0 0 1 0 0 0 0 0 1 0 0 0 1 
10 2 1 0 0 0 0 0 0 0 0 0 0 0 1 1 0 0 
15 2 0 0 1 0 0 1 1 0 0 0 1 0 0 0 0 0 
14 5 0 0 0 0 0 1 0 0 0 0 0 0 1 0 0 0 
14 1 1 0 1 1 0 1 0 0 0 0 1 0 1 0 0 1 
14 1 1 0 1 0 0 1 0 0 1 0 0 0 1 0 0 0 
14 1 0 0 0 0 1 1 0 0 0 0 0 0 1 0 0 1 
15 1 1 0 1 0 0 1 0 0 0 0 1 0 0 0 0 0 
15 1 1 1 1 1 1 1 0 1 0 0 1 0 0 1 0 1 
15 2 1 0 1 0 0 1 0 0 0 0 1 1 0 0 0 1 
12 1 0 0 1 0 0 1 0 0 0 0 0 0 1 0 0 1 
12 1 1 0 1 1 1 1 0 0 0 0 1 0 1 0 0 1 
12 1 1 0 1 1 0 1 0 0 0 0 1 0 1 0 0 1 
14 1 0 0 0 0 0 0 0 0 0 0 0 0 1 0 0 0 
8 1 1 1 1 1 1 1 0 1 0 0 1 0 0 1 0 1 
14 1 0 0 0 0 0 0 0 0 0 0 0 1 1 0 0 0 
8 1 1 0 1 0 0 0 0 0 0 0 0 0 0 0 0 1 
10 1 1 1 0 0 0 1 0 1 0 0 1 0 1 1 0 1 
18 1 0 0 0 0 0 1 0 0 0 0 1 0 0 0 0 0 
12 1 0 0 0 0 0 0 0 0 0 0 0 0 1 0 0 0 
12 1 1 0 1 1 0 1 1 0 0 0 1 0 1 0 0 1 
12 1 0 0 0 0 0 0 0 0 0 1 0 0 1 0 0 0 
12 1 1 1 1 0 0 1 0 1 0 0 1 0 1 1 0 1 
15 1 1 0 0 0 0 1 1 0 1 0 1 0 0 0 0 0 
15 2 1 0 1 1 0 1 0 0 0 1 1 0 0 0 0 1 
10 1 1 0 1 0 0 0 0 0 0 1 0 0 1 0 0 0 
15 1 1 0 0 0 0 1 0 0 1 0 1 0 0 0 0 0 
10 1 0 0 0 0 0 1 0 0 0 0 0 1 1 0 0 1 
15 2 0 0 1 0 1 0 0 0 0 0 0 0 0 0 0 1 
13 1 1 0 1 1 0 1 0 0 0 0 1 0 1 0 0 1 
13 1 0 0 0 0 0 0 0 0 0 1 0 0 1 0 0 0 
13 1 0 1 0 0 0 1 0 1 0 0 1 0 1 1 0 0 
15 2 1 0 1 1 0 0 0 0 0 0 0 0 0 0 0 1 
15 1 1 0 1 0 0 1 1 0 0 0 1 0 0 0 0 1 
7 1 0 0 1 1 1 1 0 0 0 0 1 0 0 0 1 1 
6 1 0 0 0 0 1 1 0 0 1 0 0 0 0 0 1 0 
12 1 0 0 0 0 0 0 0 0 0 0 0 0 1 1 0 0 
11 2 0 0 0 0 0 0 0 0 0 0 0 0 1 0 0 0 
15 1 0 1 0 0 0 1 0 1 1 0 1 0 0 1 0 0 
15 1 1 0 1 0 1 1 1 0 0 0 1 0 0 0 0 1 
14 2 0 0 0 0 0 0 0 0 0 0 0 0 1 0 0 1 
14 1 0 0 1 0 0 1 0 0 0 1 1 0 1 0 0 1 
11 1 0 0 0 0 0 1 0 0 0 0 0 0 1 0 0 0 
10 1 0 0 0 0 0 0 0 0 0 0 1 0 1 0 0 0 
18 1 0 0 1 0 0 1 0 0 0 1 0 0 0 0 0 1 
13 2 0 0 1 1 0 1 1 0 0 1 1 0 1 0 0 1 
13 1 1 0 0 0 0 0 0 0 1 0 0 0 1 0 0 0 
13 1 1 0 1 0 0 0 0 0 0 0 0 0 1 0 0 1 
13 1 0 1 0 0 0 1 0 1 0 0 1 1 1 1 0 0 
13 1 1 0 0 0 0 0 0 0 0 0 0 0 1 0 0 1 
13 1 1 0 0 0 0 0 0 0 0 0 0 1 1 0 0 1 
13 1 0 0 0 0 0 0 0 0 1 0 1 0 1 0 0 0 
16 1 1 0 1 0 1 1 0 0 0 0 0 0 0 0 0 1 
8 1 1 0 1 1 0 0 0 0 0 0 1 0 0 0 0 1 
10 1 0 0 1 0 0 0 0 0 0 0 1 0 1 0 0 1 
15 1 0 0 1 0 0 1 1 0 0 0 1 1 0 0 0 1 
15 1 1 0 0 0 0 0 0 0 0 0 0 0 0 0 0 0 
0
1
2
3
4
5
6
7
8
9
10
11
12
1
13
7
14
15
16
17
18
1
7
19
13
12
20
21
22
7
2
1
21
23
12
24
25
26
8
27
28
9
29
30
7
23
12
22
16
31
32
23
7
33
12
34
13
7
33
13
12
24
7
15
13
35
21
1
13
36
24
9
37
38
4
13
9
7
26
23
12
31
0
23
39
40
13
31
12
13
34
41
24
12
22
42
43
1
44
45
46
47
48
49
48
3
15
50
51
52
53
54
55
56
43
52
57
58
59
60
61
47
62
17
22
39
15
63
49
22
64
65
66
43
67
68
69
67
70
51
52
71
52
72
67
73
43
52
74
75
69
73
76
77
43
78
67
56
53
52
56
79
80
81
82
83
84
52
55
85
69
53
86
52
43
8
87
88
89
15
90
91
92
92
20
93
22
22
39
94
22
49
48
95
91
75
75
91
8
22
96
22
97
98
22
49
48
22
97
29
1
52
77
56
99
76
15
22
100
49
1
39
22
33
101
1
22
102
103
104
86
105
43
53
52
106
107
75
74
108
43
55
67
109
55
52
53
43
110
110
43
52
53
67
111
112
52
79
43
113
114
115
114
116
52
105
76
53
67
43
55
52
107
85
117
118
119
91
119
120
121
122
123
124
125
126
91
127
80
99
69
56
53
107
52
55
76
127
80
128
127
122
129
84
130
131
122
132
133
122
134
130
22
20
135
136
97
15
52
43
66
137
43
56
138
107
76
15
66
56
43
15
39
13
30
44
8
39
61
49
1
139
110
79
137
140
43
141
140
142
143
105
109
144
145
146
147
148
60
149
150
151
152
153
22
94
154
61
49
155
156
157
110
8
86
52
55
52
53
107
65
66
68
107
140
55
67
52
43
55
140
99
43
117
116
158
117
115
68
159
107
51
160
55
107
56
55
66
68
43
161
76
162
52
53
43
105
52
69
125
143
52
126
125
52
43
163
52
164
52
55
139
52
68
52
79
105
165
52
137
56
85
55
66
68
52
166
109
53
52
43
167
168
43
116
169
52
109
170
171
115
117
68
52
72
66
163
76
172
115
173
68
115
174
115
114
116
52
56
43
175
127
176
126
125
122
177
122
178
133
49
179
1
97
180
154
8
48
3
22
147
146
181
117
146
174
182
146
117
183
47
29
97
48
47
184
29
22
39
22
185
186
75
75
187
188
189
190
191
192
145
66
52
193
52
145
52
194
52
77
56
43
55
66
125
76
77
67
125
69
51
52
139
105
84
43
160
55
43
195
52
125
52
75
75
196
75
75
67
79
52
43
125
52
105
109
53
67
43
161
56
43
54
84
197
51
56
43
56
137
43
198
22
199
47
39
22
200
93
1
22
93
22
201
202
203
8
22
93
22
204
115
171
174
115
68
174
115
117
68
205
206
207
208
209
76
55
66
53
56
107
195
85
56
210
66
43
55
54
53
69
67
86
66
43
15
29
39
22
8
211
163
69
13
15
212
49
48
1
49
48
156
62
44
15
212
48
154
94
22
213
110
47
69
110
110
43
53
76
52
107
53
66
55
214
52
210
86
215
52
75
75
67
137
111
54
111
56
161
75
75
52
86
216
52
53
43
168
67
161
43
104
29
97
217
15
52
55
50
104
56
79
105
43
55
56
52
43
53
67
75
75
56
125
67
52
43
55
66
107
53
76
111
218
126
125
124
110
46
47
48
219
29
1
154
48
49
22
203
68
174
115
117
68
146
117
117
122
220
221
176
126
124
222
67
197
55
85
66
53
50
52
55
52
223
22
46
45
15
211
55
67
52
104
43
76
106
56
55
52
224
225
160
226
137
52
55
67
43
55
52
15
43
29
22
39
8
154
227
48
97
1
29
208
228
229
230
231
208
1
93
232
46
233
39
234
49
98
22
60
235
236
60
117
147
60
237
228
206
238
239
127
240
81
84
82
134
109
84
241
52
226
52
55
43
66
53
109
242
52
68
144
243
115
68
144
153
244
245
246
153
29
1
46
3
22
40
200
15
203
117
117
115
171
170
60
247
52
137
50
55
56
85
168
107
163
211
1
22
46
248
22
46
1
43
105
56
137
50
52
55
52
104
22
39
22
249
52
161
162
55
52
55
67
215
250
1
50
55
56
52
8
97
48
49
1
48
251
29
15
52
252
52
79
53
67
52
43
170
22
49
253
8
39
22
22
93
104
97
110
110
154
90
39
1
48
49
22
48
3
8
52
56
55
66
53
79
106
143
43
52
125
69
55
79
168
143
99
84
43
52
52
52
79
72
52
53
52
43
192
191
254
192
255
256
257
258
179
39
15
33
91
49
1
66
43
76
1
67
163
69
105
76
43
163
52
259
43
55
66
67
55
52
43
56
47
50
85
52
223
26
62
156
260
95
22
93
46
15
22
39
22
98
43
111
52
137
56
105
43
55
52
43
15
67
86
22
39
47
49
48
33
49
48
1
58
153
261
249
262
203
262
1
22
40
22
263
47
33
93
22
264
109
15
111
52
77
66
52
76
53
107
168
52
84
221
122
176
126
125
228
265
266
228
257
22
93
154
8
39
234
29
267
95
22
39
33
17
49
104
203
114
115
145
174
115
117
145
268
52
52
43
105
79
55
67
116
114
115
269
118
43
76
52
53
67
162
55
76
99
52
127
84
197
111
55
66
43
76
53
67
55
43
270
271
186
272
273
274
270
275
187
276
15
22
93
22
22
39
1
154
48
66
43
67
137
76
43
163
66
163
52
220
127
203
277
265
84
228
208
206
278
79
52
168
143
163
211
43
15
227
49
48
39
8
46
33
22
203
75
75
67
53
52
55
279
52
155
3
22
280
281
8
253
97
22
155
