1257 16 282 10 1 96
2 3 1
1 8 1
2 3 1
1 4 1
1 3 0
1 2 0
1 18 0
1 20 0
1 6 0
1 7 0
1 2 0
1 3 0
3 5 0
1 3 0
1 97 0
2 3 0
15 2 1 0 0 0 0 0 0 0 0 0 0 1 1 0 0 0 
15 27 1 0 1 1 0 1 0 0 0 0 1 0 0 0 0 1 
15 2 0 0 1 0 0 0 0 0 0 0 0 0 1 1 0 1 
15 6 1 0 0 0 0 0 0 0 1 0 1 0 0 0 0 0 
15 2 0 0 0 0 0 1 0 0 0 0 0 0 1 0 0 1 
15 1 1 0 0 0 0 0 0 0 0 0 0 0 0 1 0 1 
15 1 1 0 0 0 0 1 0 0 0 0 1 0 1 0 0 0 
15 9 0 0 0 0 0 0 0 0 0 0 0 0 1 0 0 0 
15 16 1 1 1 1 0 1 0 1 0 0 1 0 0 1 0 1 
15 4 1 0 0 0 0 0 0 0 0 0 0 0 1 0 0 0 
15 1 0 0 1 0 1 1 0 0 0 0 1 0 0 0 0 1 
15 1 1 0 1 0 0 0 0 0 0 0 0 1 1 0 0 1 
15 9 0 0 0 0 0 0 0 0 1 0 0 0 1 0 0 0 
15 11 1 0 1 0 0 0 0 0 0 0 0 0 0 1 0 1 
15 1 0 0 0 0 0 0 0 0 1 0 1 0 1 0 0 0 
15 23 1 0 1 1 0 1 0 0 0 0 0 0 0 0 0 1 
15 2 1 0 0 0 0 0 0 0 0 0 1 0 1 0 0 0 
15 3 0 0 1 0 0 1 0 0 0 1 0 0 0 0 0 1 
15 1 1 0 0 0 0 0 0 0 0 0 0 0 1 1 0 0 
15 1 1 1 1 0 0 1 0 1 0 0 1 0 1 1 0 1 
15 3 0 0 1 1 0 1 1 0 0 1 1 0 0 0 0 1 
15 3 0 0 0 0 0 0 0 0 0 0 0 1 1 0 0 0 
15 56 1 0 1 0 0 1 0 0 0 0 0 0 0 0 0 1 
15 5 1 0 1 0 0 1 0 0 0 0 0 0 0 1 0 1 
15 4 1 0 1 0 0 1 0 0 0 0 0 0 1 0 0 1 
15 1 1 0 0 0 0 0 0 0 0 0 1 1 1 0 0 0 
15 3 0 0 1 0 0 0 0 0 0 0 0 0 0 0 0 1 
15 1 1 0 0 0 0 0 0 0 1 0 0 0 1 0 0 0 
15 1 0 0 1 0 1 1 0 0 0 0 0 0 1 0 0 1 
15 12 0 0 1 0 0 0 0 0 0 0 0 0 0 1 0 1 
15 2 1 0 0 0 1 1 0 0 0 0 0 0 0 0 0 1 
15 3 0 0 1 0 0 1 0 0 0 0 0 0 1 0 0 1 
15 1 1 0 0 0 0 0 0 0 0 0 0 1 0 0 1 0 
15 8 1 0 1 0 0 1 0 0 0 0 1 0 0 0 0 1 
15 2 1 0 1 1 1 1 1 1 0 1 1 0 1 0 0 1 
15 1 0 0 0 0 0 1 0 0 1 0 0 0 1 0 0 0 
15 1 0 0 0 0 0 0 0 0 1 0 0 1 1 0 0 0 
15 1 0 1 1 1 1 1 0 1 0 0 1 0 0 1 0 1 
15 1 1 0 1 0 0 0 0 0 0 1 0 0 0 0 1 0 
15 21 0 0 0 0 0 0 0 0 1 0 0 0 0 0 0 0 
15 3 0 0 0 0 0 0 0 0 0 0 0 0 0 0 0 0 
15 1 0 0 0 0 0 0 0 0 0 0 0 1 0 0 0 0 
14 1 1 0 0 0 0 0 0 0 0 0 1 0 1 0 0 1 
10 63 1 0 0 0 0 0 0 0 0 0 0 1 1 0 0 0 
15 20 0 0 1 0 0 1 0 0 0 0 0 0 0 0 0 1 
10 12 1 0 0 0 0 0 0 0 1 0 0 0 1 0 0 0 
10 27 0 0 0 0 0 0 0 0 0 0 0 0 1 0 0 1 
15 1 1 0 1 0 0 1 0 0 0 0 1 0 0 0 0 0 
10 13 1 0 0 0 0 0 0 0 0 0 0 1 1 1 0 0 
8 1 0 0 1 1 0 1 0 0 0 1 0 0 0 0 0 1 
8 3 1 0 0 0 0 0 0 0 0 0 0 0 0 0 0 1 
12 1 1 0 0 0 0 1 0 0 0 0 0 0 1 0 0 0 
12 1 0 0 1 0 0 0 0 0 0 0 0 0 1 0 0 1 
8 12 1 0 1 1 0 1 0 0 0 0 1 0 0 0 0 1 
12 6 1 0 0 0 0 0 0 0 1 0 0 0 1 0 0 0 
8 1 0 0 1 0 0 1 0 0 0 0 1 0 0 0 0 1 
8 10 1 0 1 1 0 1 0 0 0 0 0 0 0 0 0 1 
10 92 0 0 0 0 0 0 0 0 0 0 0 0 1 0 0 0 
8 2 0 0 1 0 0 1 0 0 0 1 0 0 0 0 0 1 
8 1 1 0 1 0 1 1 0 0 0 0 0 0 0 0 0 1 
15 1 1 0 1 0 0 1 1 0 0 1 1 0 0 0 0 1 
15 2 1 0 1 0 0 0 0 0 0 0 1 0 0 0 0 1 
12 1 0 0 0 0 0 0 0 0 0 0 0 0 1 0 0 0 
12 1 1 1 1 0 0 1 0 1 0 0 1 0 1 1 0 1 
12 1 1 0 1 1 0 0 0 0 0 0 0 0 1 0 0 1 
12 1 0 0 0 0 0 1 0 0 1 0 0 0 1 0 0 0 
3 18 1 0 1 0 0 0 0 0 0 1 0 0 0 0 1 0 
15 10 0 0 0 0 0 0 0 0 0 0 0 0 0 1 0 0 
15 7 1 0 1 1 1 1 0 0 0 0 1 0 0 0 0 1 
18 14 0 0 1 0 0 1 0 0 0 0 0 0 0 0 0 1 
10 29 0 0 0 0 0 0 0 0 0 0 0 0 1 1 0 0 
10 28 1 0 1 1 0 1 0 0 0 0 1 0 1 0 0 1 
18 6 1 0 1 0 0 1 0 0 0 0 0 0 0 0 0 1 
18 1 0 0 0 0 0 1 0 0 0 0 1 0 0 0 0 0 
18 14 1 0 1 1 0 1 0 0 0 0 1 0 0 0 0 1 
13 2 0 0 0 0 0 0 0 0 1 0 0 0 1 0 0 0 
18 3 1 0 1 0 0 0 0 0 0 0 1 0 0 0 0 1 
18 1 0 0 1 0 0 1 0 0 0 1 0 0 0 0 0 1 
10 1 1 1 0 0 0 1 0 1 0 0 1 1 1 1 0 0 
13 1 1 0 0 0 0 0 0 0 0 0 0 0 1 0 0 1 
13 1 0 0 1 0 0 1 0 0 0 0 0 0 1 0 0 1 
18 5 1 0 0 0 0 0 0 0 0 0 0 0 0 1 0 0 
13 1 1 0 1 1 0 1 0 0 0 0 1 0 1 0 0 1 
18 1 0 0 0 0 0 0 0 0 0 0 0 0 0 0 0 1 
12 4 1 0 0 0 0 1 0 0 1 0 1 0 1 0 0 0 
4 1 0 0 0 0 0 0 0 0 0 0 0 1 0 0 1 0 
10 10 1 0 1 1 1 1 0 0 0 0 1 0 1 0 0 1 
5 10 0 0 1 0 0 1 1 0 0 1 1 0 0 1 1 0 
14 4 1 0 0 0 0 0 0 0 0 0 0 0 1 0 0 1 
14 1 1 0 1 0 0 1 0 0 1 0 0 0 1 0 0 0 
14 5 0 0 0 0 0 1 0 0 0 0 0 0 1 0 0 0 
15 2 1 0 1 1 0 0 0 0 0 0 0 0 0 0 0 1 
10 5 0 1 0 0 0 1 0 1 0 1 1 0 1 1 0 0 
8 3 1 0 1 1 0 0 0 0 0 0 0 0 0 0 0 1 
13 3 1 0 0 0 0 1 0 0 1 0 0 0 1 0 0 0 
13 2 0 0 1 0 0 0 0 0 0 0 0 0 1 0 0 1 
15 20 1 0 0 0 0 0 0 0 0 0 0 0 0 1 0 0 
10 43 1 0 0 0 0 1 0 0 0 0 0 0 1 0 0 1 
13 2 0 0 0 0 0 1 0 0 1 0 0 0 1 0 0 0 
15 10 1 0 1 1 1 1 0 0 0 0 0 0 0 0 0 1 
15 2 1 0 1 0 1 1 0 0 0 0 0 0 0 0 0 1 
10 19 0 0 0 0 0 0 0 0 1 0 0 0 1 0 0 0 
15 3 0 0 1 0 0 1 0 0 0 0 1 0 0 0 0 1 
15 3 0 0 1 1 0 0 0 0 0 0 0 0 0 1 0 1 
10 23 0 0 1 0 0 0 0 0 0 1 0 0 1 0 0 0 
15 1 1 1 1 1 1 1 0 1 0 0 1 0 0 1 0 1 
15 1 1 0 0 0 0 0 0 0 0 0 0 1 0 0 0 1 
10 2 1 0 0 0 0 0 0 0 0 0 0 0 1 1 0 0 
10 1 0 0 0 0 0 1 0 0 0 0 1 0 1 0 0 1 
8 2 0 0 0 0 0 0 0 0 0 0 0 0 0 0 0 1 
10 12 0 1 1 0 0 1 0 1 0 1 1 0 1 1 0 0 
8 2 0 0 1 0 0 1 0 0 0 0 0 0 0 0 0 1 
8 8 1 0 0 0 0 0 0 0 0 0 0 0 0 1 0 1 
10 1 1 0 0 0 0 1 0 0 0 0 1 1 1 0 0 0 
8 1 1 0 1 1 1 1 0 0 0 0 0 0 0 0 0 1 
10 1 1 0 0 0 0 1 0 0 0 0 1 1 1 0 0 1 
10 7 1 0 0 0 0 0 0 0 0 0 0 0 1 0 0 1 
18 3 0 0 1 1 0 1 0 0 0 1 0 0 0 0 0 1 
10 6 0 0 1 0 0 1 0 0 0 0 0 0 1 0 0 1 
10 7 0 0 0 0 0 0 0 0 0 0 0 1 1 1 0 0 
10 1 1 1 1 0 0 1 0 1 0 1 1 0 1 1 0 0 
8 3 1 0 0 0 0 0 0 0 1 0 0 0 0 0 0 0 
14 3 0 0 1 0 0 1 0 0 0 0 0 0 1 0 0 1 
14 1 0 0 0 0 0 0 0 0 0 0 0 1 1 0 0 0 
1 1 0 0 0 0 0 0 0 0 1 0 0 0 0 0 1 0 
10 1 0 0 1 0 0 0 0 0 0 0 1 0 1 0 0 1 
9 2 1 1 1 1 1 1 0 1 0 0 1 0 0 1 0 1 
10 7 1 0 0 0 0 0 0 0 1 0 1 0 1 0 0 0 
18 1 0 0 1 1 0 0 0 0 0 0 0 0 0 1 0 1 
10 5 1 0 1 0 0 1 0 0 0 0 1 0 1 0 0 1 
18 1 0 0 1 0 1 1 0 0 0 0 0 0 0 0 0 1 
18 3 0 0 1 0 0 1 0 0 0 0 1 0 0 0 0 1 
10 8 0 0 0 0 0 0 0 0 1 0 0 1 1 0 0 0 
8 2 0 0 1 0 0 1 1 0 0 1 1 0 0 0 0 1 
10 2 0 0 0 0 0 1 0 0 1 0 0 1 1 0 0 0 
10 1 1 0 0 0 0 0 0 0 0 0 1 0 1 0 0 1 
17 6 0 0 0 0 0 1 0 0 0 0 0 0 0 0 1 1 
10 5 1 0 0 0 0 0 0 0 0 0 0 0 1 0 0 0 
18 5 1 0 1 1 0 1 0 0 0 0 0 0 0 0 0 1 
10 9 1 0 0 0 0 1 0 0 0 0 1 0 1 0 0 1 
18 15 0 0 0 0 0 0 0 0 0 0 0 0 0 1 0 0 
10 2 0 0 1 0 0 1 0 0 0 0 1 0 1 0 0 1 
18 3 0 0 1 0 0 0 0 0 0 0 0 0 0 0 0 1 
18 1 1 1 1 1 0 1 0 1 0 0 1 0 0 1 0 1 
15 1 0 0 1 0 0 1 1 0 0 0 1 1 0 0 0 1 
10 1 0 0 0 0 0 1 0 0 0 0 0 0 1 0 0 1 
15 10 1 0 0 0 0 0 0 0 1 0 0 0 0 0 0 0 
10 5 1 0 1 0 0 1 0 0 0 0 0 0 1 0 0 1 
15 8 1 0 0 0 0 0 0 0 0 0 0 0 0 0 0 1 
10 3 0 0 0 0 0 0 0 0 0 0 0 1 1 0 0 1 
15 1 1 1 0 0 0 1 0 1 1 0 1 0 0 1 0 0 
15 1 0 0 0 0 0 0 0 0 0 1 0 0 0 0 0 0 
10 3 0 0 0 0 0 0 0 0 0 0 1 1 1 0 0 0 
16 1 1 0 1 1 1 1 0 0 0 0 0 0 0 0 0 1 
16 1 1 0 1 0 1 1 0 0 0 0 0 0 0 0 0 1 
3 2 0 0 1 0 0 0 0 0 0 1 0 0 0 0 1 0 
8 6 0 0 1 0 0 0 0 0 0 0 0 0 0 1 0 1 
10 7 1 0 1 0 0 0 0 0 0 0 0 0 1 0 0 1 
10 1 0 1 0 0 0 1 0 1 1 0 1 1 1 1 0 0 
13 1 1 0 0 0 0 1 0 0 0 0 1 0 1 0 0 1 
0 2 0 0 0 0 0 0 0 0 1 0 1 0 0 0 1 0 
8 7 1 0 1 0 0 1 0 0 0 0 0 0 0 0 0 1 
13 1 1 0 1 1 0 0 0 0 0 0 1 0 1 0 0 1 
15 1 0 0 0 0 0 0 0 0 1 0 1 0 0 0 0 0 
13 1 0 0 0 0 0 0 0 0 1 0 1 0 1 0 0 0 
10 1 0 0 0 0 0 0 0 0 0 0 1 0 1 0 0 0 
15 2 1 0 1 1 0 1 0 0 0 1 1 0 0 0 0 1 
10 4 0 0 1 0 0 0 0 0 0 0 0 0 1 0 0 1 
8 1 1 0 1 0 0 0 0 0 0 0 0 0 0 0 0 1 
10 3 0 0 0 0 0 1 0 0 0 0 1 0 1 0 0 0 
15 1 0 0 1 0 0 0 0 0 0 0 1 0 0 0 0 0 
10 11 0 0 0 0 0 0 0 0 0 0 0 1 1 0 0 0 
18 1 1 0 1 0 1 1 0 0 0 0 0 0 0 0 0 1 
13 2 0 0 1 1 0 1 1 0 0 1 1 0 1 0 0 1 
15 9 0 0 0 0 0 0 0 0 0 0 0 0 0 0 0 1 
10 1 0 0 1 0 0 1 0 0 0 0 1 1 1 0 0 1 
15 3 1 1 0 0 0 1 0 1 0 0 1 0 0 1 0 0 
6 1 0 0 0 0 1 1 0 0 1 0 0 0 0 0 1 0 
12 1 1 0 1 1 0 0 0 0 0 0 1 0 1 0 0 1 
10 4 0 0 0 0 0 0 0 0 0 1 0 0 1 0 0 0 
10 1 1 0 1 0 0 0 0 0 0 0 1 0 1 0 0 1 
11 2 0 0 0 0 0 0 0 0 0 0 0 0 1 0 0 0 
15 1 1 0 0 0 0 1 0 0 1 0 1 0 0 0 0 0 
15 3 0 0 1 1 0 1 0 0 0 1 1 0 0 0 0 1 
15 2 0 0 1 0 0 1 1 0 0 0 1 0 0 0 0 0 
12 2 0 0 0 0 0 0 0 0 1 0 0 0 1 0 0 0 
12 1 1 0 1 1 1 1 0 0 0 0 1 0 1 0 0 1 
10 1 0 0 1 1 0 0 0 0 0 0 1 0 1 0 0 1 
15 3 1 0 1 1 0 0 0 0 0 0 1 0 0 0 0 1 
12 1 0 0 0 0 0 0 0 0 0 0 0 0 1 1 0 0 
12 1 1 0 0 0 0 1 0 0 1 0 0 0 1 0 0 0 
15 3 0 0 1 1 0 1 0 0 0 1 0 0 0 0 0 1 
10 1 1 0 1 0 1 1 0 0 0 0 1 0 1 0 0 1 
18 5 1 0 1 1 1 1 0 0 0 0 0 0 0 0 0 1 
10 4 0 0 0 0 0 0 0 0 1 0 0 0 1 1 0 0 
18 5 1 0 1 0 0 1 0 0 0 0 1 0 0 0 0 1 
18 1 1 0 1 0 0 0 0 0 0 0 0 0 0 0 0 1 
15 1 1 0 0 0 0 1 1 0 1 0 1 0 0 0 0 0 
10 1 1 0 1 0 0 0 0 0 0 0 0 1 1 0 0 1 
7 1 0 0 1 1 1 1 0 0 0 0 1 0 0 0 1 1 
10 1 0 0 0 0 0 1 0 0 0 0 0 1 1 0 0 1 
17 2 1 0 0 0 0 0 0 0 0 0 0 0 0 0 1 1 
14 1 0 0 1 1 1 1 0 0 0 0 1 0 1 0 0 1 
15 1 0 0 1 0 1 1 0 0 0 0 0 1 0 0 0 1 
15 3 0 0 1 0 0 0 0 0 0 1 0 0 0 0 0 0 
15 1 1 0 0 0 0 1 0 0 0 0 0 0 0 0 0 1 
11 7 0 0 0 0 0 0 0 0 1 0 0 0 1 0 0 0 
8 1 0 0 1 0 0 0 0 0 0 0 0 0 0 0 0 1 
10 5 0 0 0 0 0 1 0 0 0 0 0 0 1 0 0 0 
10 3 1 0 1 0 0 1 0 0 0 0 1 1 1 0 0 1 
10 1 1 0 0 0 1 1 0 0 1 0 1 1 1 0 0 0 
7 2 0 0 0 0 0 0 0 0 1 0 0 0 0 0 1 0 
18 2 1 0 1 1 1 1 0 0 0 0 1 0 0 0 0 1 
12 1 1 0 0 0 0 0 0 0 1 0 0 1 1 0 0 0 
18 1 1 0 1 1 0 1 1 0 0 0 1 0 0 0 0 1 
15 1 0 1 0 0 0 1 0 1 1 0 1 0 0 1 0 0 
8 1 0 0 0 0 0 0 0 0 0 0 0 0 0 0 0 0 
8 1 0 0 1 0 0 1 0 0 0 0 1 1 0 0 0 1 
10 1 1 0 1 0 0 0 0 0 0 1 0 0 1 0 0 0 
15 2 0 0 0 0 0 1 0 0 0 0 0 0 0 0 0 1 
15 1 0 1 1 0 0 1 0 1 0 0 1 0 0 1 0 1 
12 1 0 0 1 0 0 1 0 0 0 0 0 0 1 0 0 1 
14 2 0 0 0 0 0 0 0 0 0 0 0 0 1 0 0 1 
15 2 1 0 1 0 0 1 0 0 0 0 1 1 0 0 0 1 
18 1 0 0 1 1 0 1 0 0 0 1 1 0 0 0 0 1 
14 1 0 0 0 0 1 1 0 0 0 0 0 0 1 0 0 1 
15 3 1 0 1 0 0 0 0 0 0 0 0 0 0 0 0 1 
15 1 1 0 0 0 0 0 0 0 0 0 0 0 0 0 0 0 
15 2 0 0 1 0 1 0 0 0 0 0 0 0 0 0 0 1 
15 2 1 1 0 0 0 1 0 1 1 0 1 1 0 1 0 0 
10 3 1 0 0 0 0 0 0 0 0 0 1 1 1 0 0 0 
8 2 1 1 1 1 0 1 0 1 0 0 1 0 0 1 0 1 
8 1 1 0 1 1 1 1 0 0 0 0 1 0 0 0 0 1 
10 2 0 0 0 0 0 1 0 0 1 0 0 0 1 0 0 0 
10 1 1 0 1 0 0 1 0 0 0 0 0 1 1 0 0 1 
13 1 1 0 1 0 0 0 0 0 0 0 0 0 1 0 0 1 
14 1 0 0 1 0 0 1 0 0 0 1 1 0 1 0 0 1 
15 1 1 0 1 0 0 1 1 0 0 0 1 0 0 0 0 1 
15 1 0 0 1 0 0 1 0 0 0 0 0 1 0 0 0 1 
15 1 1 0 1 1 0 1 0 0 0 1 0 0 0 0 0 1 
8 2 1 0 1 0 0 1 0 0 0 0 1 0 0 0 0 1 
8 1 1 1 1 1 1 1 0 1 0 0 1 0 0 1 0 1 
8 1 0 0 1 1 0 1 0 0 0 1 1 0 0 0 0 1 
16 1 1 0 1 0 0 1 0 0 0 0 0 1 0 0 0 1 
11 1 0 0 0 0 0 1 0 0 0 0 0 0 1 0 0 0 
12 1 0 0 0 0 0 0 0 0 0 1 0 0 1 0 0 0 
10 1 1 1 0 0 0 1 0 1 0 0 1 0 1 1 0 1 
1 1 0 0 0 0 0 0 0 0 0 0 0 0 0 0 1 1 
11 1 0 0 0 0 0 0 0 0 0 0 0 1 1 0 0 0 
15 1 0 0 1 0 0 1 1 0 0 0 1 0 0 0 0 1 
13 1 0 1 0 0 0 1 0 1 0 0 1 1 1 1 0 0 
15 1 1 0 1 0 1 1 1 0 0 0 1 0 0 0 0 1 
10 3 0 0 0 0 0 0 0 0 1 0 1 0 1 0 0 0 
17 1 0 0 0 0 0 0 0 0 0 0 0 0 0 0 1 1 
18 2 1 0 1 1 1 1 1 0 0 0 1 0 0 0 0 1 
17 1 1 0 1 0 0 0 0 0 0 0 0 0 0 0 1 1 
13 1 0 0 0 0 0 0 0 0 0 1 0 0 1 0 0 0 
13 1 0 1 0 0 0 1 0 1 0 0 1 0 1 1 0 0 
13 1 1 0 0 0 0 0 0 0 0 0 0 1 1 0 0 1 
15 2 1 0 1 1 1 1 1 0 0 0 1 0 0 0 0 1 
2 2 1 0 0 0 0 0 0 0 0 0 0 1 0 0 1 0 
10 1 1 0 0 0 0 1 0 0 0 0 0 0 1 0 0 0 
8 1 1 0 1 1 0 0 0 0 0 0 1 0 0 0 0 1 
10 1 1 0 1 1 0 1 0 0 0 0 0 0 1 0 0 1 
10 1 1 0 0 0 0 1 0 0 0 0 1 0 1 0 0 0 
18 1 1 0 0 0 0 0 0 0 1 0 0 0 0 0 0 0 
12 1 1 0 1 0 0 1 0 0 0 0 0 0 1 0 0 1 
1 1 0 0 0 0 0 0 0 0 0 0 0 0 0 0 1 0 
12 1 1 0 1 1 0 1 1 0 0 0 1 0 1 0 0 1 
10 1 1 0 1 0 0 0 0 0 1 0 0 0 1 0 0 0 
14 1 1 0 1 1 0 1 0 0 0 0 1 0 1 0 0 1 
14 1 0 0 0 0 0 0 0 0 0 0 0 0 1 0 0 0 
14 1 1 0 0 0 0 0 0 0 0 0 0 1 1 0 0 0 
14 1 0 0 0 0 0 0 0 0 0 0 1 0 1 1 0 0 
10 1 0 0 0 0 0 1 0 0 0 0 1 1 1 0 0 0 
15 1 0 1 1 0 0 1 0 1 0 0 1 0 0 1 0 0 
12 1 1 0 1 1 0 1 0 0 0 0 1 0 1 0 0 1 
15 1 1 0 0 0 0 0 0 0 0 0 1 1 0 0 0 0 
18 1 0 1 1 0 0 1 0 1 0 0 1 0 0 1 0 1 
8 1 1 0 1 0 1 1 0 0 0 0 1 0 0 0 0 1 
8 1 0 0 1 1 0 1 1 0 0 1 1 0 0 0 0 1 
13 1 1 0 0 0 0 0 0 0 1 0 0 0 1 0 0 0 
0
1
2
3
4
5
6
7
8
9
10
11
12
1
13
7
14
15
16
17
18
1
7
19
13
12
20
21
22
7
2
1
21
23
12
24
25
26
8
27
28
9
29
30
7
23
12
22
16
31
32
23
7
33
12
34
13
7
33
13
12
24
7
15
13
35
21
1
13
36
24
9
37
38
4
13
9
7
26
23
12
31
0
23
39
40
13
31
12
13
34
41
24
12
22
42
40
8
43
44
45
1
46
47
46
48
49
50
51
52
53
54
55
48
56
57
58
54
59
57
1
43
57
60
39
61
22
62
63
64
65
66
67
68
43
69
70
71
72
70
73
43
74
75
76
77
78
79
80
81
82
83
84
85
86
57
87
88
15
67
89
90
91
44
43
92
93
94
95
96
15
57
97
76
98
96
99
46
66
100
101
71
43
102
57
33
103
84
104
22
57
105
44
43
97
46
87
106
71
39
43
97
70
44
40
99
107
108
57
22
39
71
109
110
46
56
43
111
112
113
104
114
101
115
96
44
57
116
117
48
118
3
22
119
71
109
120
57
53
121
122
123
53
46
87
124
86
57
69
43
71
39
22
125
43
126
104
127
69
128
43
129
130
48
69
101
74
70
46
72
43
131
112
71
132
70
133
57
53
112
134
135
136
43
8
46
66
136
101
137
138
57
139
140
74
43
69
127
117
43
141
142
137
143
101
144
70
15
104
145
146
147
29
43
22
57
17
137
57
71
39
148
22
70
71
149
150
151
91
22
152
97
39
139
46
66
22
70
153
57
107
154
155
97
156
152
56
157
158
66
159
156
43
56
160
97
119
161
162
90
156
22
163
147
57
71
116
87
22
164
8
157
165
96
166
167
134
168
56
57
97
66
169
45
138
140
97
46
87
132
1
13
57
129
70
99
104
3
22
170
97
43
57
8
171
142
172
70
71
171
44
39
22
173
43
174
33
101
71
148
110
43
99
39
97
119
22
57
1
174
70
66
175
45
86
140
131
171
74
57
176
46
177
178
22
179
180
22
181
30
103
182
174
147
43
183
95
84
67
22
88
184
148
22
185
186
174
110
174
68
48
118
167
96
187
17
39
97
171
22
188
189
190
148
191
48
97
44
43
86
39
22
43
167
184
96
192
101
8
43
104
33
96
102
45
97
171
139
140
193
66
194
97
195
57
86
81
69
84
196
92
93
147
57
197
198
199
70
66
200
127
56
171
22
67
86
101
110
201
202
96
22
132
71
70
203
57
74
140
147
101
46
15
204
205
61
206
74
57
97
140
71
121
110
207
43
53
70
43
136
70
1
174
87
46
97
194
1
43
102
66
208
209
57
116
8
39
33
67
1
104
97
132
22
15
57
22
104
210
29
15
57
97
96
118
57
1
146
92
43
15
57
22
57
148
71
211
139
57
22
96
20
167
43
22
57
69
212
43
110
116
72
101
212
81
169
116
117
213
72
57
214
57
69
43
53
57
215
43
56
216
217
218
97
132
99
29
171
22
139
70
71
39
219
43
15
104
50
220
54
221
29
43
97
67
15
222
94
87
137
74
57
72
57
138
70
223
206
224
57
22
96
225
45
15
57
226
87
46
71
48
44
227
149
8
146
118
43
1
104
139
211
22
228
43
71
70
127
22
44
96
71
46
229
226
173
70
22
43
44
206
22
70
157
68
57
22
96
191
146
97
46
57
230
15
67
146
46
86
43
156
133
57
231
132
97
112
57
53
48
44
127
97
155
232
57
112
233
43
8
57
44
43
138
104
112
97
57
22
3
149
71
96
141
43
99
67
234
101
8
57
230
22
103
230
97
29
160
208
104
1
43
44
29
94
235
236
140
74
57
195
101
157
110
174
1
171
237
45
57
66
97
140
74
45
118
137
15
104
148
238
45
8
46
43
22
57
239
57
22
97
57
15
39
97
104
56
70
161
57
56
46
87
116
53
101
48
240
57
241
57
161
57
139
121
242
119
161
161
57
157
53
101
87
43
74
140
97
57
193
57
243
70
15
104
229
157
208
1
48
44
206
166
13
244
88
1
206
22
245
1
57
246
247
248
68
181
66
122
3
15
57
97
57
223
206
249
96
57
71
70
100
146
183
96
33
171
71
146
250
204
1
222
90
3
15
119
251
57
71
132
112
240
57
66
71
119
97
146
44
57
15
110
43
97
140
193
252
69
70
179
193
48
253
45
254
57
255
110
57
15
39
97
57
15
43
57
22
188
233
46
22
256
99
22
75
257
258
1
57
44
96
68
104
57
22
70
259
57
260
98
188
174
92
46
71
140
131
46
39
122
22
171
1
29
261
46
48
262
58
132
50
231
57
129
43
183
148
101
22
29
43
15
57
57
22
204
97
119
1
57
129
39
8
57
97
66
136
43
99
101
22
70
20
43
44
45
263
29
264
228
8
57
139
39
33
48
104
1
43
252
22
68
171
97
66
70
71
265
140
195
116
110
43
142
254
140
266
57
195
81
69
39
71
43
118
96
68
206
176
57
97
66
90
267
268
22
39
70
139
66
57
97
226
44
43
8
104
127
111
93
90
112
209
179
53
269
174
219
43
86
104
176
39
270
140
97
57
74
271
76
69
185
74
272
69
273
138
54
69
110
57
195
57
74
54
44
43
99
57
129
96
44
1
146
274
104
275
88
276
67
22
54
191
277
22
57
71
43
29
22
101
99
152
97
104
8
146
46
67
86
43
136
201
101
1
70
43
208
96
1
26
92
157
56
194
208
260
156
86
179
161
45
156
53
43
46
278
104
127
193
140
72
57
97
46
45
259
29
169
66
209
57
22
252
15
148
110
43
53
194
279
161
57
97
280
101
97
81
69
43
74
46
104
136
281
126
