1232 22 355 10 1 228
2 3 1
1 8 1
2 3 1
1 4 1
1 3 0
2 3 0
1 2 0
1 18 0
1 6 0
1 229 0
1 5 0
1 11 0
1 3 0
1 49 0
1 10 0
3 5 0
2 3 0
1 3 0
1 12 0
1 35 0
2 3 0
1 2 0
0 8 1 0 1 1 0 1 0 0 0 0 0 0 0 0 0 0 1 0 0 0 1 0 
1 63 0 0 1 0 0 0 1 0 0 0 1 0 0 0 0 0 0 0 1 0 0 0 
2 84 0 0 0 0 0 0 0 0 1 0 0 0 0 0 0 1 0 0 0 0 0 0 
2 2 1 0 1 0 0 1 1 0 0 0 0 0 0 0 0 1 1 1 0 0 1 0 
2 54 1 0 0 0 0 0 0 0 0 0 0 0 1 0 0 1 0 0 0 0 0 0 
3 1 0 0 1 1 1 1 1 1 0 0 0 0 0 0 0 0 1 0 0 0 1 1 
2 1 1 1 1 0 0 1 1 0 0 0 0 0 1 0 0 1 0 1 0 0 0 1 
2 61 0 0 0 0 0 0 0 0 0 0 0 0 0 0 0 1 0 0 0 0 0 0 
4 1 1 0 1 1 0 1 0 0 0 0 0 0 0 0 0 0 1 0 0 0 1 1 
5 3 0 0 0 0 0 0 0 0 1 0 0 0 0 0 0 1 0 0 0 0 0 0 
5 2 1 0 1 0 1 1 1 0 0 0 0 0 0 0 0 1 1 0 0 0 1 0 
0 10 0 0 0 0 0 0 0 0 0 0 0 0 0 0 0 0 0 1 0 0 0 0 
6 2 1 0 1 0 0 1 0 0 0 0 0 0 0 0 0 1 1 0 0 0 1 0 
6 2 1 0 1 1 1 1 1 0 0 0 0 0 0 0 0 1 1 0 0 0 1 0 
3 1 1 0 1 0 1 1 1 0 0 0 0 0 0 0 0 0 1 0 0 0 1 0 
2 10 1 1 1 1 0 1 1 0 0 0 0 0 0 0 0 1 1 1 0 0 1 1 
2 2 0 0 0 0 0 0 0 0 0 0 0 0 1 0 0 1 0 0 0 0 0 1 
2 49 1 0 1 0 0 0 0 0 0 0 0 0 0 0 0 1 1 1 0 0 1 0 
7 1 1 0 1 1 1 1 1 1 0 0 0 1 0 1 0 0 1 0 0 0 1 1 
0 4 0 0 1 0 0 1 1 0 0 0 0 0 0 0 0 0 1 0 0 1 1 0 
2 22 1 0 0 0 0 0 0 0 0 0 0 0 0 0 0 1 0 0 0 0 0 0 
2 2 1 0 1 1 0 1 1 0 0 0 0 0 0 0 0 1 1 0 0 0 1 1 
0 1 1 0 1 0 1 1 1 0 0 0 0 0 0 0 0 0 1 0 0 0 1 0 
2 3 1 0 0 0 0 1 0 0 0 0 0 0 0 0 0 1 1 1 0 0 1 0 
8 3 1 0 1 1 0 1 0 0 0 0 0 0 0 0 0 0 1 0 0 0 1 0 
2 1 1 1 1 0 0 1 1 0 0 0 0 0 0 0 0 1 1 1 0 0 1 1 
2 4 0 0 0 0 0 0 0 0 0 0 0 0 0 0 0 1 0 0 0 0 0 1 
0 5 1 0 1 0 0 1 0 0 0 0 0 0 0 0 0 0 1 0 0 0 1 1 
2 1 0 0 0 0 0 0 1 0 1 0 0 0 1 0 0 1 0 0 0 0 0 0 
0 8 1 0 1 1 0 1 0 0 0 0 0 0 0 0 0 0 1 0 0 0 1 1 
2 2 0 0 0 0 0 0 0 0 0 0 0 1 0 0 0 1 0 0 0 0 0 0 
9 1 0 0 0 0 0 1 1 0 1 1 0 0 1 0 0 0 0 0 0 0 0 1 
4 4 1 0 1 1 1 1 1 0 0 0 0 0 0 0 0 0 1 0 0 0 1 0 
4 1 1 0 0 0 0 0 0 0 0 0 0 0 0 0 0 0 0 0 0 0 0 1 
6 1 0 0 1 0 0 1 1 0 0 0 0 0 0 0 0 1 1 1 0 0 1 0 
8 4 1 0 1 1 0 1 0 0 0 0 0 0 0 0 0 0 1 0 0 0 1 1 
2 2 1 0 1 0 0 1 0 0 0 0 0 0 1 0 0 1 1 1 0 0 1 0 
3 1 1 0 1 1 0 1 1 0 0 0 0 0 0 0 0 0 1 0 0 0 1 1 
3 1 0 0 0 0 0 0 0 0 1 0 0 0 0 0 0 0 0 0 0 0 0 0 
10 1 1 0 1 0 1 1 1 0 0 0 0 0 0 0 0 1 1 0 0 0 1 0 
3 1 0 0 1 1 0 1 1 1 0 0 0 1 0 0 0 0 1 0 0 0 1 1 
3 1 1 0 1 0 0 1 0 0 0 0 0 0 0 0 0 0 1 0 0 0 1 1 
5 2 1 0 1 1 1 1 1 0 0 0 0 0 0 0 0 1 1 0 0 0 1 0 
5 1 0 0 0 0 0 0 0 0 1 0 0 0 0 0 0 1 0 0 0 0 0 1 
3 1 0 0 1 0 0 1 1 0 0 0 0 0 0 0 0 0 1 0 0 0 1 0 
11 1 1 0 1 1 0 1 0 0 0 0 0 0 0 0 0 0 1 0 0 0 1 1 
6 1 0 0 0 0 0 1 1 0 1 0 0 0 1 0 0 1 0 0 0 0 0 0 
0 6 0 0 1 0 0 0 0 0 0 0 0 0 0 0 0 0 1 1 0 0 1 0 
6 1 1 0 1 0 0 1 1 0 0 0 0 0 0 0 0 1 1 0 0 0 1 0 
6 3 0 0 0 0 0 0 0 0 0 0 0 0 0 0 0 1 0 0 0 0 0 0 
12 4 1 1 1 1 0 1 1 0 0 0 0 0 0 0 0 0 1 1 1 0 1 1 
2 2 0 0 1 0 0 1 0 0 0 0 0 0 0 0 0 1 1 0 0 0 1 0 
0 3 1 0 1 0 0 1 1 0 0 0 0 0 0 0 0 0 1 1 0 0 1 0 
5 4 0 0 0 0 0 0 0 0 0 0 0 0 0 0 0 1 0 0 0 0 0 0 
5 3 1 0 1 1 1 1 1 1 0 0 0 1 0 1 0 1 1 0 0 0 1 1 
0 3 1 0 0 0 0 0 0 0 1 0 0 0 0 0 0 0 0 0 0 0 0 0 
2 17 0 0 0 0 0 0 0 0 0 0 0 0 1 0 0 1 0 0 0 0 0 0 
2 2 1 1 0 0 0 0 1 0 0 0 0 0 0 0 0 1 0 1 0 0 0 1 
4 2 0 0 0 0 0 1 0 0 0 0 0 0 0 0 0 0 1 0 0 0 1 0 
5 1 0 0 0 0 0 0 0 0 0 0 0 0 0 0 0 1 0 0 0 0 0 1 
5 1 1 0 1 1 0 1 1 0 0 0 0 0 0 0 0 1 1 0 0 0 1 0 
0 12 1 0 1 0 0 1 0 0 0 0 0 0 0 0 0 0 1 0 0 0 1 0 
13 1 0 0 0 0 0 0 0 0 1 0 0 0 0 0 0 1 0 0 0 0 0 0 
11 1 1 0 0 0 0 1 0 0 0 0 0 0 0 0 0 0 1 0 0 0 1 0 
10 2 1 1 1 1 0 1 1 0 0 0 0 0 0 0 0 1 1 1 0 0 1 1 
2 8 1 0 0 0 0 0 0 0 0 0 0 0 0 0 0 1 0 1 0 0 0 0 
5 1 1 0 1 1 1 1 1 0 0 0 0 0 0 0 0 1 1 0 0 0 1 1 
11 1 0 0 0 0 0 0 0 0 0 0 0 0 1 0 0 0 0 0 0 0 0 0 
0 1 0 0 1 1 0 1 1 1 0 0 0 1 0 0 0 0 1 0 0 1 1 1 
2 1 1 0 0 0 0 1 0 0 0 0 0 0 0 0 0 1 0 0 0 0 0 0 
7 4 1 0 1 1 1 1 1 0 0 0 0 0 0 0 0 0 1 0 0 0 1 0 
6 1 1 0 1 0 0 1 1 0 0 0 0 0 1 0 0 1 0 0 0 0 0 1 
11 1 0 0 0 0 0 0 0 0 1 0 0 0 0 0 0 0 0 0 0 0 0 0 
2 1 1 0 0 0 0 1 0 0 1 0 0 0 0 0 0 1 0 0 0 0 0 0 
7 1 1 1 1 1 0 1 1 0 0 0 0 0 0 0 0 0 1 1 0 0 1 1 
6 1 1 0 1 0 0 1 1 0 0 0 0 0 0 0 1 1 1 0 0 0 1 0 
0 2 1 0 0 0 0 0 0 0 1 0 0 0 0 0 0 0 0 0 0 0 0 1 
2 1 0 0 0 0 0 1 1 0 0 0 0 0 0 0 0 1 0 0 0 0 0 0 
3 1 1 0 1 1 0 1 1 0 0 0 0 0 0 0 0 0 1 0 0 1 1 1 
0 2 0 0 1 0 0 1 0 0 0 0 0 0 0 0 0 0 1 0 0 0 1 0 
0 1 1 0 1 0 0 0 0 0 0 0 0 1 0 0 0 0 0 0 0 0 0 0 
2 6 1 0 1 0 0 1 0 0 0 0 0 0 0 0 0 1 1 0 0 0 1 0 
3 7 1 0 1 1 1 1 1 0 0 0 0 0 0 0 0 0 1 0 0 0 1 0 
7 2 1 0 1 0 1 1 1 0 0 0 0 0 0 0 0 0 1 0 0 0 1 0 
6 3 1 0 1 1 0 1 1 0 0 0 0 0 0 0 0 1 1 0 0 0 1 0 
0 5 1 0 1 0 0 1 0 0 0 0 0 0 1 0 0 0 1 0 0 0 1 0 
13 2 0 0 0 0 0 0 0 0 0 0 0 0 0 0 0 1 0 0 0 0 0 0 
13 1 0 0 0 0 0 0 1 0 1 0 0 0 0 0 1 1 0 0 0 0 0 1 
0 1 1 0 1 1 1 1 1 1 0 0 0 1 0 1 0 0 1 0 0 1 1 1 
2 1 1 1 0 0 0 1 1 0 0 0 0 0 1 0 0 1 0 1 0 0 0 1 
7 2 1 0 1 1 0 1 1 0 0 0 0 0 0 0 0 0 1 0 0 0 1 1 
2 9 0 0 0 0 0 0 0 0 0 0 0 0 0 0 0 1 1 0 0 0 1 0 
8 2 0 0 1 0 0 1 1 0 0 0 0 0 0 0 0 0 1 0 0 0 1 0 
2 8 1 0 1 1 0 1 0 0 0 0 0 0 0 0 0 1 1 0 0 0 1 0 
10 1 1 0 1 1 1 1 1 0 0 0 0 0 0 0 0 1 1 0 0 0 1 0 
7 1 0 0 1 0 0 1 0 0 0 0 0 1 0 0 0 0 1 0 0 0 1 0 
13 1 1 0 1 0 1 1 1 0 0 0 0 0 1 0 0 1 0 0 0 0 0 0 
7 1 1 0 1 0 1 1 1 0 0 0 0 0 0 0 0 0 1 0 0 1 1 0 
2 15 0 0 0 0 0 1 0 0 0 0 0 0 0 0 0 1 1 0 0 0 1 0 
0 1 1 0 1 1 0 1 1 0 0 0 0 0 0 0 0 0 1 0 0 0 1 1 
2 4 1 1 0 0 0 0 1 0 0 0 0 0 1 0 0 1 0 1 0 0 0 1 
2 1 1 0 1 0 0 0 0 0 0 0 0 1 0 0 0 1 0 0 0 0 0 0 
0 1 1 0 0 0 0 0 1 0 1 0 0 0 0 0 1 0 0 0 0 0 0 1 
2 8 0 0 0 0 0 0 0 0 1 0 0 0 1 0 0 1 0 0 0 0 0 0 
4 2 1 0 1 1 0 1 0 0 0 0 0 0 0 0 0 0 1 0 0 0 1 0 
4 1 0 0 1 0 0 1 1 1 0 0 0 1 0 0 0 0 1 0 0 0 1 1 
3 1 1 0 0 0 0 0 1 0 1 0 0 0 0 0 0 0 0 0 0 0 0 0 
6 1 1 0 1 1 0 1 0 0 0 0 0 0 0 0 0 1 1 0 0 0 1 0 
0 4 0 0 1 0 0 1 1 0 0 0 0 0 0 0 0 0 1 0 0 0 1 0 
2 1 0 0 0 0 0 1 0 0 0 0 0 0 0 0 0 1 1 0 0 0 1 1 
8 1 1 0 1 1 1 1 1 0 0 0 0 0 0 0 0 0 1 0 0 0 1 0 
2 3 0 0 0 0 0 0 0 0 1 0 0 0 0 0 0 1 0 0 0 0 0 1 
10 3 0 0 0 0 0 0 0 0 0 0 0 0 0 0 0 1 0 0 0 0 1 0 
14 12 0 0 1 0 0 0 0 0 0 0 0 1 0 0 0 0 0 0 0 0 0 0 
5 1 1 0 0 0 1 1 1 0 0 0 0 0 0 0 0 1 0 0 0 0 1 0 
10 1 1 0 1 1 0 1 1 0 0 0 0 0 0 0 0 1 1 0 0 0 1 0 
5 1 0 0 1 0 1 1 1 0 0 0 0 0 0 0 0 1 1 0 0 1 1 0 
8 1 1 0 1 0 0 1 0 0 0 0 0 0 1 0 0 0 1 0 0 0 1 1 
8 1 1 1 1 1 1 1 1 0 0 0 0 0 0 0 1 0 1 1 0 0 1 1 
2 2 1 0 1 0 0 1 1 0 0 0 0 0 0 0 0 1 1 0 0 0 1 0 
5 1 1 0 0 0 0 0 0 0 0 0 0 0 1 0 0 1 0 0 0 0 0 0 
9 2 0 0 1 0 0 1 1 0 0 1 0 0 0 0 0 0 1 0 0 0 1 0 
4 2 1 0 1 1 0 1 1 0 0 0 0 0 0 0 0 0 1 0 0 0 1 1 
10 1 1 1 1 1 1 1 1 0 0 0 0 0 0 0 0 1 1 1 0 0 1 1 
8 4 1 0 1 0 0 1 0 0 0 0 0 0 0 0 0 0 1 0 0 0 1 0 
13 8 0 0 0 0 0 0 0 0 0 0 0 1 0 0 0 1 0 0 0 0 0 1 
2 35 1 0 0 0 0 1 0 0 0 0 0 0 0 0 0 1 1 0 0 0 1 0 
0 36 1 0 1 0 0 0 0 0 0 0 0 0 0 0 0 0 1 1 0 0 1 0 
0 10 1 0 1 1 1 1 1 0 0 0 0 0 0 0 0 0 1 0 0 0 1 0 
15 1 0 0 0 0 0 0 0 0 0 0 0 0 0 0 0 0 0 0 1 0 0 0 
8 3 1 0 1 1 1 1 1 1 0 0 0 1 0 1 0 0 1 0 0 0 1 1 
8 1 1 0 1 0 0 0 0 0 0 0 0 0 0 0 0 0 1 1 0 0 1 0 
13 1 0 0 0 0 0 1 1 0 0 0 0 0 0 0 0 1 0 0 0 0 0 0 
13 1 1 0 0 0 0 0 0 0 0 0 0 0 1 0 0 1 0 0 0 0 0 1 
7 1 1 0 1 1 0 1 1 0 0 0 0 0 0 0 0 0 1 0 0 0 1 0 
7 2 0 0 1 0 1 1 1 0 0 0 0 0 0 0 0 0 1 0 0 1 1 0 
16 3 0 1 0 0 0 0 1 0 0 0 0 0 0 0 0 0 0 1 0 0 0 1 
16 15 0 0 0 0 0 0 1 0 0 0 0 0 1 0 0 0 0 1 0 0 0 0 
5 1 0 0 0 0 0 1 1 0 0 0 0 0 0 0 0 1 0 0 0 0 0 0 
5 4 1 0 1 0 0 1 0 0 0 0 0 0 0 0 0 1 1 0 0 0 1 1 
2 8 0 0 0 0 0 0 0 0 0 0 0 0 0 0 0 1 0 1 0 0 0 0 
2 11 1 0 0 0 0 0 0 0 1 0 0 0 0 0 0 1 0 0 0 0 0 0 
17 12 0 0 1 0 0 0 1 1 0 0 0 1 0 0 0 0 0 1 0 0 0 1 
11 4 1 0 1 1 1 1 1 1 0 0 0 1 0 1 0 0 1 0 0 0 1 1 
11 3 1 0 1 0 0 1 0 0 0 0 0 0 0 0 0 0 1 0 0 0 1 0 
10 1 0 0 1 0 0 1 1 0 0 0 0 0 0 0 0 1 1 0 0 0 1 0 
10 1 1 1 0 0 0 0 1 0 0 0 0 0 1 0 0 1 0 1 0 0 0 1 
10 10 0 0 1 0 1 1 1 0 0 0 0 0 1 0 0 1 1 0 0 0 1 0 
0 1 0 0 1 0 0 1 0 0 0 0 0 0 0 0 0 0 1 0 0 1 1 0 
0 2 1 0 0 0 0 0 0 0 0 0 0 0 0 0 0 0 0 1 0 0 0 0 
0 1 0 0 1 0 0 1 1 0 0 0 0 0 0 0 0 0 1 0 0 0 1 1 
2 1 0 0 0 0 0 1 1 0 1 0 0 0 0 0 0 1 0 1 0 0 0 0 
2 2 1 0 1 1 0 1 0 0 0 0 0 0 0 0 0 1 1 0 0 0 1 1 
2 8 0 0 1 0 0 0 0 0 0 0 0 1 0 0 0 1 0 0 0 0 0 0 
2 1 1 1 0 0 0 1 1 0 0 0 0 0 0 0 1 1 0 1 0 0 0 1 
0 1 1 0 1 0 0 1 1 0 0 0 0 0 0 0 0 0 1 0 0 0 1 0 
18 1 0 0 0 0 0 0 0 0 1 0 0 0 0 0 0 0 0 0 0 0 0 0 
10 2 1 0 1 1 0 1 1 0 0 0 0 0 0 0 0 1 1 0 0 0 1 1 
10 2 1 0 1 0 0 1 0 0 0 0 0 0 0 0 0 1 1 0 0 0 1 0 
16 27 0 0 0 0 0 0 1 0 0 0 0 0 0 0 0 0 0 1 0 0 0 0 
2 10 0 0 1 0 0 0 0 0 0 0 0 0 0 0 0 1 1 1 0 0 1 0 
2 2 0 0 0 0 0 1 1 0 0 0 0 0 1 0 0 1 0 0 0 0 0 1 
10 1 1 0 1 0 0 1 1 0 0 0 0 0 0 0 0 1 1 0 0 0 1 1 
19 1 0 0 0 0 0 0 0 0 1 0 0 0 0 0 0 0 0 0 1 0 0 1 
0 1 1 0 1 0 1 1 1 0 0 0 0 0 0 0 1 0 1 0 0 0 1 1 
0 1 1 0 1 1 0 1 1 1 0 0 0 0 0 0 0 0 1 0 0 0 1 1 
0 1 0 0 0 0 0 1 0 0 1 0 0 0 0 0 0 0 0 0 0 0 0 0 
5 2 0 0 0 0 0 0 0 0 0 0 0 1 0 0 0 1 0 0 0 0 0 0 
5 2 1 0 1 1 0 1 0 0 0 0 0 0 0 0 0 1 1 0 0 0 1 1 
5 1 0 0 0 0 0 1 0 0 0 0 0 0 0 0 0 1 0 0 0 0 1 0 
2 2 0 0 1 0 0 0 0 0 0 0 0 0 0 0 0 1 0 0 0 0 0 0 
2 3 1 0 1 0 0 1 0 0 0 0 0 0 1 0 0 1 1 0 0 0 1 1 
2 2 1 0 0 0 0 1 0 0 0 0 0 0 0 0 0 1 0 0 0 0 1 0 
20 1 1 0 1 1 0 1 0 0 0 0 0 0 0 0 0 0 1 0 0 0 1 0 
2 6 0 0 1 0 0 1 1 0 0 0 0 0 0 0 0 1 1 0 0 0 1 0 
10 1 1 0 1 1 0 1 0 0 0 0 0 0 0 0 0 1 1 0 0 0 1 0 
10 1 1 1 0 0 0 0 1 0 0 0 0 0 0 0 1 1 0 1 0 0 0 1 
0 6 1 0 0 0 0 0 0 0 0 0 0 0 0 0 0 0 0 0 0 0 0 0 
0 1 0 0 1 0 0 1 1 0 0 0 0 0 0 0 0 0 1 0 0 1 1 1 
1 12 1 0 1 0 0 0 0 0 0 0 1 1 0 0 0 0 0 1 1 0 0 0 
3 2 1 0 1 0 0 0 0 0 0 0 0 0 0 0 0 0 1 1 0 0 1 0 
6 4 1 0 1 0 0 0 0 0 0 0 0 0 0 0 0 1 1 1 0 0 1 0 
6 15 0 0 0 0 1 1 1 0 0 0 0 0 0 0 0 1 0 0 0 0 1 0 
6 3 1 1 1 1 0 1 1 0 0 0 0 0 0 0 0 1 1 1 0 0 1 1 
6 1 0 0 0 0 0 0 0 0 0 0 0 0 0 0 0 1 0 0 0 0 1 0 
6 2 0 0 1 0 1 1 1 0 0 0 0 0 0 0 0 1 1 0 0 1 1 0 
0 2 1 0 0 0 0 1 1 0 1 0 0 0 0 0 1 0 0 0 0 0 0 1 
0 1 1 1 1 1 1 1 1 0 0 0 0 0 0 0 0 0 1 1 0 0 1 1 
0 1 0 0 0 0 0 0 1 1 1 0 0 0 0 0 0 0 0 0 0 0 0 1 
4 1 1 0 1 0 0 1 0 0 0 0 0 0 0 0 0 0 1 0 0 0 1 0 
4 7 1 0 1 0 0 0 0 0 0 0 0 0 0 0 0 0 1 1 0 0 1 0 
4 1 0 0 0 0 0 0 0 0 0 0 0 0 0 0 0 0 0 0 0 0 0 0 
0 1 1 0 0 0 0 0 0 0 0 0 0 0 1 0 0 0 0 0 0 0 0 0 
0 1 0 0 0 0 0 1 0 0 0 0 0 0 0 0 0 0 0 0 0 0 0 0 
0 1 0 0 0 0 0 1 0 0 1 0 0 0 0 0 0 0 0 0 0 0 0 1 
2 1 1 1 1 1 1 1 1 0 0 0 0 0 0 0 0 1 1 1 0 0 1 1 
6 1 0 0 1 0 0 1 1 1 0 0 0 1 0 0 0 1 1 0 0 0 1 1 
10 1 0 0 1 1 1 1 1 0 0 0 0 0 0 0 0 1 1 0 0 1 1 0 
10 1 0 0 1 0 0 1 0 0 0 0 0 0 0 0 0 1 1 0 0 0 1 0 
2 5 1 0 0 0 0 0 0 0 0 0 0 0 1 0 0 1 0 0 0 0 0 1 
2 7 1 0 1 0 0 1 0 0 0 0 0 0 1 0 0 1 1 0 0 0 1 0 
2 1 1 0 1 0 0 0 0 0 0 0 0 0 0 0 0 1 0 1 0 0 0 0 
2 5 0 0 0 0 0 1 0 0 0 0 0 0 1 0 0 1 1 0 0 0 1 0 
7 1 0 0 1 1 0 1 0 0 0 0 0 0 0 0 0 0 1 0 0 0 1 1 
6 1 0 0 1 0 0 1 1 0 0 0 0 0 1 0 0 1 0 0 0 0 0 0 
6 1 0 0 0 0 0 0 0 0 1 0 0 0 0 0 0 1 0 0 0 0 0 1 
6 5 1 0 1 0 1 1 1 0 0 0 0 0 0 0 0 1 1 0 0 0 1 0 
6 2 0 0 1 0 0 1 0 0 0 0 0 0 0 0 0 1 1 0 0 0 1 0 
6 1 1 0 0 0 0 1 0 0 0 0 0 0 0 0 0 1 0 0 0 0 1 1 
6 1 0 0 1 1 0 1 1 1 0 0 0 0 0 0 0 1 1 0 0 0 1 1 
2 1 1 0 0 0 0 1 1 0 0 0 0 0 0 0 0 1 0 0 0 0 0 1 
4 1 1 0 1 0 0 1 0 0 0 0 0 0 0 0 0 0 1 1 0 0 1 0 
7 1 0 0 1 0 0 1 0 0 0 0 0 0 0 0 0 0 1 0 0 0 1 0 
7 1 0 0 1 1 1 1 1 0 0 0 0 0 0 0 0 0 1 0 0 1 1 0 
2 1 1 1 1 0 0 0 1 0 0 0 0 0 0 0 0 1 0 1 0 0 0 1 
2 14 1 0 0 0 0 1 1 1 0 0 0 0 0 0 0 1 1 0 0 0 1 1 
2 4 1 0 0 0 0 0 0 0 0 0 0 0 0 0 0 1 0 0 0 0 0 1 
4 3 0 0 1 0 0 1 0 0 0 0 0 0 0 0 0 0 1 0 0 0 1 0 
21 3 1 0 0 0 0 0 1 0 0 0 0 0 0 0 0 0 0 0 1 0 0 0 
3 1 0 1 1 0 1 1 1 0 0 0 0 0 0 0 0 0 1 1 0 1 1 1 
13 1 0 0 0 0 0 0 0 0 0 0 0 0 1 0 0 1 0 0 0 0 0 0 
13 1 1 0 0 0 0 1 1 0 1 0 0 0 0 0 0 1 0 0 0 0 0 0 
0 1 0 0 1 0 0 1 1 1 0 0 0 0 0 0 0 0 1 0 0 0 1 1 
2 2 0 0 1 0 0 0 0 0 0 0 0 1 0 0 0 1 0 1 0 0 0 0 
0 7 1 1 1 1 0 1 1 0 0 0 0 0 0 0 0 0 1 1 0 0 1 1 
0 2 0 0 1 0 1 1 1 0 0 0 0 0 0 0 0 0 1 0 0 1 1 0 
8 1 0 0 1 0 1 1 1 0 0 0 0 0 0 0 0 0 1 0 0 0 1 0 
9 2 0 0 0 0 0 0 0 0 0 1 0 0 0 0 0 0 0 0 0 0 0 0 
0 1 1 1 1 0 1 1 1 0 0 0 0 0 1 0 0 0 1 1 0 0 1 1 
11 4 0 0 0 0 0 0 0 0 0 0 0 0 0 0 0 0 0 0 0 0 0 0 
11 2 1 0 1 0 0 1 0 0 0 0 0 0 1 0 0 0 1 0 0 0 1 0 
22 1 0 0 0 0 0 0 0 0 1 0 0 0 0 0 0 0 0 0 1 0 0 0 
10 1 1 0 1 0 0 0 0 0 0 0 0 0 0 0 0 1 1 1 0 0 1 0 
10 1 0 0 0 0 0 1 0 0 0 0 0 0 0 0 0 1 0 0 0 0 1 0 
6 1 0 0 0 0 0 0 0 0 1 0 0 0 0 0 0 1 0 0 0 0 0 0 
6 2 0 0 1 0 0 1 1 0 0 0 0 0 0 0 0 1 1 0 0 0 1 0 
8 1 0 0 1 0 1 1 1 0 0 0 0 0 0 0 1 0 1 0 0 1 1 0 
2 4 1 0 1 0 0 1 0 0 0 0 0 0 0 0 0 1 1 0 0 0 1 1 
7 2 1 0 1 0 0 1 0 0 0 0 0 0 0 0 0 0 1 0 0 0 1 0 
0 1 1 0 1 0 0 1 0 0 0 0 0 0 0 0 1 0 1 0 0 0 1 0 
0 1 1 0 0 0 0 0 1 0 0 0 0 0 0 0 0 0 0 0 0 0 0 0 
0 6 1 0 1 1 1 1 1 1 0 0 0 1 0 1 0 0 1 0 0 0 1 1 
2 4 0 1 0 0 0 0 1 0 0 0 0 0 0 0 0 1 0 1 0 0 0 1 
2 5 0 0 0 0 0 1 0 0 0 0 0 0 0 0 0 1 0 0 0 0 0 1 
0 1 0 0 1 0 0 1 0 0 0 0 0 0 1 0 0 0 1 0 0 0 1 0 
0 1 1 1 1 1 1 1 1 0 0 0 0 0 0 0 1 0 1 1 0 0 1 1 
2 1 1 0 0 0 0 0 0 0 1 0 0 0 1 0 0 1 0 0 0 0 0 0 
2 1 1 0 0 0 0 0 1 0 0 0 0 0 0 0 0 1 0 0 0 0 0 1 
4 1 1 0 1 1 1 1 1 0 0 0 0 0 0 0 0 0 1 0 0 1 1 0 
4 1 1 0 0 0 0 1 0 0 0 0 0 0 0 0 0 0 1 0 0 0 1 0 
4 1 0 0 1 0 0 0 1 0 1 0 0 0 0 0 1 0 0 0 0 0 0 1 
0 2 1 0 1 0 1 1 1 0 0 0 0 0 0 0 0 0 1 0 0 0 1 1 
8 1 0 0 1 1 0 1 1 1 0 0 0 1 0 0 0 0 1 0 0 0 1 1 
7 1 0 0 0 0 0 0 0 0 0 0 0 0 0 0 1 0 0 0 0 0 0 0 
7 1 1 0 1 1 0 1 0 0 0 0 0 0 0 0 0 0 1 0 0 0 1 0 
7 1 1 0 1 0 1 1 1 0 0 0 0 0 1 0 0 0 1 0 0 0 1 1 
0 6 0 0 0 0 0 0 0 0 0 0 0 0 0 0 0 0 0 0 0 0 0 0 
10 2 0 0 0 0 0 0 0 0 0 0 0 0 0 0 0 1 0 0 0 0 0 0 
10 1 0 0 1 0 0 1 0 0 0 0 0 0 0 0 0 1 1 1 0 0 1 1 
0 2 1 0 1 0 0 1 1 0 0 0 0 0 0 0 0 0 1 0 0 0 1 1 
2 1 0 1 0 0 0 0 1 0 1 0 0 0 0 0 0 1 0 1 0 0 0 1 
2 1 0 0 0 0 0 0 1 0 1 0 0 0 0 0 0 1 0 0 0 0 0 0 
0 1 1 0 1 0 0 0 1 1 1 0 0 0 0 0 0 0 0 0 0 0 0 1 
0 2 0 0 0 0 0 0 0 0 0 0 0 1 0 0 0 0 0 0 0 0 0 0 
6 1 0 0 1 1 0 1 0 0 0 0 0 1 0 0 0 1 1 0 0 0 1 1 
6 1 1 0 0 0 0 0 0 0 1 0 0 0 0 0 0 1 0 0 0 0 0 1 
2 1 1 0 0 0 0 0 1 0 0 0 0 0 0 0 0 1 0 0 0 0 0 0 
6 2 1 0 1 0 0 1 0 0 0 0 0 0 1 0 0 1 1 0 0 0 1 0 
0 1 1 1 1 0 1 1 1 0 0 0 0 0 0 0 0 0 1 1 0 0 1 1 
2 1 1 1 1 1 0 1 1 0 0 0 0 0 0 0 0 1 1 1 0 1 1 1 
5 1 0 1 1 0 0 0 1 0 0 0 0 1 0 0 0 1 0 1 0 0 0 1 
7 1 0 0 1 1 0 1 0 0 0 0 0 1 0 0 0 0 1 0 0 1 1 1 
9 1 0 0 0 0 0 0 1 0 0 1 0 0 0 0 0 0 0 0 0 0 0 1 
10 1 0 0 1 1 0 1 1 1 0 0 0 0 0 0 0 1 1 0 0 0 1 1 
10 1 0 0 1 0 0 1 0 0 0 0 0 1 0 0 0 1 1 0 0 0 1 1 
10 1 1 1 1 1 0 1 1 0 0 0 0 0 0 0 0 1 1 1 0 1 1 1 
10 1 1 0 0 0 1 1 1 0 0 0 0 0 0 0 0 1 0 0 0 0 1 0 
2 1 1 0 1 0 0 1 1 0 0 0 0 0 1 0 0 1 1 0 0 0 1 0 
2 3 1 0 1 1 1 1 1 1 0 0 0 1 0 1 0 1 1 0 0 0 1 1 
2 1 0 0 1 0 0 1 1 0 0 0 0 0 1 0 0 1 1 0 0 0 1 1 
2 2 0 0 0 0 0 0 0 0 0 0 0 0 0 0 0 1 0 0 0 0 1 0 
0 1 0 0 0 0 0 1 0 0 0 0 0 0 0 0 0 0 0 0 0 0 1 0 
5 1 1 0 1 0 1 1 1 0 0 0 0 0 0 0 0 1 1 0 0 0 1 1 
5 1 0 0 0 0 0 0 0 0 0 0 0 0 0 0 0 1 0 0 0 0 1 0 
5 1 0 0 0 0 0 0 1 0 1 0 0 0 0 0 0 1 0 0 0 0 0 0 
5 1 0 0 1 0 0 0 0 0 0 0 0 1 0 0 0 1 0 0 0 0 0 0 
5 1 1 1 0 0 0 1 1 0 0 0 0 0 0 0 0 1 0 1 0 0 0 1 
7 1 0 0 1 0 0 1 0 0 0 0 0 0 1 0 0 0 1 0 0 0 1 1 
11 2 1 0 0 0 0 0 0 0 0 0 0 0 0 0 0 0 0 0 0 0 0 0 
4 1 0 0 1 0 1 1 1 0 0 0 0 0 0 0 0 0 1 0 0 1 1 1 
2 1 0 0 1 0 0 1 0 0 0 0 0 0 0 0 1 1 1 0 0 0 1 1 
7 1 0 0 1 1 0 1 0 0 0 0 0 0 0 0 0 0 1 0 0 1 1 0 
5 1 1 0 0 0 0 0 0 0 1 0 0 0 0 0 0 1 0 0 0 0 0 0 
0 1 1 1 1 0 0 0 1 0 0 0 0 0 0 0 0 0 0 1 0 0 0 1 
3 1 1 0 1 1 0 1 0 0 0 0 0 0 0 0 0 0 1 0 0 0 1 0 
3 1 0 0 0 0 0 0 1 0 0 0 0 0 0 0 0 0 0 1 0 0 0 0 
3 2 1 0 1 0 0 1 0 0 0 0 0 0 0 0 0 0 1 0 0 0 1 0 
23 1 0 0 0 0 0 1 1 0 0 0 0 0 0 0 0 0 0 0 1 0 1 0 
0 1 1 1 1 0 0 0 1 0 0 0 0 0 1 0 1 0 0 1 0 0 0 1 
0 1 1 0 1 1 0 1 0 0 0 0 0 0 0 0 0 0 1 0 0 1 1 1 
3 1 1 0 1 1 0 1 0 0 0 0 0 0 0 0 0 0 1 0 0 0 1 1 
6 1 0 0 0 0 0 1 0 0 0 0 0 0 0 0 0 1 1 0 0 0 1 0 
6 1 0 0 1 0 0 0 0 0 0 0 0 1 0 0 0 1 0 0 0 0 0 0 
12 1 1 1 1 1 0 1 1 0 0 0 0 0 0 0 1 0 1 1 1 0 1 1 
21 1 0 0 0 0 0 0 1 0 0 0 0 0 0 0 0 0 0 0 1 0 0 0 
8 2 1 1 1 1 0 1 1 0 0 0 0 0 0 0 0 0 1 1 0 0 1 1 
8 1 1 0 1 0 0 1 1 0 0 0 0 0 0 0 0 0 1 0 0 0 1 0 
8 1 0 0 1 1 0 1 0 0 0 0 0 0 0 0 0 0 1 1 0 1 1 1 
2 1 1 0 0 0 0 1 1 0 0 0 0 0 0 0 0 1 0 0 0 0 1 1 
2 3 1 1 0 0 0 1 1 0 0 0 0 0 0 0 0 1 1 1 0 0 1 1 
13 1 1 0 0 0 0 0 0 0 0 0 0 0 0 0 0 1 0 0 0 0 0 0 
13 1 1 0 0 0 0 0 1 0 1 0 0 0 0 0 0 1 0 0 0 0 0 1 
8 1 0 0 1 0 0 1 0 0 0 0 0 0 0 0 0 0 1 0 0 0 1 0 
12 1 1 1 1 1 1 1 1 0 0 0 0 0 0 0 1 0 1 1 1 0 1 1 
7 1 0 0 1 1 0 1 0 0 0 0 0 0 0 0 0 0 1 1 0 1 1 0 
7 1 0 0 0 0 1 1 1 0 0 0 0 0 0 0 0 0 0 0 0 0 1 0 
7 1 0 0 1 0 0 0 0 0 0 0 0 0 0 0 0 0 1 1 0 0 1 0 
2 1 0 0 1 0 0 1 0 0 0 0 0 0 0 0 0 1 1 0 0 0 1 1 
2 2 0 0 0 0 0 1 0 0 0 0 0 0 0 0 0 1 0 0 0 0 1 0 
0 1 1 0 1 1 0 1 1 0 0 0 0 0 0 0 0 0 1 0 0 0 1 0 
0 1 0 0 0 0 0 0 0 0 1 0 0 0 1 0 0 0 0 0 0 0 0 1 
6 1 0 0 0 0 0 0 0 0 0 0 0 1 0 0 0 1 0 0 0 0 0 0 
8 1 0 0 1 0 1 1 1 0 0 0 0 0 0 0 0 0 1 0 0 1 1 1 
3 1 1 1 1 1 1 1 1 0 0 0 0 0 0 0 1 0 1 1 0 0 1 1 
2 1 0 0 0 0 1 1 1 0 0 0 0 0 0 0 0 1 0 0 0 0 1 0 
4 1 0 0 0 0 0 0 0 0 1 0 0 0 1 0 0 0 0 0 0 0 0 1 
5 1 1 0 1 1 0 1 1 0 0 0 0 0 0 0 0 1 1 0 0 1 1 1 
5 1 1 0 1 0 1 1 1 0 0 0 0 0 1 0 0 1 1 0 0 0 1 0 
5 2 1 0 1 0 0 1 0 0 0 0 0 0 0 0 0 1 1 0 0 0 1 0 
5 1 0 1 0 0 0 0 1 0 1 0 0 0 0 0 0 1 0 1 0 0 0 1 
5 1 1 0 1 1 0 1 0 0 0 0 0 0 0 0 0 1 1 0 0 0 1 0 
5 1 0 0 0 0 0 0 0 0 0 0 0 0 1 0 0 1 0 0 0 0 0 0 
2 1 1 0 0 0 0 0 1 0 1 0 0 0 0 0 1 1 0 0 0 0 0 0 
2 1 1 0 1 1 1 1 1 0 0 0 0 0 0 0 0 1 1 0 0 0 1 0 
11 1 1 0 1 0 0 1 1 0 0 0 0 0 0 0 0 0 1 0 0 0 1 1 
13 1 1 1 1 0 0 0 1 0 0 0 0 0 0 0 0 1 0 1 0 0 0 1 
13 1 0 0 0 0 0 0 1 0 1 0 0 0 0 0 1 1 0 0 0 0 0 0 
6 1 1 0 1 1 1 1 1 0 0 0 0 0 0 0 0 1 1 0 0 0 1 1 
0 1 0 0 0 0 0 0 0 0 1 0 0 0 0 0 0 0 0 0 0 0 0 0 
0 1 1 1 1 1 1 1 1 0 0 0 0 0 0 0 0 0 1 1 0 1 1 1 
6 1 1 0 1 1 1 1 1 1 0 0 0 1 0 1 0 1 1 0 0 0 1 1 
6 1 1 0 1 0 1 1 1 0 0 0 0 0 0 0 0 1 1 0 0 0 1 1 
7 1 1 0 1 1 0 1 0 0 0 0 0 0 0 0 0 0 1 0 0 0 1 1 
3 1 0 0 1 0 0 0 0 0 0 0 0 0 0 0 0 0 1 1 0 0 1 0 
3 1 1 0 1 1 1 1 1 0 0 0 0 0 0 0 1 0 1 0 0 0 1 1 
8 1 0 0 1 0 1 1 1 0 0 0 0 0 0 0 0 0 1 0 0 1 1 0 
2 1 0 0 1 0 1 1 1 0 0 0 0 0 0 0 0 1 1 0 0 0 1 0 
6 1 0 0 0 0 0 1 0 0 0 0 0 0 0 0 0 1 0 0 0 0 1 0 
6 1 0 0 1 0 1 1 1 0 0 0 0 0 0 0 1 1 1 0 0 1 1 0 
6 1 1 0 1 1 0 1 1 0 0 0 0 0 0 0 0 1 1 0 0 0 1 1 
2 1 1 0 0 0 0 1 0 0 0 0 0 0 1 0 0 1 1 0 0 0 1 1 
5 1 0 0 1 0 0 1 0 0 0 0 0 0 0 0 0 1 1 0 0 0 1 0 
5 1 1 0 1 1 1 1 1 1 0 0 0 1 0 1 0 1 1 0 0 1 1 1 
11 1 0 0 1 0 0 1 1 0 0 0 0 0 0 0 0 0 1 0 0 0 1 1 
11 1 1 1 1 1 0 1 1 0 0 0 0 0 0 0 0 0 1 1 0 0 1 1 
0
1
2
3
4
5
2
6
7
8
9
10
11
12
13
11
7
14
2
15
1
16
17
18
2
17
19
20
21
2
22
23
7
24
25
2
1
17
26
24
27
28
17
29
30
31
17
7
32
33
34
2
35
1
7
36
37
38
39
20
40
17
7
41
42
43
44
20
45
46
47
48
49
50
51
2
52
53
54
55
56
17
29
2
57
58
10
59
60
61
62
63
64
7
1
65
66
67
3
2
68
17
7
69
70
2
17
58
71
17
72
42
23
1
73
74
49
75
76
77
17
78
2
57
79
80
26
81
82
2
65
1
29
7
17
83
2
84
85
86
87
85
88
7
89
2
90
91
1
17
2
92
93
7
52
2
94
95
86
96
29
2
97
98
4
99
2
100
101
1
2
17
82
56
65
102
7
84
27
103
17
104
7
2
105
17
56
106
107
108
4
109
110
111
17
1
112
64
113
114
27
2
115
27
53
116
117
2
118
7
119
76
47
54
120
121
17
2
122
23
1
2
123
124
125
126
70
2
7
103
127
128
11
61
127
129
130
131
132
133
134
135
136
137
113
113
138
139
1
126
15
2
4
81
140
20
56
141
142
0
56
17
20
98
1
1
4
17
7
4
7
143
144
2
7
15
20
1
1
2
7
126
142
145
146
147
55
148
128
149
150
4
151
152
153
154
20
56
127
155
156
157
158
159
124
130
2
160
161
20
162
147
163
0
11
61
164
11
127
165
166
127
127
167
168
169
1
1
2
170
171
172
7
140
126
126
142
173
4
174
141
147
159
159
147
175
176
147
177
178
127
177
1
179
56
141
174
17
20
7
180
82
16
17
2
130
181
182
12
183
184
185
127
186
47
29
159
159
61
187
188
189
190
191
32
190
125
1
1
192
127
193
128
127
194
108
127
4
98
17
56
126
195
2
1
1
182
196
159
137
197
198
20
2
15
7
199
17
153
199
7
1
1
2
160
7
200
91
201
82
202
26
81
17
2
143
144
159
159
159
203
135
159
137
1
179
182
204
183
205
206
207
208
182
209
113
126
210
2
15
4
1
1
7
17
171
7
32
211
2
4
212
213
20
214
2
93
153
215
56
17
216
103
32
217
218
219
82
125
220
221
125
137
61
128
11
127
222
4
15
98
141
223
4
98
7
1
224
177
225
47
55
226
35
227
228
127
229
143
230
231
147
232
233
158
142
182
206
183
234
206
235
7
17
200
7
1
179
216
98
100
93
2
215
17
7
4
35
236
20
153
237
2
56
70
238
136
137
239
240
47
241
7
200
126
2
65
171
91
242
93
20
1
179
243
141
174
160
4
243
91
17
141
19
127
177
244
245
7
174
141
215
153
17
56
243
127
224
7
246
174
98
1
179
202
126
247
56
82
126
7
2
36
215
30
248
217
249
250
190
4
98
21
4
51
2
50
159
61
19
177
241
11
85
251
11
29
52
2
20
93
153
202
17
2
126
172
1
137
159
159
159
124
252
2
160
216
98
65
126
1
179
253
254
255
256
127
224
257
147
258
9
19
241
256
127
259
7
260
81
126
1
1
126
261
200
216
160
202
7
127
262
263
127
177
79
224
141
243
17
4
1
207
182
264
206
265
185
50
20
91
199
91
17
266
2
17
7
241
127
256
61
224
103
126
160
4
1
179
182
267
84
182
142
2
200
98
7
0
268
263
127
0
103
17
237
7
269
215
1
1
7
20
141
56
113
113
4
15
91
20
126
2
159
137
139
54
53
270
267
182
190
104
159
137
61
0
11
251
61
159
159
271
4
140
215
2
199
1
1
272
127
128
125
125
85
224
103
170
174
4
93
140
2
4
273
274
257
147
275
276
1
1
2
277
160
7
278
17
2
237
91
4
1
1
65
279
7
224
61
256
127
128
2
140
126
280
142
50
103
91
81
4
92
24
111
56
17
7
225
127
186
281
128
142
4
98
2
126
140
4
1
1
126
100
2
278
7
27
127
53
282
283
139
284
168
285
286
1
1
98
4
215
2
70
287
7
242
81
111
179
1
288
289
190
4
98
2
126
4
142
142
4
126
2
4
1
1
202
15
2
290
17
4
291
139
292
113
113
137
159
157
147
112
293
0
7
126
140
200
126
2
143
230
229
144
294
295
296
297
298
108
11
61
299
159
137
159
136
137
300
179
56
215
2
7
4
13
301
181
182
302
182
303
2
4
243
17
126
7
17
126
2
149
241
47
218
304
124
305
2
20
306
307
4
308
280
4
309
153
126
17
103
128
127
7
215
126
2
108
127
218
113
113
2
309
20
7
17
4
2
160
4
0
142
310
311
312
313
227
121
4
314
315
316
141
317
4
242
126
278
2
17
318
1
1
159
29
61
256
127
319
320
127
206
321
305
322
2
4
7
65
215
7
323
296
2
160
4
324
7
126
4
1
179
141
7
4
160
126
56
2
17
152
56
127
127
256
241
127
112
147
217
325
190
326
167
327
328
329
328
330
331
17
318
199
332
113
113
4
93
242
126
1
1
20
333
140
215
2
334
229
127
128
125
335
336
125
1
337
182
127
259
338
339
85
182
181
340
49
235
341
137
159
342
83
2
100
98
119
4
343
82
2
26
4
153
20
215
2
15
126
7
180
344
2
17
7
4
345
35
2
161
17
7
4
215
2
15
4
7
179
1
137
159
238
90
2
17
20
346
93
4
142
142
347
348
349
182
181
182
122
190
2
350
223
126
126
7
4
98
65
1
1
9
351
352
137
237
7
200
2
127
128
159
137
159
159
29
127
229
353
354
288
1
179
7
215
4
2
126
309
