92 9 17 20 0 27
1 6 1
1 5 0
1 2 0
1 2 0
1 4 0
1 5 0
1 3 0
2 3 0
1 28 0
3 11 0 0 1 0 1 0 0 0 0 
3 2 1 0 1 0 0 0 0 0 0 
3 8 0 0 1 0 0 0 0 0 0 
3 3 0 0 1 1 0 0 0 0 0 
3 1 0 1 1 0 0 0 0 0 1 
3 1 1 0 1 1 0 0 0 0 0 
2 12 0 0 1 0 1 0 0 0 0 
0 1 0 0 1 0 0 0 0 0 0 
0 1 1 0 1 0 0 0 0 0 0 
2 32 0 0 1 0 0 0 0 0 0 
2 6 1 0 1 0 0 0 0 0 0 
2 7 0 0 1 1 0 0 0 0 0 
1 2 0 0 1 0 1 0 0 0 0 
2 2 0 1 1 0 1 0 0 0 1 
2 1 0 0 1 0 0 0 1 0 0 
0 1 0 0 1 1 1 0 1 0 0 
2 1 1 0 1 0 1 0 0 0 0 
0
1
2
0
2
3
0
0
2
1
0
2
2
0
2
0
4
5
0
0
2
3
0
2
3
0
6
7
8
6
9
9
9
6
9
10
6
9
11
9
6
9
11
10
12
9
9
11
6
9
9
11
13
9
10
9
6
14
9
9
15
9
9
9
16
9
11
9
6
9
10
9
6
9
11
9
12
10
9
6
9
9
9
13
9
9
11
6
9
10
9
6
