92 9 17 20 1 27
1 6 1
1 5 0
1 2 0
1 2 0
1 4 0
1 5 0
1 3 0
2 3 0
1 28 0
3 11 0 0 1 0 1 0 0 0 0 
3 2 1 0 1 0 0 0 0 0 0 
3 8 0 0 1 0 0 0 0 0 0 
3 3 0 0 1 1 0 0 0 0 0 
3 1 0 1 1 0 0 0 0 0 1 
3 1 1 0 1 1 0 0 0 0 0 
2 12 0 0 1 0 1 0 0 0 0 
2 32 0 0 1 0 0 0 0 0 0 
2 6 1 0 1 0 0 0 0 0 0 
1 2 0 0 1 0 1 0 0 0 0 
2 7 0 0 1 1 0 0 0 0 0 
2 2 0 1 1 0 1 0 0 0 1 
2 1 0 0 1 0 0 0 1 0 0 
0 1 0 0 1 1 1 0 1 0 0 
0 1 1 0 1 0 0 0 0 0 0 
2 1 1 0 1 0 1 0 0 0 0 
0 1 0 0 1 0 0 0 0 0 0 
0
1
2
0
2
3
0
0
2
1
0
2
2
0
2
0
4
5
0
0
2
3
0
2
3
0
6
7
8
9
7
7
10
6
8
10
7
6
7
7
10
6
7
7
7
9
7
7
8
11
7
10
7
6
12
7
8
6
7
7
10
6
7
7
13
7
7
7
6
14
7
7
6
7
10
7
15
7
7
7
6
7
8
7
6
16
7
6
8
7
10
11
