385 20 155 15 2 20
1 12 1
1 10 1
1 20 1
1 6 1
1 8 1
1 3 1
1 2 1
1 7 1
1 10 1
1 5 0
1 10 0
2 3 0
1 8 0
1 13 0
1 12 0
1 2 0
4 5 0
1 14 0
2 7 0
1 8 0
13 1 1 0 0 0 0 0 0 0 0 0 0 1 0 0 0 0 1 0 0 0 
13 3 0 0 0 0 0 1 0 0 0 0 0 1 0 0 0 0 1 0 1 0 
13 1 0 0 1 1 0 0 0 0 0 1 1 0 0 0 0 0 0 0 0 0 
13 4 0 0 0 0 0 0 0 0 0 0 0 1 0 0 0 0 1 0 0 0 
13 1 0 0 0 0 0 0 0 0 0 0 0 0 0 0 0 0 1 0 0 0 
13 1 0 1 0 0 0 0 0 0 0 0 0 1 0 1 0 0 0 0 0 0 
13 1 0 0 0 0 0 0 0 0 1 1 0 0 0 0 0 0 0 0 0 0 
13 1 0 0 0 0 0 1 0 0 0 0 0 1 0 0 0 0 1 0 0 0 
13 1 0 0 0 0 0 0 0 0 0 0 0 0 0 0 1 0 1 0 0 0 
13 1 0 0 0 0 0 1 0 0 0 0 0 1 0 0 0 0 0 0 1 0 
13 3 0 0 0 1 0 1 0 0 0 1 0 0 0 0 0 0 1 0 0 0 
13 1 0 1 0 0 0 0 0 0 0 0 0 1 0 1 0 0 0 0 1 0 
13 1 0 0 0 0 1 1 0 0 0 0 1 0 1 0 0 0 1 0 0 0 
13 2 0 0 0 1 0 0 0 0 0 1 0 0 0 0 0 0 0 0 0 0 
12 5 0 0 0 1 0 0 0 0 0 1 0 0 0 0 0 0 0 0 0 0 
12 8 0 1 0 0 0 1 0 0 0 0 0 1 0 0 0 0 1 0 1 0 
12 3 0 0 0 0 0 0 0 0 0 0 0 1 0 0 1 0 1 0 1 0 
12 31 0 0 0 0 0 0 0 0 0 0 0 1 0 0 0 0 1 0 0 0 
12 4 0 0 0 1 0 1 0 0 0 1 0 0 0 0 0 0 1 0 0 0 
12 6 0 0 0 0 0 0 0 1 0 0 0 1 0 0 0 0 0 0 0 0 
19 4 0 0 0 0 1 1 0 0 0 0 1 0 1 0 0 0 1 0 0 0 
12 13 0 0 0 0 0 0 0 0 0 0 0 1 0 0 0 0 1 0 1 0 
12 4 0 0 0 0 0 0 0 0 1 1 0 0 0 0 0 0 1 0 0 0 
12 5 0 0 0 0 0 1 0 0 0 0 0 1 0 0 0 0 0 0 1 0 
12 12 0 0 0 0 0 0 0 0 0 0 0 0 0 0 0 0 1 0 0 0 
12 4 0 0 0 0 0 0 0 0 0 0 0 0 0 0 1 0 1 0 0 0 
12 1 0 0 0 1 0 0 0 0 0 1 0 0 0 1 0 0 0 0 0 0 
12 3 0 0 0 0 1 1 0 0 0 0 0 0 1 0 0 0 1 0 0 0 
12 1 0 0 0 0 0 0 0 0 0 0 0 1 0 0 0 0 1 0 1 1 
12 3 0 0 0 0 0 0 0 0 0 0 1 1 0 0 0 0 1 0 0 0 
12 13 0 0 0 0 0 1 0 0 1 1 0 0 0 0 0 0 1 0 0 0 
16 3 0 0 0 0 0 0 0 0 0 0 0 1 0 0 0 0 0 0 1 0 
16 1 1 0 0 0 0 1 0 0 0 0 0 1 0 0 0 0 1 0 0 0 
16 2 0 0 0 0 0 0 0 0 0 0 0 1 0 0 0 0 1 0 1 0 
10 1 0 1 0 0 0 0 0 0 0 0 0 1 0 0 0 0 0 0 1 0 
12 2 0 0 1 1 0 1 0 0 0 1 0 0 0 0 0 0 1 0 0 0 
12 8 0 0 0 0 0 0 0 0 0 0 0 1 0 0 0 0 0 0 0 0 
12 27 0 0 0 0 0 1 0 0 0 0 0 1 0 0 0 0 1 0 0 0 
12 3 0 0 0 0 1 0 0 0 0 0 1 0 1 0 0 0 1 0 0 0 
12 3 0 0 0 0 0 0 0 0 0 0 0 1 0 1 0 0 1 0 0 0 
16 1 0 1 0 0 0 1 0 0 0 0 0 1 0 0 0 0 1 0 1 0 
16 1 0 0 0 0 0 0 0 1 0 0 0 1 0 0 0 0 0 0 0 0 
16 1 0 0 0 0 0 0 0 0 0 0 0 0 0 0 0 0 0 0 1 0 
12 5 0 0 0 0 0 0 0 0 0 0 0 0 1 0 1 0 1 0 0 0 
12 9 0 0 0 0 0 1 0 0 0 0 0 1 0 0 0 0 1 0 1 0 
12 1 0 1 0 0 0 0 0 0 0 0 0 1 0 1 0 0 1 0 0 0 
19 3 0 0 0 0 0 1 0 0 0 0 1 1 0 0 0 0 1 0 0 0 
12 4 0 0 0 0 0 0 0 1 0 0 0 1 0 0 0 0 1 0 0 0 
12 1 0 0 0 0 0 0 0 0 0 0 1 0 0 0 0 0 0 0 1 0 
12 2 0 1 0 0 0 1 0 0 0 0 0 1 0 0 0 0 1 0 1 1 
2 1 0 0 0 1 0 0 0 0 0 1 0 0 0 0 0 0 1 0 0 0 
12 2 0 0 0 0 0 0 0 0 0 0 0 1 0 1 0 0 0 0 0 0 
12 5 0 0 0 0 0 0 0 0 0 0 0 0 0 0 0 0 1 0 1 0 
12 3 0 0 0 0 0 0 0 0 0 0 0 1 0 0 0 0 0 0 1 0 
12 1 0 0 0 0 1 1 0 0 0 0 1 0 1 0 0 0 1 0 0 0 
12 5 0 0 1 1 0 0 0 0 0 1 0 0 0 0 0 0 1 0 0 0 
12 1 0 0 0 0 0 0 0 0 1 1 0 1 0 0 0 0 1 0 0 0 
12 1 0 0 0 1 0 0 0 0 0 1 0 0 0 1 0 0 1 0 0 0 
12 5 0 1 0 0 0 0 0 0 0 0 0 1 0 0 0 0 1 0 1 0 
12 3 0 0 0 0 0 1 0 0 0 0 1 1 0 0 0 0 1 0 0 0 
12 5 0 0 0 0 0 0 0 1 0 0 0 0 0 0 0 0 0 0 0 0 
12 2 0 0 0 0 0 0 0 0 0 0 0 0 1 0 0 0 1 0 1 0 
4 1 0 0 0 0 0 0 0 0 0 0 0 1 0 0 0 0 0 0 0 0 
12 3 0 0 0 0 0 0 0 0 0 0 0 1 0 1 0 0 0 0 1 0 
12 1 0 0 0 0 0 0 0 0 0 0 0 1 0 0 1 0 1 0 0 0 
12 1 1 0 0 0 1 1 0 0 0 0 1 0 1 0 0 0 1 0 0 0 
13 3 0 0 0 0 0 0 0 1 0 0 0 1 0 0 0 0 0 0 0 0 
1 4 0 0 0 0 0 0 0 0 0 0 0 0 0 0 1 0 0 0 0 0 
1 5 0 0 0 0 0 0 0 0 0 0 0 0 0 0 0 0 1 0 0 0 
15 1 0 0 0 0 0 0 0 0 1 1 0 0 0 0 0 0 1 0 0 0 
15 2 0 0 0 0 0 0 0 0 0 0 0 1 0 0 0 0 1 0 0 0 
9 1 0 0 0 0 0 1 0 0 0 0 0 1 0 0 0 0 1 0 0 0 
8 1 0 0 0 0 0 0 0 0 0 0 1 0 1 0 0 0 1 0 1 0 
8 2 0 0 0 0 0 0 0 0 0 0 0 0 0 0 0 0 1 0 0 0 
9 1 0 0 0 1 0 1 0 0 0 1 0 0 0 0 0 0 1 0 0 0 
12 2 0 1 0 0 0 0 0 0 0 0 0 1 0 1 0 0 1 0 1 0 
12 1 1 0 0 0 0 0 0 0 1 1 0 0 0 0 0 0 1 0 0 0 
12 1 0 0 0 0 0 1 0 0 0 0 0 1 1 0 0 0 1 0 0 0 
12 1 0 0 0 0 1 1 0 0 0 0 0 0 1 0 0 0 0 0 0 0 
5 1 0 0 0 0 0 1 0 0 0 0 0 1 0 0 0 0 1 0 1 1 
12 1 0 0 0 0 1 0 0 1 0 0 0 0 1 0 0 0 0 0 0 0 
12 6 0 0 0 1 0 0 0 0 0 1 0 0 0 0 0 0 1 0 0 0 
19 3 0 0 0 0 0 1 0 0 0 0 0 1 0 0 0 0 1 0 0 0 
19 1 0 0 0 0 0 0 0 0 0 0 0 0 0 0 0 0 0 0 0 0 
19 1 0 0 0 0 0 0 0 0 0 0 0 0 0 0 0 0 1 0 0 0 
19 1 0 0 0 0 0 1 0 0 1 1 0 0 0 0 0 0 1 0 0 1 
0 1 0 0 0 0 0 0 0 1 0 0 0 0 0 0 0 0 1 0 0 0 
0 1 0 0 1 1 0 0 0 0 0 1 0 0 0 0 0 0 0 0 0 0 
18 1 0 1 0 0 0 0 0 0 0 0 0 1 0 1 0 0 1 0 1 1 
18 1 0 0 0 0 0 0 0 0 0 0 0 1 0 0 0 0 1 0 1 0 
18 1 0 0 0 0 0 1 0 0 0 0 0 1 0 0 0 0 1 0 0 0 
12 2 0 0 0 0 0 1 0 0 0 0 1 1 0 0 0 0 1 0 1 0 
12 2 0 0 0 0 0 1 0 0 1 1 0 1 0 0 0 0 0 0 0 0 
12 2 0 0 0 0 1 0 0 0 0 0 0 0 1 0 1 0 1 0 0 0 
12 1 0 1 0 0 0 1 0 0 0 0 0 1 0 1 0 0 1 0 1 0 
12 1 0 0 0 0 0 0 0 0 0 0 0 0 0 0 0 0 0 0 0 0 
12 2 0 0 1 1 0 1 0 0 0 1 0 0 0 0 0 0 0 0 0 0 
12 2 0 0 0 0 0 0 0 0 0 0 1 0 0 0 0 0 1 0 0 0 
15 1 0 0 0 0 0 1 0 0 0 0 0 1 0 0 0 0 1 0 1 0 
15 1 0 0 0 0 1 0 0 0 0 0 0 0 1 0 1 0 0 0 0 0 
12 2 0 0 0 0 0 1 0 0 0 0 0 1 0 0 0 0 0 0 0 0 
12 1 0 0 0 0 0 0 0 1 0 0 0 0 0 0 0 0 1 0 0 0 
12 3 0 1 0 0 0 0 0 0 0 0 0 1 0 1 0 0 0 0 1 0 
12 2 0 0 0 0 1 1 0 0 0 0 0 0 1 0 1 0 1 0 0 0 
19 2 0 0 0 0 0 1 0 0 0 0 0 1 0 0 0 0 0 0 0 0 
3 1 0 0 0 1 0 0 0 0 0 1 0 0 0 0 0 0 0 0 0 0 
6 1 0 0 0 0 0 0 0 0 0 0 0 0 0 0 0 0 1 0 0 0 
12 3 0 0 1 1 0 0 0 0 0 1 0 0 0 0 0 0 0 0 0 0 
12 2 0 0 0 0 0 1 0 0 0 0 0 1 0 0 1 0 1 0 0 0 
19 1 0 0 0 0 1 1 0 0 0 0 0 0 1 0 0 0 1 0 0 0 
19 1 0 0 0 0 0 0 0 0 0 0 0 1 0 0 0 0 1 0 1 0 
19 1 0 1 0 0 0 1 0 0 0 0 1 1 0 0 0 0 1 0 0 0 
12 1 0 0 0 0 0 0 0 0 0 0 0 0 0 0 1 0 0 0 0 0 
12 2 0 0 0 0 0 1 0 0 0 0 0 0 0 0 0 0 1 0 0 0 
12 1 0 0 0 0 0 1 0 0 0 0 0 1 0 1 0 0 0 0 0 0 
8 1 0 0 0 0 0 0 0 0 0 0 0 0 1 0 0 0 1 0 1 0 
12 1 1 0 0 0 0 1 0 0 0 0 1 1 0 0 0 0 1 0 0 0 
12 1 0 0 0 0 0 1 0 0 0 0 0 1 0 0 0 0 1 0 1 1 
12 1 0 0 0 0 0 0 0 0 1 1 0 0 0 0 0 0 0 0 0 0 
11 1 0 0 0 0 0 0 0 0 0 0 0 1 0 0 0 0 1 0 1 0 
11 1 0 1 0 0 0 1 0 0 0 0 0 1 0 1 0 0 1 0 1 0 
12 1 0 0 0 0 0 0 0 0 0 0 0 0 1 0 0 0 1 0 0 0 
12 2 0 0 0 1 0 1 0 0 0 1 0 0 0 0 0 0 0 0 0 0 
12 1 0 0 0 0 0 1 0 0 0 0 1 1 0 0 0 0 1 0 0 1 
18 1 0 0 0 0 1 0 0 0 0 0 0 0 1 0 1 0 1 0 0 0 
18 1 0 1 0 0 0 0 0 0 0 0 0 1 0 1 0 0 1 0 1 0 
12 1 0 0 0 0 1 0 0 0 0 0 0 0 1 0 0 0 0 0 0 0 
11 1 0 0 0 0 0 1 0 0 0 0 0 1 0 0 0 0 1 0 1 0 
5 1 0 0 0 0 0 1 0 0 0 0 1 1 0 0 0 0 1 0 1 0 
12 1 0 0 0 0 0 0 0 1 0 0 0 1 0 1 0 0 0 0 0 0 
12 1 0 0 0 0 0 0 0 0 0 0 0 0 0 0 0 0 1 0 0 1 
7 1 1 0 0 0 0 1 0 0 0 0 0 1 0 0 0 0 1 0 0 1 
8 2 0 0 0 0 0 0 0 0 0 0 0 0 1 0 0 0 1 0 0 0 
8 1 0 0 0 0 0 0 0 0 1 1 1 0 0 0 0 0 1 0 0 1 
8 1 0 0 0 0 0 1 0 0 0 0 0 1 0 0 1 0 1 0 0 0 
12 2 1 0 0 0 0 1 0 0 0 0 0 1 0 0 0 0 1 0 1 0 
12 1 0 0 0 0 0 0 0 0 0 0 1 0 1 0 0 0 1 0 1 0 
19 1 0 0 0 0 0 0 0 0 0 0 0 1 0 1 0 0 1 0 0 0 
19 1 0 0 0 0 0 0 0 0 0 0 1 0 1 0 0 0 1 0 1 0 
13 1 0 1 0 0 0 0 0 0 0 0 0 1 0 1 0 0 1 0 0 0 
17 1 0 0 0 0 0 0 0 0 1 1 0 1 0 0 0 0 0 0 0 0 
17 1 0 0 0 0 0 1 0 0 0 0 0 1 0 0 0 0 1 0 0 0 
12 1 0 1 0 0 0 0 0 0 0 0 0 1 0 0 0 0 1 0 0 0 
16 1 0 0 0 1 0 1 0 0 0 1 0 0 0 0 0 0 1 0 0 0 
14 1 0 1 0 0 0 0 0 0 0 0 0 1 0 0 0 0 1 0 0 0 
14 1 0 0 0 0 0 1 0 0 0 0 0 1 0 0 0 0 0 0 1 0 
14 1 0 0 0 0 0 0 0 1 0 0 0 1 0 0 0 0 0 0 0 0 
14 1 0 0 0 0 1 1 0 0 0 0 0 0 1 0 0 0 1 0 0 0 
14 1 0 0 0 1 0 0 0 0 0 1 0 0 0 0 0 0 1 0 0 1 
14 1 0 0 0 0 0 1 0 0 0 0 0 1 0 0 0 0 1 0 1 0 
14 1 0 0 0 0 0 0 0 0 0 0 0 1 0 0 0 0 1 0 1 0 
1 1 1 0 0 0 0 0 0 0 1 1 0 1 0 0 0 0 0 0 0 0 
19 1 0 0 0 0 0 1 0 0 0 0 0 1 0 0 0 0 1 0 1 0 
19 1 0 0 0 0 1 0 0 0 0 0 1 0 1 0 1 0 1 0 0 0 
19 1 0 0 0 1 0 1 0 0 0 1 0 0 0 0 0 0 1 0 0 0 
0
1
2
3
1
4
5
1
6
3
7
8
9
3
10
3
11
12
13
14
15
16
17
18
19
17
20
21
22
23
24
17
15
25
26
27
28
29
30
17
31
32
33
34
35
25
36
37
38
39
30
31
33
40
41
42
37
17
43
37
21
14
44
45
24
46
23
43
47
44
30
36
24
37
17
48
49
50
37
51
43
30
52
37
53
54
17
55
15
19
24
44
56
20
53
25
37
57
58
59
60
37
17
61
37
14
44
62
27
29
63
30
64
37
58
60
37
55
17
65
63
52
37
66
10
67
68
15
69
70
71
72
73
74
68
67
37
75
76
77
60
21
59
55
17
78
17
79
52
36
30
36
37
80
16
15
81
17
82
83
84
85
86
87
20
88
89
90
67
68
18
17
21
91
24
92
81
93
94
95
44
47
17
96
97
70
98
99
58
30
19
52
37
17
14
91
100
101
102
30
103
21
24
104
46
105
106
37
21
58
27
107
39
108
97
22
23
52
17
37
81
36
109
110
111
22
112
18
21
19
113
21
114
55
38
92
21
113
16
17
10
66
115
37
24
75
116
14
37
21
43
117
118
37
17
29
96
60
119
120
121
17
122
17
47
123
24
23
124
125
30
17
19
37
81
44
17
126
127
17
25
30
102
37
61
17
37
107
17
128
24
37
129
81
15
130
36
44
43
18
60
21
131
22
59
102
17
122
17
44
24
17
23
132
133
134
73
132
49
107
135
39
24
37
100
81
136
108
17
36
30
58
44
13
66
20
68
67
82
137
138
104
139
140
141
47
24
135
53
38
37
35
142
19
30
21
21
103
17
51
143
31
144
145
146
147
148
149
150
36
30
17
37
93
15
63
55
82
46
68
151
152
153
154
15
