92 9 17 20 2 27
1 6 1
1 5 0
1 2 0
1 2 0
1 4 0
1 5 0
1 3 0
2 3 0
1 28 0
3 11 0 0 1 0 1 0 0 0 0 
3 2 1 0 1 0 0 0 0 0 0 
3 8 0 0 1 0 0 0 0 0 0 
3 3 0 0 1 1 0 0 0 0 0 
3 1 0 1 1 0 0 0 0 0 1 
3 1 1 0 1 1 0 0 0 0 0 
2 12 0 0 1 0 1 0 0 0 0 
1 2 0 0 1 0 1 0 0 0 0 
2 32 0 0 1 0 0 0 0 0 0 
2 6 1 0 1 0 0 0 0 0 0 
2 7 0 0 1 1 0 0 0 0 0 
0 1 1 0 1 0 0 0 0 0 0 
0 1 0 0 1 1 1 0 1 0 0 
2 1 0 0 1 0 0 0 1 0 0 
2 2 0 1 1 0 1 0 0 0 1 
0 1 0 0 1 0 0 0 0 0 0 
2 1 1 0 1 0 1 0 0 0 0 
0
1
2
0
2
3
0
0
2
1
0
2
2
0
2
0
4
5
0
0
2
3
0
2
3
0
6
7
8
9
8
6
8
8
8
8
6
10
8
11
12
8
8
8
6
9
8
8
10
6
13
9
8
14
8
8
8
7
9
10
8
6
8
8
10
6
8
8
9
6
8
8
8
6
8
15
10
6
8
8
9
6
8
10
8
6
8
8
16
10
8
14
