385 20 155 15 0 20
1 12 1
1 10 1
1 20 1
1 6 1
1 8 1
1 3 1
1 2 1
1 7 1
1 10 1
1 5 0
1 10 0
2 3 0
1 8 0
1 13 0
1 12 0
1 2 0
4 5 0
1 14 0
2 7 0
1 8 0
13 1 1 0 0 0 0 0 0 0 0 0 0 1 0 0 0 0 1 0 0 0 
13 3 0 0 0 0 0 1 0 0 0 0 0 1 0 0 0 0 1 0 1 0 
13 1 0 0 1 1 0 0 0 0 0 1 1 0 0 0 0 0 0 0 0 0 
13 4 0 0 0 0 0 0 0 0 0 0 0 1 0 0 0 0 1 0 0 0 
13 1 0 0 0 0 0 0 0 0 0 0 0 0 0 0 0 0 1 0 0 0 
13 1 0 1 0 0 0 0 0 0 0 0 0 1 0 1 0 0 0 0 0 0 
13 1 0 0 0 0 0 0 0 0 1 1 0 0 0 0 0 0 0 0 0 0 
13 1 0 0 0 0 0 1 0 0 0 0 0 1 0 0 0 0 1 0 0 0 
13 1 0 0 0 0 0 0 0 0 0 0 0 0 0 0 1 0 1 0 0 0 
13 1 0 0 0 0 0 1 0 0 0 0 0 1 0 0 0 0 0 0 1 0 
13 3 0 0 0 1 0 1 0 0 0 1 0 0 0 0 0 0 1 0 0 0 
13 1 0 1 0 0 0 0 0 0 0 0 0 1 0 1 0 0 0 0 1 0 
13 1 0 0 0 0 1 1 0 0 0 0 1 0 1 0 0 0 1 0 0 0 
13 2 0 0 0 1 0 0 0 0 0 1 0 0 0 0 0 0 0 0 0 0 
12 5 0 0 0 1 0 0 0 0 0 1 0 0 0 0 0 0 0 0 0 0 
4 1 0 0 0 0 0 0 0 0 0 0 0 1 0 0 0 0 0 0 0 0 
12 13 0 0 0 0 0 1 0 0 1 1 0 0 0 0 0 0 1 0 0 0 
12 3 0 0 0 0 0 0 0 0 0 0 0 1 0 0 1 0 1 0 1 0 
12 2 0 0 0 0 0 1 0 0 0 0 0 1 0 0 0 0 0 0 0 0 
12 1 0 0 0 0 0 0 0 0 0 0 1 0 1 0 0 0 1 0 1 0 
12 31 0 0 0 0 0 0 0 0 0 0 0 1 0 0 0 0 1 0 0 0 
12 27 0 0 0 0 0 1 0 0 0 0 0 1 0 0 0 0 1 0 0 0 
12 6 0 0 0 1 0 0 0 0 0 1 0 0 0 0 0 0 1 0 0 0 
12 2 0 0 0 0 0 0 0 0 0 0 0 1 0 1 0 0 0 0 0 0 
12 8 0 1 0 0 0 1 0 0 0 0 0 1 0 0 0 0 1 0 1 0 
12 5 0 0 0 0 0 0 0 1 0 0 0 0 0 0 0 0 0 0 0 0 
12 13 0 0 0 0 0 0 0 0 0 0 0 1 0 0 0 0 1 0 1 0 
12 5 0 0 0 0 0 0 0 0 0 0 0 0 1 0 1 0 1 0 0 0 
12 3 0 0 0 0 0 0 0 0 0 0 1 1 0 0 0 0 1 0 0 0 
12 5 0 0 0 0 0 1 0 0 0 0 0 1 0 0 0 0 0 0 1 0 
6 1 0 0 0 0 0 0 0 0 0 0 0 0 0 0 0 0 1 0 0 0 
12 5 0 0 1 1 0 0 0 0 0 1 0 0 0 0 0 0 1 0 0 0 
12 1 0 0 0 0 0 1 0 0 0 0 0 1 0 1 0 0 0 0 0 0 
12 5 0 1 0 0 0 0 0 0 0 0 0 1 0 0 0 0 1 0 1 0 
12 12 0 0 0 0 0 0 0 0 0 0 0 0 0 0 0 0 1 0 0 0 
12 1 1 0 0 0 0 0 0 0 1 1 0 0 0 0 0 0 1 0 0 0 
12 6 0 0 0 0 0 0 0 1 0 0 0 1 0 0 0 0 0 0 0 0 
12 3 0 0 0 0 1 1 0 0 0 0 0 0 1 0 0 0 1 0 0 0 
12 9 0 0 0 0 0 1 0 0 0 0 0 1 0 0 0 0 1 0 1 0 
12 1 0 1 0 0 0 0 0 0 0 0 0 1 0 1 0 0 1 0 0 0 
5 1 0 0 0 0 0 1 0 0 0 0 0 1 0 0 0 0 1 0 1 1 
5 1 0 0 0 0 0 1 0 0 0 0 1 1 0 0 0 0 1 0 1 0 
12 1 0 0 0 0 1 1 0 0 0 0 0 0 1 0 0 0 0 0 0 0 
12 4 0 0 0 0 0 0 0 0 0 0 0 0 0 0 1 0 1 0 0 0 
12 1 0 0 0 0 0 0 0 0 1 1 0 1 0 0 0 0 1 0 0 0 
12 1 0 0 0 1 0 0 0 0 0 1 0 0 0 1 0 0 0 0 0 0 
12 1 0 0 0 0 0 0 0 1 0 0 0 0 0 0 0 0 1 0 0 0 
12 8 0 0 0 0 0 0 0 0 0 0 0 1 0 0 0 0 0 0 0 0 
12 1 0 0 0 0 1 1 0 0 0 0 1 0 1 0 0 0 1 0 0 0 
2 1 0 0 0 1 0 0 0 0 0 1 0 0 0 0 0 0 1 0 0 0 
12 2 0 0 0 0 0 1 0 0 1 1 0 1 0 0 0 0 0 0 0 0 
12 2 1 0 0 0 0 1 0 0 0 0 0 1 0 0 0 0 1 0 1 0 
12 3 0 0 0 0 0 0 0 0 0 0 0 1 0 1 0 0 1 0 0 0 
12 2 0 0 1 1 0 1 0 0 0 1 0 0 0 0 0 0 0 0 0 0 
12 1 0 0 0 0 0 0 0 0 0 0 0 1 0 0 0 0 1 0 1 1 
12 1 0 0 0 0 0 0 0 0 0 0 0 0 1 0 0 0 1 0 0 0 
12 2 0 0 0 1 0 1 0 0 0 1 0 0 0 0 0 0 0 0 0 0 
12 5 0 0 0 0 0 0 0 0 0 0 0 0 0 0 0 0 1 0 1 0 
7 1 1 0 0 0 0 1 0 0 0 0 0 1 0 0 0 0 1 0 0 1 
12 1 0 0 0 0 1 0 0 1 0 0 0 0 1 0 0 0 0 0 0 0 
12 4 0 0 0 0 0 0 0 0 1 1 0 0 0 0 0 0 1 0 0 0 
12 2 0 1 0 0 0 0 0 0 0 0 0 1 0 1 0 0 1 0 1 0 
12 2 0 0 0 0 0 1 0 0 0 0 0 1 0 0 1 0 1 0 0 0 
12 3 0 0 0 0 0 1 0 0 0 0 1 1 0 0 0 0 1 0 0 0 
12 2 0 0 0 0 0 0 0 0 0 0 0 0 1 0 0 0 1 0 1 0 
12 1 0 0 0 0 0 1 0 0 0 0 0 1 0 0 0 0 1 0 1 1 
0 1 0 0 0 0 0 0 0 1 0 0 0 0 0 0 0 0 1 0 0 0 
0 1 0 0 1 1 0 0 0 0 0 1 0 0 0 0 0 0 0 0 0 0 
12 3 0 0 0 0 0 0 0 0 0 0 0 1 0 1 0 0 0 0 1 0 
12 1 0 0 0 0 0 0 0 0 0 0 0 0 0 0 0 0 0 0 0 0 
12 1 0 0 0 0 0 0 0 0 0 0 0 0 0 0 0 0 1 0 0 1 
12 4 0 0 0 1 0 1 0 0 0 1 0 0 0 0 0 0 1 0 0 0 
1 4 0 0 0 0 0 0 0 0 0 0 0 0 0 0 1 0 0 0 0 0 
1 5 0 0 0 0 0 0 0 0 0 0 0 0 0 0 0 0 1 0 0 0 
1 1 1 0 0 0 0 0 0 0 1 1 0 1 0 0 0 0 0 0 0 0 
12 2 0 0 0 0 0 0 0 0 0 0 1 0 0 0 0 0 1 0 0 0 
12 2 0 1 0 0 0 1 0 0 0 0 0 1 0 0 0 0 1 0 1 1 
12 3 0 0 0 0 0 0 0 0 0 0 0 1 0 0 0 0 0 0 1 0 
10 1 0 1 0 0 0 0 0 0 0 0 0 1 0 0 0 0 0 0 1 0 
12 1 1 0 0 0 1 1 0 0 0 0 1 0 1 0 0 0 1 0 0 0 
12 1 0 1 0 0 0 0 0 0 0 0 0 1 0 0 0 0 1 0 0 0 
12 1 0 0 0 1 0 0 0 0 0 1 0 0 0 1 0 0 1 0 0 0 
8 1 0 0 0 0 0 0 0 0 0 0 1 0 1 0 0 0 1 0 1 0 
8 2 0 0 0 0 0 0 0 0 0 0 0 0 1 0 0 0 1 0 0 0 
8 2 0 0 0 0 0 0 0 0 0 0 0 0 0 0 0 0 1 0 0 0 
8 1 0 0 0 0 0 1 0 0 0 0 0 1 0 0 1 0 1 0 0 0 
8 1 0 0 0 0 0 0 0 0 1 1 1 0 0 0 0 0 1 0 0 1 
8 1 0 0 0 0 0 0 0 0 0 0 0 0 1 0 0 0 1 0 1 0 
12 3 0 0 0 0 1 0 0 0 0 0 1 0 1 0 0 0 1 0 0 0 
12 3 0 1 0 0 0 0 0 0 0 0 0 1 0 1 0 0 0 0 1 0 
9 1 0 0 0 1 0 1 0 0 0 1 0 0 0 0 0 0 1 0 0 0 
9 1 0 0 0 0 0 1 0 0 0 0 0 1 0 0 0 0 1 0 0 0 
12 2 0 0 0 0 1 0 0 0 0 0 0 0 1 0 1 0 1 0 0 0 
12 1 0 0 0 0 0 0 0 0 0 0 1 0 0 0 0 0 0 0 1 0 
12 4 0 0 0 0 0 0 0 1 0 0 0 1 0 0 0 0 1 0 0 0 
12 2 0 0 0 0 1 1 0 0 0 0 0 0 1 0 1 0 1 0 0 0 
11 1 0 0 0 0 0 1 0 0 0 0 0 1 0 0 0 0 1 0 1 0 
11 1 0 0 0 0 0 0 0 0 0 0 0 1 0 0 0 0 1 0 1 0 
11 1 0 1 0 0 0 1 0 0 0 0 0 1 0 1 0 0 1 0 1 0 
12 1 0 0 0 0 1 0 0 0 0 0 0 0 1 0 0 0 0 0 0 0 
12 1 0 1 0 0 0 1 0 0 0 0 0 1 0 1 0 0 1 0 1 0 
3 1 0 0 0 1 0 0 0 0 0 1 0 0 0 0 0 0 0 0 0 0 
12 2 0 0 0 0 0 1 0 0 0 0 0 0 0 0 0 0 1 0 0 0 
12 2 0 0 1 1 0 1 0 0 0 1 0 0 0 0 0 0 1 0 0 0 
12 1 1 0 0 0 0 1 0 0 0 0 1 1 0 0 0 0 1 0 0 0 
15 2 0 0 0 0 0 0 0 0 0 0 0 1 0 0 0 0 1 0 0 0 
15 1 0 0 0 0 1 0 0 0 0 0 0 0 1 0 1 0 0 0 0 0 
15 1 0 0 0 0 0 1 0 0 0 0 0 1 0 0 0 0 1 0 1 0 
15 1 0 0 0 0 0 0 0 0 1 1 0 0 0 0 0 0 1 0 0 0 
12 1 0 0 0 0 0 1 0 0 0 0 0 1 1 0 0 0 1 0 0 0 
12 1 0 0 0 0 0 0 0 0 0 0 0 0 0 0 1 0 0 0 0 0 
16 2 0 0 0 0 0 0 0 0 0 0 0 1 0 0 0 0 1 0 1 0 
16 3 0 0 0 0 0 0 0 0 0 0 0 1 0 0 0 0 0 0 1 0 
16 1 0 0 0 1 0 1 0 0 0 1 0 0 0 0 0 0 1 0 0 0 
16 1 0 0 0 0 0 0 0 1 0 0 0 1 0 0 0 0 0 0 0 0 
16 1 1 0 0 0 0 1 0 0 0 0 0 1 0 0 0 0 1 0 0 0 
16 1 0 0 0 0 0 0 0 0 0 0 0 0 0 0 0 0 0 0 1 0 
16 1 0 1 0 0 0 1 0 0 0 0 0 1 0 0 0 0 1 0 1 0 
12 3 0 0 1 1 0 0 0 0 0 1 0 0 0 0 0 0 0 0 0 0 
12 1 0 0 0 0 0 0 0 0 0 0 0 1 0 0 1 0 1 0 0 0 
17 1 0 0 0 0 0 1 0 0 0 0 0 1 0 0 0 0 1 0 0 0 
17 1 0 0 0 0 0 0 0 0 1 1 0 1 0 0 0 0 0 0 0 0 
18 1 0 1 0 0 0 0 0 0 0 0 0 1 0 1 0 0 1 0 1 1 
18 1 0 0 0 0 0 0 0 0 0 0 0 1 0 0 0 0 1 0 1 0 
18 1 0 0 0 0 0 1 0 0 0 0 0 1 0 0 0 0 1 0 0 0 
18 1 0 0 0 0 1 0 0 0 0 0 0 0 1 0 1 0 1 0 0 0 
18 1 0 1 0 0 0 0 0 0 0 0 0 1 0 1 0 0 1 0 1 0 
12 1 0 0 0 0 0 0 0 0 1 1 0 0 0 0 0 0 0 0 0 0 
12 2 0 0 0 0 0 1 0 0 0 0 1 1 0 0 0 0 1 0 1 0 
13 3 0 0 0 0 0 0 0 1 0 0 0 1 0 0 0 0 0 0 0 0 
13 1 0 1 0 0 0 0 0 0 0 0 0 1 0 1 0 0 1 0 0 0 
14 1 0 0 0 0 0 1 0 0 0 0 0 1 0 0 0 0 1 0 1 0 
14 1 0 0 0 0 0 0 0 1 0 0 0 1 0 0 0 0 0 0 0 0 
14 1 0 0 0 0 1 1 0 0 0 0 0 0 1 0 0 0 1 0 0 0 
14 1 0 1 0 0 0 0 0 0 0 0 0 1 0 0 0 0 1 0 0 0 
14 1 0 0 0 1 0 0 0 0 0 1 0 0 0 0 0 0 1 0 0 1 
14 1 0 0 0 0 0 1 0 0 0 0 0 1 0 0 0 0 0 0 1 0 
14 1 0 0 0 0 0 0 0 0 0 0 0 1 0 0 0 0 1 0 1 0 
12 1 0 0 0 0 0 1 0 0 0 0 1 1 0 0 0 0 1 0 0 1 
12 1 0 0 0 0 0 0 0 1 0 0 0 1 0 1 0 0 0 0 0 0 
19 4 0 0 0 0 1 1 0 0 0 0 1 0 1 0 0 0 1 0 0 0 
19 3 0 0 0 0 0 1 0 0 0 0 1 1 0 0 0 0 1 0 0 0 
19 1 0 0 0 0 1 0 0 0 0 0 1 0 1 0 1 0 1 0 0 0 
19 1 0 0 0 0 0 1 0 0 0 0 0 1 0 0 0 0 1 0 1 0 
19 2 0 0 0 0 0 1 0 0 0 0 0 1 0 0 0 0 0 0 0 0 
19 1 0 0 0 0 0 0 0 0 0 0 0 1 0 1 0 0 1 0 0 0 
19 1 0 1 0 0 0 1 0 0 0 0 1 1 0 0 0 0 1 0 0 0 
19 1 0 0 0 0 0 1 0 0 1 1 0 0 0 0 0 0 1 0 0 1 
19 1 0 0 0 0 0 0 0 0 0 0 0 0 0 0 0 0 1 0 0 0 
19 3 0 0 0 0 0 1 0 0 0 0 0 1 0 0 0 0 1 0 0 0 
19 1 0 0 0 0 0 0 0 0 0 0 1 0 1 0 0 0 1 0 1 0 
19 1 0 0 0 0 0 0 0 0 0 0 0 0 0 0 0 0 0 0 0 0 
19 1 0 0 0 0 1 1 0 0 0 0 0 0 1 0 0 0 1 0 0 0 
19 1 0 0 0 1 0 1 0 0 0 1 0 0 0 0 0 0 1 0 0 0 
19 1 0 0 0 0 0 0 0 0 0 0 0 1 0 0 0 0 1 0 1 0 
0
1
2
3
1
4
5
1
6
3
7
8
9
3
10
3
11
12
13
14
15
16
17
18
19
20
21
22
23
24
25
26
16
27
28
29
30
31
32
33
34
21
35
36
37
17
38
20
14
21
39
25
40
41
22
20
42
21
43
44
24
26
45
21
20
46
38
47
48
49
33
50
43
51
20
52
53
54
55
21
33
34
56
20
57
58
59
26
21
22
20
29
60
61
62
20
14
63
64
20
65
66
67
24
20
16
27
68
21
22
20
38
69
20
24
70
20
71
72
72
73
73
73
74
73
73
72
72
38
52
75
76
36
71
20
21
64
77
16
20
34
21
31
78
79
68
62
34
47
16
20
26
37
77
80
21
81
20
29
82
83
84
85
86
84
87
83
24
31
47
21
57
20
38
22
36
21
88
89
16
20
26
90
91
36
92
21
57
89
21
31
20
21
93
94
16
20
47
95
96
97
98
25
20
21
60
88
29
43
26
53
20
34
21
99
26
100
101
28
16
20
102
27
29
20
14
24
20
34
21
68
103
104
105
106
107
105
108
38
20
25
38
28
22
109
89
34
38
36
16
20
110
63
111
112
113
112
114
115
116
112
117
111
92
21
118
21
75
26
16
36
61
102
47
71
119
26
37
120
121
21
57
52
24
25
20
103
27
77
21
57
16
94
47
71
122
123
124
125
126
21
127
26
63
34
47
38
31
94
76
27
50
34
26
128
13
129
10
129
130
10
129
17
16
20
88
18
26
118
21
33
34
21
23
128
43
60
131
132
133
134
135
136
137
34
138
20
56
139
95
26
33
16
47
21
94
34
51
118
140
141
142
143
144
145
146
147
148
149
140
144
150
149
140
14
24
60
149
141
151
152
153
154
141
140
