385 20 155 15 1 20
1 12 1
1 10 1
1 20 1
1 6 1
1 8 1
1 3 1
1 2 1
1 7 1
1 10 1
1 5 0
1 10 0
2 3 0
1 8 0
1 13 0
1 12 0
1 2 0
4 5 0
1 14 0
2 7 0
1 8 0
13 1 1 0 0 0 0 0 0 0 0 0 0 1 0 0 0 0 1 0 0 0 
13 3 0 0 0 0 0 1 0 0 0 0 0 1 0 0 0 0 1 0 1 0 
13 1 0 0 1 1 0 0 0 0 0 1 1 0 0 0 0 0 0 0 0 0 
13 4 0 0 0 0 0 0 0 0 0 0 0 1 0 0 0 0 1 0 0 0 
13 1 0 0 0 0 0 0 0 0 0 0 0 0 0 0 0 0 1 0 0 0 
13 1 0 1 0 0 0 0 0 0 0 0 0 1 0 1 0 0 0 0 0 0 
13 1 0 0 0 0 0 0 0 0 1 1 0 0 0 0 0 0 0 0 0 0 
13 1 0 0 0 0 0 1 0 0 0 0 0 1 0 0 0 0 1 0 0 0 
13 1 0 0 0 0 0 0 0 0 0 0 0 0 0 0 1 0 1 0 0 0 
13 1 0 0 0 0 0 1 0 0 0 0 0 1 0 0 0 0 0 0 1 0 
13 3 0 0 0 1 0 1 0 0 0 1 0 0 0 0 0 0 1 0 0 0 
13 1 0 1 0 0 0 0 0 0 0 0 0 1 0 1 0 0 0 0 1 0 
13 1 0 0 0 0 1 1 0 0 0 0 1 0 1 0 0 0 1 0 0 0 
13 2 0 0 0 1 0 0 0 0 0 1 0 0 0 0 0 0 0 0 0 0 
12 5 0 0 0 1 0 0 0 0 0 1 0 0 0 0 0 0 0 0 0 0 
19 4 0 0 0 0 1 1 0 0 0 0 1 0 1 0 0 0 1 0 0 0 
12 5 0 1 0 0 0 0 0 0 0 0 0 1 0 0 0 0 1 0 1 0 
12 9 0 0 0 0 0 1 0 0 0 0 0 1 0 0 0 0 1 0 1 0 
12 12 0 0 0 0 0 0 0 0 0 0 0 0 0 0 0 0 1 0 0 0 
12 8 0 0 0 0 0 0 0 0 0 0 0 1 0 0 0 0 0 0 0 0 
12 13 0 0 0 0 0 1 0 0 1 1 0 0 0 0 0 0 1 0 0 0 
12 13 0 0 0 0 0 0 0 0 0 0 0 1 0 0 0 0 1 0 1 0 
12 2 0 0 0 0 1 1 0 0 0 0 0 0 1 0 1 0 1 0 0 0 
12 31 0 0 0 0 0 0 0 0 0 0 0 1 0 0 0 0 1 0 0 0 
12 5 0 0 0 0 0 1 0 0 0 0 0 1 0 0 0 0 0 0 1 0 
12 2 0 0 0 0 0 0 0 0 0 0 1 0 0 0 0 0 1 0 0 0 
12 1 0 0 0 1 0 0 0 0 0 1 0 0 0 1 0 0 1 0 0 0 
12 8 0 1 0 0 0 1 0 0 0 0 0 1 0 0 0 0 1 0 1 0 
12 5 0 0 0 0 0 0 0 1 0 0 0 0 0 0 0 0 0 0 0 0 
12 27 0 0 0 0 0 1 0 0 0 0 0 1 0 0 0 0 1 0 0 0 
12 1 0 0 0 0 0 0 0 0 1 1 0 1 0 0 0 0 1 0 0 0 
14 1 0 0 0 0 1 1 0 0 0 0 0 0 1 0 0 0 1 0 0 0 
14 1 0 0 0 0 0 1 0 0 0 0 0 1 0 0 0 0 0 0 1 0 
12 5 0 0 0 0 0 0 0 0 0 0 0 0 0 0 0 0 1 0 1 0 
12 2 0 0 1 1 0 1 0 0 0 1 0 0 0 0 0 0 1 0 0 0 
12 3 0 0 0 0 0 0 0 0 0 0 1 1 0 0 0 0 1 0 0 0 
12 1 0 0 0 0 0 0 0 0 0 0 0 0 0 0 1 0 0 0 0 0 
12 1 0 1 0 0 0 0 0 0 0 0 0 1 0 1 0 0 1 0 0 0 
8 1 0 0 0 0 0 0 0 0 0 0 0 0 1 0 0 0 1 0 1 0 
17 1 0 0 0 0 0 1 0 0 0 0 0 1 0 0 0 0 1 0 0 0 
17 1 0 0 0 0 0 0 0 0 1 1 0 1 0 0 0 0 0 0 0 0 
12 1 1 0 0 0 0 1 0 0 0 0 1 1 0 0 0 0 1 0 0 0 
12 6 0 0 0 0 0 0 0 1 0 0 0 1 0 0 0 0 0 0 0 0 
12 6 0 0 0 1 0 0 0 0 0 1 0 0 0 0 0 0 1 0 0 0 
12 5 0 0 0 0 0 0 0 0 0 0 0 0 1 0 1 0 1 0 0 0 
12 4 0 0 0 0 0 0 0 0 1 1 0 0 0 0 0 0 1 0 0 0 
12 2 0 1 0 0 0 0 0 0 0 0 0 1 0 1 0 0 1 0 1 0 
19 1 0 0 0 1 0 1 0 0 0 1 0 0 0 0 0 0 1 0 0 0 
19 1 0 0 0 0 0 0 0 0 0 0 1 0 1 0 0 0 1 0 1 0 
1 4 0 0 0 0 0 0 0 0 0 0 0 0 0 0 1 0 0 0 0 0 
12 4 0 0 0 0 0 0 0 1 0 0 0 1 0 0 0 0 1 0 0 0 
12 1 0 0 0 0 1 1 0 0 0 0 1 0 1 0 0 0 1 0 0 0 
12 3 0 0 0 0 0 0 0 0 0 0 0 1 0 1 0 0 0 0 1 0 
0 1 0 0 1 1 0 0 0 0 0 1 0 0 0 0 0 0 0 0 0 0 
12 1 0 0 0 0 0 0 0 0 0 0 0 0 0 0 0 0 0 0 0 0 
12 3 0 0 0 0 0 0 0 0 0 0 0 1 0 0 1 0 1 0 1 0 
12 2 0 0 0 0 0 0 0 0 0 0 0 0 1 0 0 0 1 0 1 0 
12 3 0 0 0 0 0 1 0 0 0 0 1 1 0 0 0 0 1 0 0 0 
12 1 0 0 0 1 0 0 0 0 0 1 0 0 0 1 0 0 0 0 0 0 
5 1 0 0 0 0 0 1 0 0 0 0 0 1 0 0 0 0 1 0 1 1 
1 1 1 0 0 0 0 0 0 0 1 1 0 1 0 0 0 0 0 0 0 0 
12 3 0 0 0 0 0 0 0 0 0 0 0 1 0 0 0 0 0 0 1 0 
12 4 0 0 0 1 0 1 0 0 0 1 0 0 0 0 0 0 1 0 0 0 
12 3 0 1 0 0 0 0 0 0 0 0 0 1 0 1 0 0 0 0 1 0 
5 1 0 0 0 0 0 1 0 0 0 0 1 1 0 0 0 0 1 0 1 0 
12 1 0 0 0 0 0 0 0 0 0 0 0 1 0 0 0 0 1 0 1 1 
1 5 0 0 0 0 0 0 0 0 0 0 0 0 0 0 0 0 1 0 0 0 
12 1 0 0 0 0 0 0 0 1 0 0 0 0 0 0 0 0 1 0 0 0 
12 3 0 0 0 0 0 0 0 0 0 0 0 1 0 1 0 0 1 0 0 0 
12 2 0 0 1 1 0 1 0 0 0 1 0 0 0 0 0 0 0 0 0 0 
12 3 0 0 0 0 1 1 0 0 0 0 0 0 1 0 0 0 1 0 0 0 
19 3 0 0 0 0 0 1 0 0 0 0 1 1 0 0 0 0 1 0 0 0 
16 3 0 0 0 0 0 0 0 0 0 0 0 1 0 0 0 0 0 0 1 0 
14 1 0 1 0 0 0 0 0 0 0 0 0 1 0 0 0 0 1 0 0 0 
12 2 0 0 0 0 0 1 0 0 0 0 0 1 0 0 1 0 1 0 0 0 
12 1 0 0 0 0 0 0 0 0 0 0 0 0 0 0 0 0 1 0 0 1 
12 2 0 0 0 0 0 1 0 0 0 0 1 1 0 0 0 0 1 0 1 0 
12 1 0 0 0 0 1 0 0 0 0 0 0 0 1 0 0 0 0 0 0 0 
12 5 0 0 1 1 0 0 0 0 0 1 0 0 0 0 0 0 1 0 0 0 
12 2 0 0 0 0 0 1 0 0 0 0 0 1 0 0 0 0 0 0 0 0 
14 1 0 0 0 0 0 0 0 0 0 0 0 1 0 0 0 0 1 0 1 0 
8 2 0 0 0 0 0 0 0 0 0 0 0 0 0 0 0 0 1 0 0 0 
15 1 0 0 0 0 0 0 0 0 1 1 0 0 0 0 0 0 1 0 0 0 
15 1 0 0 0 0 1 0 0 0 0 0 0 0 1 0 1 0 0 0 0 0 
3 1 0 0 0 1 0 0 0 0 0 1 0 0 0 0 0 0 0 0 0 0 
15 2 0 0 0 0 0 0 0 0 0 0 0 1 0 0 0 0 1 0 0 0 
19 1 0 0 0 0 0 1 0 0 0 0 0 1 0 0 0 0 1 0 1 0 
19 1 0 0 0 0 0 0 0 0 0 0 0 0 0 0 0 0 1 0 0 0 
19 1 0 0 0 0 0 1 0 0 1 1 0 0 0 0 0 0 1 0 0 1 
11 1 0 0 0 0 0 0 0 0 0 0 0 1 0 0 0 0 1 0 1 0 
12 2 0 0 0 0 1 0 0 0 0 0 0 0 1 0 1 0 1 0 0 0 
12 1 0 0 0 0 0 1 0 0 0 0 0 1 0 0 0 0 1 0 1 1 
12 3 0 0 1 1 0 0 0 0 0 1 0 0 0 0 0 0 0 0 0 0 
13 1 0 1 0 0 0 0 0 0 0 0 0 1 0 1 0 0 1 0 0 0 
7 1 1 0 0 0 0 1 0 0 0 0 0 1 0 0 0 0 1 0 0 1 
6 1 0 0 0 0 0 0 0 0 0 0 0 0 0 0 0 0 1 0 0 0 
16 2 0 0 0 0 0 0 0 0 0 0 0 1 0 0 0 0 1 0 1 0 
12 3 0 0 0 0 1 0 0 0 0 0 1 0 1 0 0 0 1 0 0 0 
12 1 0 0 0 0 0 0 0 0 0 0 0 1 0 0 1 0 1 0 0 0 
12 2 0 1 0 0 0 1 0 0 0 0 0 1 0 0 0 0 1 0 1 1 
13 3 0 0 0 0 0 0 0 1 0 0 0 1 0 0 0 0 0 0 0 0 
12 1 0 0 0 0 0 0 0 0 1 1 0 0 0 0 0 0 0 0 0 0 
19 3 0 0 0 0 0 1 0 0 0 0 0 1 0 0 0 0 1 0 0 0 
19 1 0 0 0 0 0 0 0 0 0 0 0 0 0 0 0 0 0 0 0 0 
19 2 0 0 0 0 0 1 0 0 0 0 0 1 0 0 0 0 0 0 0 0 
8 2 0 0 0 0 0 0 0 0 0 0 0 0 1 0 0 0 1 0 0 0 
12 4 0 0 0 0 0 0 0 0 0 0 0 0 0 0 1 0 1 0 0 0 
12 2 1 0 0 0 0 1 0 0 0 0 0 1 0 0 0 0 1 0 1 0 
8 1 0 0 0 0 0 0 0 0 1 1 1 0 0 0 0 0 1 0 0 1 
12 1 0 0 0 0 0 0 0 0 0 0 0 0 1 0 0 0 1 0 0 0 
19 1 0 0 0 0 0 0 0 0 0 0 0 1 0 0 0 0 1 0 1 0 
12 1 0 0 0 0 0 1 0 0 0 0 1 1 0 0 0 0 1 0 0 1 
8 1 0 0 0 0 0 1 0 0 0 0 0 1 0 0 1 0 1 0 0 0 
16 1 0 0 0 0 0 0 0 1 0 0 0 1 0 0 0 0 0 0 0 0 
16 1 0 1 0 0 0 1 0 0 0 0 0 1 0 0 0 0 1 0 1 0 
18 1 0 1 0 0 0 0 0 0 0 0 0 1 0 1 0 0 1 0 1 1 
19 1 0 0 0 0 1 1 0 0 0 0 0 0 1 0 0 0 1 0 0 0 
12 1 0 0 0 0 1 1 0 0 0 0 0 0 1 0 0 0 0 0 0 0 
12 2 0 0 0 0 0 0 0 0 0 0 0 1 0 1 0 0 0 0 0 0 
19 1 0 0 0 0 1 0 0 0 0 0 1 0 1 0 1 0 1 0 0 0 
12 1 0 1 0 0 0 0 0 0 0 0 0 1 0 0 0 0 1 0 0 0 
12 1 0 0 0 0 0 1 0 0 0 0 0 1 1 0 0 0 1 0 0 0 
12 1 0 0 0 0 0 1 0 0 0 0 0 1 0 1 0 0 0 0 0 0 
18 1 0 0 0 0 1 0 0 0 0 0 0 0 1 0 1 0 1 0 0 0 
10 1 0 1 0 0 0 0 0 0 0 0 0 1 0 0 0 0 0 0 1 0 
9 1 0 0 0 0 0 1 0 0 0 0 0 1 0 0 0 0 1 0 0 0 
16 1 0 0 0 1 0 1 0 0 0 1 0 0 0 0 0 0 1 0 0 0 
16 1 0 0 0 0 0 0 0 0 0 0 0 0 0 0 0 0 0 0 1 0 
15 1 0 0 0 0 0 1 0 0 0 0 0 1 0 0 0 0 1 0 1 0 
19 1 0 0 0 0 0 0 0 0 0 0 0 1 0 1 0 0 1 0 0 0 
9 1 0 0 0 1 0 1 0 0 0 1 0 0 0 0 0 0 1 0 0 0 
12 2 0 0 0 0 0 1 0 0 1 1 0 1 0 0 0 0 0 0 0 0 
14 1 0 0 0 0 0 0 0 1 0 0 0 1 0 0 0 0 0 0 0 0 
14 1 0 0 0 0 0 1 0 0 0 0 0 1 0 0 0 0 1 0 1 0 
12 1 0 1 0 0 0 1 0 0 0 0 0 1 0 1 0 0 1 0 1 0 
12 1 0 0 0 0 0 0 0 0 0 0 1 0 1 0 0 0 1 0 1 0 
16 1 1 0 0 0 0 1 0 0 0 0 0 1 0 0 0 0 1 0 0 0 
14 1 0 0 0 1 0 0 0 0 0 1 0 0 0 0 0 0 1 0 0 1 
12 1 1 0 0 0 1 1 0 0 0 0 1 0 1 0 0 0 1 0 0 0 
12 1 0 0 0 0 0 0 0 1 0 0 0 1 0 1 0 0 0 0 0 0 
11 1 0 0 0 0 0 1 0 0 0 0 0 1 0 0 0 0 1 0 1 0 
8 1 0 0 0 0 0 0 0 0 0 0 1 0 1 0 0 0 1 0 1 0 
12 2 0 0 0 0 0 1 0 0 0 0 0 0 0 0 0 0 1 0 0 0 
12 2 0 0 0 1 0 1 0 0 0 1 0 0 0 0 0 0 0 0 0 0 
0 1 0 0 0 0 0 0 0 1 0 0 0 0 0 0 0 0 1 0 0 0 
19 1 0 1 0 0 0 1 0 0 0 0 1 1 0 0 0 0 1 0 0 0 
2 1 0 0 0 1 0 0 0 0 0 1 0 0 0 0 0 0 1 0 0 0 
12 1 0 0 0 0 1 0 0 1 0 0 0 0 1 0 0 0 0 0 0 0 
12 1 0 0 0 0 0 0 0 0 0 0 1 0 0 0 0 0 0 0 1 0 
12 1 1 0 0 0 0 0 0 0 1 1 0 0 0 0 0 0 1 0 0 0 
11 1 0 1 0 0 0 1 0 0 0 0 0 1 0 1 0 0 1 0 1 0 
18 1 0 0 0 0 0 0 0 0 0 0 0 1 0 0 0 0 1 0 1 0 
18 1 0 0 0 0 0 1 0 0 0 0 0 1 0 0 0 0 1 0 0 0 
4 1 0 0 0 0 0 0 0 0 0 0 0 1 0 0 0 0 0 0 0 0 
18 1 0 1 0 0 0 0 0 0 0 0 0 1 0 1 0 0 1 0 1 0 
0
1
2
3
1
4
5
1
6
3
7
8
9
3
10
3
11
12
13
14
15
16
13
17
18
19
20
21
22
23
24
25
26
27
23
28
29
30
31
32
23
33
34
35
36
29
37
38
39
40
17
18
41
42
43
17
44
23
24
45
29
46
28
29
23
47
48
23
24
49
50
29
45
16
51
52
53
29
50
54
29
55
18
20
19
56
57
23
58
27
23
18
59
60
44
57
21
14
29
61
18
29
23
62
63
44
64
23
28
62
23
65
20
19
66
27
67
68
69
55
70
18
71
72
20
73
29
56
19
62
52
74
75
76
23
77
29
16
78
79
80
81
29
82
83
71
18
68
27
84
85
86
87
88
28
89
71
90
91
92
93
94
95
17
19
20
96
97
79
62
98
18
99
52
23
10
100
97
29
21
20
19
23
27
43
90
17
42
23
57
101
21
102
103
46
34
23
104
105
21
20
76
19
106
107
43
42
70
63
29
108
17
49
29
21
109
29
14
110
29
45
63
111
66
23
112
92
61
70
23
21
20
113
114
35
43
29
61
44
29
21
20
100
115
102
116
23
78
24
25
74
33
23
117
43
17
118
18
99
23
45
104
119
23
17
33
42
29
92
120
121
33
35
122
43
29
72
123
20
124
125
66
126
66
127
128
129
97
130
49
23
27
33
23
131
18
78
15
132
133
106
134
23
14
29
23
135
136
72
137
29
16
28
29
106
96
29
14
21
138
139
20
18
27
140
19
106
29
50
141
69
18
68
27
142
50
131
21
22
23
21
143
23
144
107
118
145
146
55
102
147
23
17
78
23
29
148
149
150
85
49
143
105
151
152
81
42
20
21
153
15
154
10
100
66
24
44
23
20
21
42
142
16
78
15
