773 7 59 15 1 43
1 6 1
1 7 1
3 5 1
2 5 1
1 2 0
1 3 0
36 43 0
4 2 0 1 1 0 0 0 1 
4 44 0 0 0 1 0 0 1 
4 198 0 0 1 0 0 0 1 
4 3 1 0 1 0 0 0 1 
4 24 0 0 0 1 1 0 1 
4 1 0 0 1 0 0 0 0 
4 2 0 0 0 1 0 0 0 
4 1 0 1 1 0 0 0 0 
3 6 0 0 1 0 0 0 0 
7 72 0 0 1 0 0 0 1 
0 100 0 0 0 1 0 0 1 
0 31 0 0 1 0 0 0 1 
7 2 0 1 1 0 0 0 1 
11 15 0 0 0 1 0 0 1 
11 2 1 0 1 0 0 0 0 
11 4 0 0 1 0 0 0 1 
11 1 0 0 1 0 0 1 0 
11 3 0 0 1 0 0 0 0 
5 21 0 0 0 1 0 0 1 
2 30 0 0 0 1 0 0 1 
2 3 0 0 0 1 1 0 1 
2 19 0 0 1 0 0 0 1 
3 2 1 0 1 0 0 0 0 
1 29 0 0 0 1 0 0 1 
10 11 0 0 1 0 0 0 1 
3 1 1 1 1 0 0 0 0 
3 9 0 0 0 1 0 0 1 
0 24 0 0 0 1 1 0 1 
0 2 0 0 1 0 0 1 1 
0 9 0 0 1 0 0 0 0 
6 17 0 0 0 1 0 0 1 
6 3 0 0 1 0 0 0 0 
2 6 0 0 1 0 0 0 0 
7 7 0 0 1 0 0 0 0 
5 6 0 0 1 0 0 0 1 
5 5 0 0 1 0 0 0 0 
7 2 1 0 1 0 0 0 0 
9 2 1 0 1 0 0 0 1 
11 1 0 0 0 1 0 0 0 
11 1 0 0 0 1 1 0 1 
10 8 0 0 1 0 0 0 0 
10 2 1 0 1 0 0 0 1 
0 3 1 0 1 0 0 0 0 
8 3 0 0 1 0 0 0 1 
3 6 0 0 1 0 0 0 1 
3 2 0 0 0 1 0 0 0 
0 3 0 1 1 0 0 0 1 
0 4 1 0 1 0 0 0 1 
7 1 0 0 1 0 0 1 1 
2 1 0 0 0 1 0 0 0 
4 1 0 0 1 0 0 1 1 
3 1 1 0 1 0 0 0 1 
9 3 0 0 1 0 0 0 0 
9 8 0 0 1 0 0 0 1 
9 2 0 1 1 0 0 0 1 
5 1 1 0 1 0 0 0 1 
10 1 1 1 1 0 0 0 0 
10 1 0 0 1 0 0 1 1 
6 1 0 0 0 1 1 0 1 
0
1
2
2
1
3
2
1
0
4
2
2
4
2
1
2
2
2
4
1
1
1
4
1
1
4
1
1
4
1
1
1
1
2
5
6
6
2
2
7
4
2
8
9
9
10
10
9
9
9
10
10
2
2
2
10
11
10
10
9
9
9
10
10
9
12
9
13
13
14
15
13
16
13
17
15
13
15
13
2
2
1
1
2
2
2
18
18
8
2
2
19
19
20
21
2
2
10
10
2
2
22
23
23
2
2
4
2
1
2
2
19
21
19
19
24
25
8
26
26
9
9
9
27
10
12
9
9
10
10
11
10
28
29
27
10
2
2
2
10
27
2
2
30
31
30
9
9
30
2
1
2
2
19
21
19
21
21
19
32
19
9
33
23
23
9
9
9
23
23
2
2
2
10
10
9
9
33
30
30
2
2
2
1
4
2
34
35
18
18
9
9
9
10
10
9
9
9
10
10
9
36
10
11
10
11
29
10
11
10
11
11
10
9
10
9
9
18
37
18
35
34
18
2
18
2
2
4
2
38
2
2
1
2
4
2
2
13
2
1
2
39
17
2
4
2
1
2
2
27
11
10
10
29
2
2
23
23
2
2
2
23
23
40
24
41
27
10
11
27
11
42
10
11
10
9
9
10
11
10
9
9
27
9
19
9
33
19
21
19
21
21
19
21
19
21
32
19
21
20
21
43
26
44
44
45
43
23
2
3
23
9
23
9
33
23
9
23
9
9
23
2
2
4
2
30
2
2
30
31
30
2
2
23
2
1
2
2
23
8
23
2
2
23
8
23
2
2
1
2
1
2
2
4
2
2
13
17
13
2
2
2
30
30
2
2
2
30
30
2
2
30
31
30
2
2
1
2
1
2
2
10
29
10
46
10
42
2
10
2
10
2
2
4
2
10
9
9
27
47
27
9
33
9
10
27
2
2
2
1
4
2
2
10
10
36
9
9
10
10
9
9
9
10
27
33
48
10
29
10
9
9
27
9
13
9
9
13
2
4
2
2
1
2
1
2
49
2
2
1
2
1
2
2
1
2
23
50
35
18
34
18
43
26
44
44
26
22
26
44
44
26
8
26
51
26
2
2
4
1
2
2
2
30
30
2
2
2
10
10
52
53
10
11
10
9
9
27
11
10
24
40
10
2
1
2
2
2
10
10
40
2
2
10
10
42
2
2
10
10
2
2
2
10
10
2
2
2
19
19
21
32
21
19
19
53
53
53
27
11
10
11
28
10
29
10
53
54
10
11
10
9
9
10
29
10
11
11
10
14
13
9
10
10
9
9
9
10
27
2
2
2
10
10
33
9
9
10
27
2
2
10
47
27
11
11
10
29
27
2
3
4
2
4
2
2
4
2
45
2
2
18
35
18
34
34
18
35
18
2
1
2
2
18
55
18
34
18
2
2
1
2
23
2
2
1
2
2
10
11
10
56
24
10
11
10
24
24
19
21
20
57
40
23
40
23
2
2
23
40
23
2
2
1
2
4
2
1
2
13
2
2
15
13
13
2
2
2
10
10
53
37
54
18
18
40
24
24
18
18
9
9
19
21
19
24
40
19
32
19
32
2
23
23
2
2
2
10
27
2
2
1
2
1
2
2
4
2
10
47
46
27
11
10
9
9
10
41
19
21
32
19
19
24
24
19
21
19
21
19
52
52
10
29
10
53
53
27
11
10
2
2
10
11
10
46
11
27
47
10
11
11
10
11
10
11
27
2
2
1
2
10
2
4
2
2
10
27
2
2
2
58
30
