773 7 59 15 2 43
1 6 1
1 7 1
3 5 1
2 5 1
1 2 0
1 3 0
36 43 0
4 2 0 1 1 0 0 0 1 
4 44 0 0 0 1 0 0 1 
4 198 0 0 1 0 0 0 1 
4 3 1 0 1 0 0 0 1 
4 24 0 0 0 1 1 0 1 
4 1 0 0 1 0 0 0 0 
4 2 0 0 0 1 0 0 0 
4 1 0 1 1 0 0 0 0 
3 6 0 0 1 0 0 0 0 
7 72 0 0 1 0 0 0 1 
0 100 0 0 0 1 0 0 1 
7 2 0 1 1 0 0 0 1 
0 31 0 0 1 0 0 0 1 
0 24 0 0 0 1 1 0 1 
9 8 0 0 1 0 0 0 1 
0 9 0 0 1 0 0 0 0 
9 3 0 0 1 0 0 0 0 
6 17 0 0 0 1 0 0 1 
5 21 0 0 0 1 0 0 1 
10 8 0 0 1 0 0 0 0 
10 1 1 1 1 0 0 0 0 
6 3 0 0 1 0 0 0 0 
0 4 1 0 1 0 0 0 1 
2 3 0 0 0 1 1 0 1 
2 19 0 0 1 0 0 0 1 
2 30 0 0 0 1 0 0 1 
5 5 0 0 1 0 0 0 0 
6 1 0 0 0 1 1 0 1 
10 11 0 0 1 0 0 0 1 
3 2 0 0 0 1 0 0 0 
3 1 1 1 1 0 0 0 0 
1 29 0 0 0 1 0 0 1 
4 1 0 0 1 0 0 1 1 
3 6 0 0 1 0 0 0 1 
3 9 0 0 0 1 0 0 1 
3 2 1 0 1 0 0 0 0 
10 2 1 0 1 0 0 0 1 
10 1 0 0 1 0 0 1 1 
2 6 0 0 1 0 0 0 0 
0 2 0 0 1 0 0 1 1 
7 1 0 0 1 0 0 1 1 
0 3 1 0 1 0 0 0 0 
7 2 1 0 1 0 0 0 0 
0 3 0 1 1 0 0 0 1 
7 7 0 0 1 0 0 0 0 
9 2 1 0 1 0 0 0 1 
8 3 0 0 1 0 0 0 1 
11 15 0 0 0 1 0 0 1 
11 1 0 0 1 0 0 1 0 
2 1 0 0 0 1 0 0 0 
9 2 0 1 1 0 0 0 1 
5 6 0 0 1 0 0 0 1 
11 3 0 0 1 0 0 0 0 
11 1 0 0 0 1 1 0 1 
11 4 0 0 1 0 0 0 1 
11 2 1 0 1 0 0 0 0 
11 1 0 0 0 1 0 0 0 
5 1 1 0 1 0 0 0 1 
3 1 1 0 1 0 0 0 1 
0
1
2
2
1
3
2
1
0
4
2
2
4
2
1
2
2
2
4
1
1
1
4
1
1
4
1
1
4
1
1
1
1
2
5
6
6
2
2
7
4
2
8
9
9
10
10
9
11
9
10
10
2
2
2
4
2
1
2
2
10
12
10
12
13
14
14
13
15
10
16
16
10
10
2
2
2
1
4
2
2
2
17
17
2
2
2
10
10
2
2
10
10
9
9
9
10
10
9
9
9
10
13
9
9
9
18
18
19
20
17
21
17
21
21
17
2
1
2
2
10
12
10
12
22
10
2
1
2
2
10
2
1
2
2
23
24
25
2
2
4
2
4
2
2
1
2
4
1
2
2
26
18
18
2
2
1
2
17
4
2
2
2
27
17
2
2
2
1
2
17
19
28
29
30
31
31
28
28
28
18
18
32
2
29
33
34
33
8
34
35
34
8
28
28
31
31
36
28
28
17
17
37
28
19
10
10
12
12
12
10
10
2
2
2
13
10
9
9
24
25
25
24
25
14
14
25
38
23
38
25
9
9
10
39
13
12
10
9
9
10
15
10
9
9
9
13
10
40
9
10
41
13
9
9
13
12
13
9
9
10
10
12
9
9
10
10
12
12
12
10
13
15
2
2
4
1
2
2
2
17
17
2
2
2
25
25
42
9
9
25
25
38
24
24
25
25
2
2
2
10
13
15
12
10
12
10
12
12
13
43
13
2
2
4
2
2
10
2
31
44
9
31
9
31
2
2
25
38
25
14
45
18
2
1
2
2
1
2
18
26
18
2
2
10
39
10
46
46
10
22
13
12
12
10
9
47
47
48
9
9
31
31
19
19
19
25
25
24
24
24
25
25
24
2
2
4
3
1
2
2
4
2
1
2
1
2
2
2
10
10
2
2
2
31
31
2
2
2
31
31
2
2
2
17
17
2
2
2
13
10
2
2
2
10
13
41
15
10
10
2
2
2
17
17
2
2
2
10
13
42
9
10
10
9
9
44
10
10
9
9
9
10
10
9
9
9
13
10
12
12
10
12
10
12
15
10
10
9
9
9
10
10
9
9
11
10
10
3
2
2
49
25
38
24
24
25
25
50
45
24
25
25
24
38
25
24
25
24
24
25
24
25
24
12
10
43
10
12
12
10
4
2
2
2
18
51
18
51
51
18
51
18
19
19
47
52
47
28
28
53
47
2
2
47
54
47
55
54
47
54
47
54
52
47
55
47
2
2
4
2
1
2
2
4
2
1
2
2
31
31
2
2
2
47
56
9
9
9
18
18
9
9
9
10
13
9
44
12
10
10
9
9
10
10
50
14
14
10
10
15
10
12
12
10
41
10
9
9
10
2
1
2
2
2
31
31
9
9
44
25
23
2
2
2
31
31
44
9
9
10
10
9
9
9
10
10
2
2
2
10
10
2
2
1
2
1
2
2
10
15
10
12
12
13
22
43
13
10
9
9
9
10
10
44
9
44
10
10
10
15
2
2
1
1
2
2
2
31
31
2
2
2
31
31
2
2
2
31
31
2
2
2
13
10
2
2
2
10
4
2
2
2
1
2
4
2
2
17
2
1
4
2
2
2
25
25
24
16
14
18
18
26
51
26
18
18
57
26
18
51
18
2
2
1
2
1
2
2
4
2
47
2
2
47
52
47
2
2
10
22
13
2
2
1
2
2
1
1
2
2
2
13
10
2
2
2
10
10
35
8
8
34
34
8
33
33
34
34
58
33
34
33
34
46
31
31
2
2
2
31
31
36
