822 7 75 60 2 42
3 4 1
3 4 1
1 6 1
1 7 1
39 43 0
1 2 0
1 3 0
4 6 0 1 0 0 0 0 0 
4 5 0 1 0 1 0 0 0 
4 89 1 0 0 0 1 0 0 
4 43 1 0 0 0 1 1 0 
4 44 0 1 0 0 1 0 0 
4 2 0 1 0 0 1 0 1 
3 2 0 1 0 1 0 0 0 
11 31 0 1 0 0 1 0 0 
11 1 0 1 0 1 0 0 0 
11 9 1 0 0 0 1 1 0 
11 17 1 0 0 0 1 0 0 
8 3 0 1 0 0 1 0 0 
8 4 0 1 1 0 1 0 0 
2 4 0 1 0 0 0 0 0 
2 8 0 1 0 1 0 0 0 
0 5 1 0 0 0 1 1 0 
12 4 0 1 1 0 0 0 0 
12 10 0 1 0 0 1 0 0 
12 1 1 0 0 0 1 1 0 
1 68 1 0 0 0 1 1 0 
1 25 1 0 0 0 1 0 0 
3 2 0 1 0 1 1 0 0 
3 1 0 1 0 0 1 0 1 
12 3 0 1 1 0 1 0 0 
3 6 0 1 0 0 0 0 0 
7 83 0 1 0 0 1 0 0 
7 39 1 0 0 0 1 0 0 
7 4 0 1 0 1 1 0 0 
7 3 0 1 0 0 1 0 1 
7 18 1 0 0 0 1 1 0 
7 5 0 1 0 0 0 0 0 
10 88 0 1 0 0 1 0 0 
1 12 1 0 0 0 0 0 0 
6 3 1 0 0 0 1 1 0 
6 7 1 0 0 0 1 0 0 
8 3 0 1 1 0 0 0 0 
9 39 0 1 0 0 1 0 0 
9 2 0 1 0 1 1 0 0 
9 7 1 0 0 0 1 1 0 
13 2 1 0 0 0 1 0 0 
8 2 0 1 0 1 0 0 0 
9 8 1 0 0 0 1 0 0 
9 2 0 1 0 1 0 0 0 
3 7 0 1 0 0 1 0 0 
11 1 0 1 1 0 0 0 0 
7 1 1 0 0 0 0 1 0 
2 14 0 1 0 0 1 0 0 
2 4 1 0 0 0 1 0 0 
5 13 1 0 0 0 1 0 0 
5 9 1 0 0 0 1 1 0 
5 6 0 1 0 0 1 0 0 
3 1 0 1 1 1 1 0 0 
4 2 1 0 0 0 0 0 0 
7 2 0 1 0 1 0 0 0 
9 1 0 1 1 0 0 0 0 
10 9 0 1 0 0 0 0 0 
8 3 0 1 0 0 0 0 0 
8 5 1 0 0 0 1 1 0 
8 1 0 1 0 1 1 0 0 
11 1 1 0 0 0 0 0 0 
11 1 0 1 1 1 1 0 0 
10 1 0 1 1 0 1 0 0 
10 1 0 1 0 1 1 0 0 
9 3 0 1 1 0 1 0 0 
3 1 1 0 0 0 0 0 0 
10 1 0 1 0 1 0 0 0 
1 1 1 0 0 0 0 1 0 
7 1 1 0 0 0 0 0 0 
9 3 0 1 0 0 0 0 0 
2 4 1 0 0 0 1 1 0 
7 1 0 1 1 1 1 0 0 
10 1 0 1 1 1 0 0 0 
2 1 0 1 1 1 1 0 0 
12 1 0 1 0 0 0 0 0 
10 1 0 1 0 0 1 0 1 
0
1
2
0
3
4
3
2
2
1
5
4
2
2
4
4
1
3
2
3
4
0
4
2
0
1
4
2
4
2
2
4
2
5
1
2
2
2
0
2
2
6
2
4
2
3
4
4
3
4
3
2
3
4
2
3
2
7
7
8
9
10
7
10
10
11
12
2
2
2
4
4
4
2
3
2
4
2
2
13
14
15
16
17
18
17
17
19
20
19
21
22
19
20
19
23
19
20
19
24
24
25
26
26
27
25
26
26
25
28
29
25
30
25
19
20
19
31
19
32
19
31
31
31
33
34
33
25
25
29
25
25
26
29
25
25
30
26
25
26
25
25
19
32
19
35
36
19
20
19
37
36
36
38
36
36
39
39
40
19
20
19
12
19
20
19
36
38
36
36
41
36
36
42
3
2
4
3
2
4
2
43
24
24
10
10
7
9
10
7
7
9
7
7
9
7
44
10
7
7
2
2
2
4
3
31
31
31
19
31
31
31
20
19
32
17
17
23
20
19
32
25
29
25
25
45
25
26
25
29
25
25
29
25
25
25
19
32
19
31
31
19
20
19
31
31
19
46
46
47
14
48
49
48
50
48
50
49
51
24
2
2
2
4
3
2
4
52
2
3
27
26
25
29
25
26
25
25
19
20
32
31
31
31
2
2
3
4
2
4
3
2
2
14
3
2
3
25
26
25
25
53
26
25
26
17
17
16
3
4
3
52
4
3
2
3
4
2
25
25
29
25
25
26
25
25
25
29
25
53
29
25
25
26
26
25
36
36
41
36
54
36
49
48
25
26
25
19
20
19
16
17
19
32
19
25
25
25
26
26
26
25
29
25
27
25
26
25
25
26
31
55
31
15
55
31
31
9
7
9
7
7
7
10
10
9
7
10
10
7
7
10
7
56
57
58
35
57
11
11
19
20
20
55
31
10
10
10
7
7
7
10
59
7
7
7
9
7
60
10
7
9
7
7
2
2
4
3
2
6
19
32
19
7
7
19
31
31
31
19
14
2
2
2
4
3
2
2
4
3
2
4
2
3
2
35
34
34
34
31
31
61
34
55
31
62
15
31
31
31
15
17
16
17
3
2
2
4
2
3
2
31
55
31
19
20
19
31
31
31
19
32
19
31
31
31
19
20
19
31
31
31
57
40
57
12
20
19
20
31
31
31
19
31
55
31
19
31
31
31
19
32
19
31
19
20
19
37
63
41
36
36
36
41
42
36
2
2
2
4
3
2
43
43
43
64
43
21
19
31
31
31
20
19
20
56
12
57
56
3
2
2
24
43
43
19
31
31
31
19
31
31
31
19
20
19
31
31
31
19
31
31
31
19
20
19
65
55
31
2
4
3
2
4
3
4
2
4
3
2
13
3
2
3
46
14
46
47
46
47
47
46
46
46
19
31
31
66
31
31
31
19
31
31
55
48
48
48
50
50
48
48
50
48
49
48
25
67
25
26
25
29
26
36
36
68
38
36
36
38
36
36
36
41
36
38
36
68
38
36
36
36
2
3
31
31
13
69
46
14
29
25
25
26
25
26
29
25
70
25
26
26
25
25
28
26
25
26
30
25
25
29
25
25
25
26
25
25
19
32
19
14
19
20
63
34
33
34
36
41
63
36
68
19
20
19
36
36
38
36
36
36
41
36
41
36
19
32
19
31
19
31
31
31
49
48
49
31
71
31
15
55
31
31
2
4
2
3
4
3
2
25
30
28
26
25
26
26
29
25
25
26
25
27
26
25
25
29
30
26
25
25
29
25
25
25
26
26
46
14
46
69
13
69
46
46
72
69
46
2
3
0
2
2
31
31
31
49
48
49
50
49
23
73
3
2
2
4
2
2
4
2
2
2
4
3
2
4
3
2
31
74
