773 7 59 15 0 43
1 6 1
1 7 1
3 5 1
2 5 1
1 2 0
1 3 0
36 43 0
4 2 0 1 1 0 0 0 1 
4 44 0 0 0 1 0 0 1 
4 198 0 0 1 0 0 0 1 
4 3 1 0 1 0 0 0 1 
4 24 0 0 0 1 1 0 1 
4 1 0 0 1 0 0 0 0 
4 2 0 0 0 1 0 0 0 
4 1 0 1 1 0 0 0 0 
3 6 0 0 1 0 0 0 0 
0 24 0 0 0 1 1 0 1 
0 31 0 0 1 0 0 0 1 
0 100 0 0 0 1 0 0 1 
11 2 1 0 1 0 0 0 0 
11 3 0 0 1 0 0 0 0 
11 15 0 0 0 1 0 0 1 
11 4 0 0 1 0 0 0 1 
11 1 0 0 1 0 0 1 0 
11 1 0 0 0 1 0 0 0 
10 11 0 0 1 0 0 0 1 
10 8 0 0 1 0 0 0 0 
10 1 1 1 1 0 0 0 0 
7 72 0 0 1 0 0 0 1 
7 1 0 0 1 0 0 1 1 
7 2 0 1 1 0 0 0 1 
6 17 0 0 0 1 0 0 1 
6 1 0 0 0 1 1 0 1 
6 3 0 0 1 0 0 0 0 
7 2 1 0 1 0 0 0 0 
5 21 0 0 0 1 0 0 1 
5 6 0 0 1 0 0 0 1 
5 5 0 0 1 0 0 0 0 
7 7 0 0 1 0 0 0 0 
1 29 0 0 0 1 0 0 1 
0 2 0 0 1 0 0 1 1 
0 4 1 0 1 0 0 0 1 
0 9 0 0 1 0 0 0 0 
4 1 0 0 1 0 0 1 1 
0 3 1 0 1 0 0 0 0 
0 3 0 1 1 0 0 0 1 
2 30 0 0 0 1 0 0 1 
2 19 0 0 1 0 0 0 1 
2 3 0 0 0 1 1 0 1 
2 6 0 0 1 0 0 0 0 
2 1 0 0 0 1 0 0 0 
3 2 1 0 1 0 0 0 0 
3 2 0 0 0 1 0 0 0 
3 9 0 0 0 1 0 0 1 
3 6 0 0 1 0 0 0 1 
3 1 1 0 1 0 0 0 1 
3 1 1 1 1 0 0 0 0 
5 1 1 0 1 0 0 0 1 
8 3 0 0 1 0 0 0 1 
9 3 0 0 1 0 0 0 0 
9 2 1 0 1 0 0 0 1 
9 8 0 0 1 0 0 0 1 
9 2 0 1 1 0 0 0 1 
10 2 1 0 1 0 0 0 1 
10 1 0 0 1 0 0 1 1 
11 1 0 0 0 1 1 0 1 
0
1
2
2
1
3
2
1
0
4
2
2
4
2
1
2
2
2
4
1
1
1
4
1
1
4
1
1
4
1
1
1
1
2
5
6
6
2
2
7
4
2
8
9
10
11
11
11
10
10
11
11
9
10
10
11
9
11
12
13
14
14
13
14
15
14
16
14
14
17
18
18
18
19
20
19
19
19
21
21
21
21
21
21
21
22
21
21
21
21
23
21
21
24
25
24
26
24
24
21
21
21
21
21
21
21
21
21
21
21
21
21
21
27
28
28
28
29
30
28
28
30
28
29
28
28
29
28
28
21
21
21
21
21
21
21
23
21
21
31
31
21
21
31
1
2
2
2
2
1
2
2
2
1
2
2
2
2
1
21
21
21
21
21
31
21
21
21
21
21
21
21
21
21
28
28
28
21
21
21
21
21
31
27
31
31
32
32
32
32
32
32
32
32
32
32
32
32
32
32
32
2
3
2
4
2
2
2
2
4
2
1
2
2
2
2
11
11
10
9
33
11
11
34
11
11
35
11
35
11
9
2
2
2
1
2
2
2
1
2
2
2
1
2
2
2
32
32
32
32
32
32
32
32
32
32
32
32
32
32
2
2
2
2
1
1
2
2
2
2
1
2
2
36
2
11
11
37
11
35
9
11
10
11
34
11
11
38
11
11
2
2
2
4
2
2
2
2
1
2
2
1
2
2
2
39
39
40
41
42
39
40
39
39
40
40
39
42
39
39
2
2
2
4
2
2
1
2
2
2
2
1
2
2
2
11
9
11
10
35
11
11
11
10
11
11
10
11
9
11
2
2
2
2
1
2
1
2
2
2
2
4
2
2
2
43
39
40
39
40
40
39
40
39
39
40
40
42
39
39
2
2
2
4
2
2
2
4
2
2
2
1
2
2
2
11
11
11
10
38
11
11
9
33
11
9
35
11
9
11
2
2
2
2
1
2
4
2
2
2
2
4
2
2
2
39
39
42
41
40
39
40
41
39
40
42
39
40
39
39
2
2
2
1
2
2
2
1
2
2
2
1
2
2
2
11
11
11
10
11
37
11
10
11
11
10
11
35
11
11
2
2
2
4
2
2
2
2
4
2
1
2
2
2
2
39
39
42
39
40
39
40
39
40
40
39
40
39
39
2
2
2
2
1
2
2
2
2
11
9
11
34
9
38
11
11
10
11
9
10
11
11
11
8
44
45
8
46
46
8
46
47
47
46
47
46
47
48
11
9
11
10
11
11
10
11
11
11
10
34
11
11
11
47
47
46
46
44
46
8
46
45
8
49
11
11
11
11
10
10
11
9
11
10
11
10
11
11
9
2
2
2
1
2
4
2
2
2
2
4
2
2
3
2
11
11
11
10
9
11
10
11
11
35
11
35
11
9
11
2
2
2
2
4
2
2
2
2
1
2
2
2
2
2
9
11
11
10
11
10
9
10
11
9
37
35
9
11
11
2
2
2
2
1
2
2
2
4
2
4
2
2
2
2
11
11
10
11
10
11
9
10
11
11
11
2
2
2
2
1
2
2
2
2
4
1
2
2
2
2
28
28
30
30
30
28
28
28
50
29
28
28
28
29
29
24
24
24
24
26
24
24
24
24
26
24
24
24
24
24
21
21
21
21
21
21
21
21
21
21
21
21
21
21
21
51
51
51
52
52
52
53
54
54
55
54
54
54
54
54
54
53
55
19
19
19
18
19
18
18
18
56
18
18
18
57
18
56
14
14
15
14
15
14
14
13
14
14
12
15
58
14
14
