252 8 25 30 2 21
3 5 1
1 22 1
1 4 1
1 4 1
1 17 1
1 2 1
1 5 0
1 13 0
1 13 1 0 1 0 0 0 0 0 
1 14 0 0 0 0 0 0 1 0 
1 14 1 0 0 0 0 0 0 0 
1 1 0 0 0 1 0 0 0 0 
0 10 0 0 0 0 0 0 1 0 
3 11 1 0 1 0 0 0 0 0 
3 15 0 0 0 1 1 1 0 0 
2 27 1 0 0 0 0 0 0 0 
2 18 0 0 0 0 0 0 1 0 
2 5 1 0 1 0 0 0 0 0 
3 24 0 0 0 1 0 0 0 0 
0 30 1 0 0 0 0 0 0 0 
0 2 1 1 1 0 0 0 0 0 
0 7 0 0 0 1 0 0 0 1 
0 13 1 0 1 0 0 0 0 0 
3 2 1 1 1 0 0 0 0 0 
3 6 0 0 0 1 0 0 0 1 
3 2 1 0 0 0 0 0 0 0 
4 13 1 0 0 0 0 0 0 0 
4 5 1 0 1 0 0 0 0 0 
5 4 0 0 0 0 0 0 1 0 
4 3 0 0 0 0 0 0 1 0 
6 4 1 0 0 0 0 0 0 0 
6 8 0 0 0 0 0 0 1 0 
4 1 0 0 0 1 0 0 0 1 
0
1
2
3
0
2
1
2
2
0
1
2
0
2
1
0
2
1
0
1
4
5
6
7
8
7
9
8
10
11
12
11
13
4
11
14
10
7
8
9
8
7
10
5
11
4
13
11
11
14
6
1
2
15
10
1
2
0
1
16
7
5
17
10
8
9
8
6
11
14
1
10
11
14
11
13
4
11
12
11
13
1
0
1
10
11
11
14
6
1
11
5
10
7
8
5
10
7
5
15
17
6
7
8
14
10
11
4
11
14
10
7
8
7
9
10
7
8
7
10
14
11
4
11
13
14
4
11
11
10
14
4
11
6
11
14
4
11
10
2
0
8
10
1
2
0
16
7
8
7
6
4
14
11
10
7
8
5
10
7
7
8
10
7
7
8
0
6
7
7
8
9
7
16
6
18
18
19
16
8
7
7
7
8
6
19
18
18
20
16
18
18
19
21
10
22
22
23
6
5
11
11
23
13
11
14
11
13
23
18
18
6
19
21
18
10
18
18
21
19
24
18
18
20
6
0
2
2
10
23
2
0
10
23
7
7
6
5
23
22
16
22
23
23
5
10
11
11
20
20
5
6
