985 8 71 400 2 64
1 5 1
1 2 1
1 29 1
1 7 0
1 65 0
1 10 0
1 3 0
1 6 0
4 17 0 0 0 0 0 0 0 0 
4 16 0 1 0 0 0 0 0 0 
4 9 1 0 0 0 0 0 0 0 
4 34 0 0 0 0 0 0 1 0 
4 3 1 0 0 1 0 0 0 0 
4 1 0 0 0 0 0 0 0 1 
4 1 1 0 0 1 1 0 0 0 
4 1 0 1 0 0 0 0 0 1 
3 1 0 0 0 0 0 0 1 0 
8 92 0 0 0 0 0 0 1 0 
5 16 1 0 0 0 0 0 0 0 
6 24 0 0 0 0 0 0 1 0 
6 5 0 0 1 0 0 0 1 0 
5 9 1 0 0 1 0 0 0 0 
8 8 1 0 0 0 0 0 0 0 
0 21 1 0 0 1 0 0 0 0 
0 13 0 0 0 0 0 0 0 1 
0 52 0 0 0 0 0 0 0 0 
0 53 0 1 0 0 0 0 0 0 
0 29 0 1 0 0 0 0 0 1 
3 1 1 0 0 0 0 0 0 0 
1 54 0 0 0 0 0 0 1 0 
1 5 1 0 0 1 0 0 0 0 
1 9 0 0 1 0 0 0 1 0 
2 24 1 0 0 0 0 0 0 0 
0 21 1 0 0 0 0 0 0 0 
0 4 0 0 0 1 0 0 0 1 
0 20 0 0 0 0 0 0 1 0 
0 4 1 0 0 1 1 0 0 0 
8 17 1 0 0 1 0 0 0 0 
0 3 0 0 1 0 0 0 1 0 
2 15 1 0 0 1 0 0 0 0 
9 4 0 0 0 0 0 0 0 0 
9 5 0 0 0 0 0 0 1 0 
9 2 1 0 0 1 0 0 0 0 
1 9 0 1 0 0 0 0 0 1 
1 4 1 0 0 1 1 0 0 0 
1 8 0 1 0 0 0 0 0 0 
1 2 1 0 0 1 0 1 0 0 
1 7 1 0 0 0 0 0 0 0 
1 2 0 1 0 1 0 0 0 1 
1 8 0 0 0 0 0 0 0 0 
1 2 0 0 0 1 0 0 0 1 
2 30 0 1 0 0 0 0 0 1 
2 18 0 0 0 0 0 0 1 0 
2 44 0 0 0 0 0 0 0 0 
2 20 0 1 0 0 0 0 0 0 
2 4 0 1 0 1 0 0 0 1 
6 18 0 0 0 0 0 0 0 0 
6 5 1 0 0 1 0 0 0 0 
6 2 0 1 0 0 0 0 0 1 
6 6 0 1 0 0 0 0 0 0 
6 1 1 0 0 1 1 0 0 0 
2 1 0 0 1 0 0 0 1 0 
2 1 0 0 0 1 0 0 0 1 
5 5 1 0 0 1 1 0 0 0 
5 20 0 1 0 0 0 0 0 1 
5 11 0 0 0 0 0 0 1 0 
5 14 0 1 0 0 0 0 0 0 
5 23 0 0 0 0 0 0 0 0 
7 19 0 0 0 0 0 0 1 0 
7 25 0 0 0 0 0 0 0 0 
8 5 1 0 0 1 1 0 0 0 
8 20 0 1 0 0 0 0 0 1 
8 28 0 0 0 0 0 0 0 0 
8 1 0 1 0 1 0 0 0 1 
8 22 0 1 0 0 0 0 0 0 
7 2 0 1 0 0 0 0 0 0 
8 1 1 0 0 1 0 1 0 0 
7 3 0 1 0 0 0 0 0 1 
5 1 0 1 0 1 0 0 0 1 
0
0
1
2
3
0
0
1
2
1
3
0
4
3
1
0
3
2
1
3
5
1
2
0
3
1
3
4
1
0
0
3
2
1
0
3
1
2
3
0
1
3
4
1
0
0
3
2
1
3
0
1
2
3
1
0
3
6
0
7
3
1
2
8
9
9
9
9
10
11
11
12
11
13
9
9
9
9
14
9
9
9
9
15
16
17
17
18
15
19
3
3
3
20
9
9
21
21
22
21
21
21
23
24
3
3
16
18
15
17
18
17
16
25
18
26
18
17
25
17
19
27
18
15
27
19
17
18
17
18
28
19
9
9
9
29
9
9
9
19
25
18
17
17
26
18
25
18
12
11
19
15
18
17
17
27
25
16
18
17
18
15
19
17
18
27
25
18
16
18
17
15
19
17
18
27
18
15
19
9
9
9
24
12
19
17
18
15
19
17
17
18
25
17
19
27
18
15
27
19
17
25
27
19
17
18
15
17
18
16
18
28
27
17
19
17
25
17
18
17
19
15
18
27
18
16
18
15
30
17
17
19
25
17
18
27
17
19
15
17
18
17
17
25
19
17
17
18
15
16
18
27
18
25
18
26
17
30
25
19
3
3
3
31
0
3
3
19
25
17
18
27
19
15
18
17
18
27
19
28
9
9
9
9
9
24
3
23
32
33
34
33
32
32
33
34
32
33
33
19
25
17
17
18
16
15
18
17
27
18
25
16
27
18
15
17
18
16
17
25
18
11
12
19
15
27
18
17
18
25
19
3
3
3
31
11
11
11
11
31
3
3
3
3
19
17
28
18
27
19
17
27
25
17
18
16
17
15
18
27
16
17
25
18
30
18
26
25
18
17
18
17
19
15
21
35
21
21
36
23
37
21
35
21
38
21
37
21
21
39
21
40
21
37
39
21
35
21
21
39
21
41
40
21
39
41
21
21
37
21
36
21
35
21
41
39
21
21
42
21
39
21
21
41
23
31
43
44
45
46
24
43
45
45
44
24
47
44
46
24
43
21
21
41
22
21
35
21
21
41
22
21
35
23
37
21
22
21
35
21
21
36
48
48
48
11
48
49
11
50
48
48
11
48
49
11
51
11
48
24
21
42
23
46
24
45
44
43
45
31
46
44
45
43
24
45
46
45
47
24
45
43
44
45
45
24
45
43
45
45
31
43
21
41
21
23
24
48
11
51
11
52
48
11
48
48
11
24
43
45
45
43
31
46
44
45
43
24
45
43
44
46
31
46
45
43
45
24
43
23
21
37
22
21
21
41
35
21
38
21
37
21
21
39
21
35
21
21
36
48
11
51
48
11
51
49
11
51
48
12
50
49
11
51
48
11
49
48
48
11
43
24
46
45
45
43
31
45
45
46
44
43
24
45
43
44
46
31
45
45
43
44
45
46
31
43
45
46
45
24
45
47
44
46
24
43
45
45
46
31
43
45
53
43
24
45
46
44
47
24
46
45
43
45
43
31
45
45
44
43
24
43
45
46
44
31
43
44
46
45
44
43
31
45
45
43
44
45
24
46
54
23
37
21
24
55
56
57
58
59
10
56
59
58
59
13
56
57
58
59
10
56
59
58
59
13
56
60
61
61
9
62
63
9
64
9
14
64
9
65
64
9
14
66
9
9
63
29
9
64
66
9
63
29
9
66
64
9
63
29
9
66
9
64
64
9
29
66
9
63
64
9
66
29
9
63
9
64
14
9
64
63
9
62
66
9
64
66
9
63
29
9
66
9
66
9
63
29
9
66
64
9
14
63
9
64
9
29
64
9
63
9
14
64
9
64
9
62
9
63
9
64
66
9
13
56
57
59
59
10
57
56
59
59
13
58
57
59
56
10
57
58
59
58
13
56
59
58
57
10
56
60
61
61
29
9
66
64
9
14
64
9
66
9
62
63
9
66
9
29
66
9
63
64
9
9
29
67
60
61
61
10
9
64
63
9
68
9
66
9
56
10
60
61
60
58
55
56
59
59
59
10
56
9
66
9
29
66
9
64
63
9
29
66
9
64
64
9
63
29
9
9
64
9
63
62
9
64
66
9
14
63
9
66
9
29
64
9
63
64
9
29
61
60
61
61
10
60
61
61
60
10
69
60
61
61
61
55
60
69
61
60
10
61
60
61
61
60
13
69
60
67
61
10
60
70
59
58
10
56
61
61
60
55
61
60
61
61
60
56
13
58
57
56
59
58
10
59
59
56
57
13
59
56
57
58
10
57
59
56
59
58
55
56
60
