133 4 26 70 2 5
1 6 1
1 5 1
1 3 0
1 2 0
1 1 0 0 0 0 
1 1 0 0 0 1 
1 7 0 0 1 1 
0 9 1 0 0 1 
4 15 0 1 0 0 
0 29 0 0 1 1 
0 12 1 0 0 0 
0 8 0 0 0 1 
0 3 0 0 1 0 
0 3 0 1 0 0 
1 5 0 1 0 0 
1 2 1 0 0 0 
1 1 0 0 1 0 
1 3 1 0 0 1 
3 2 0 1 0 0 
3 1 0 0 1 1 
3 1 0 0 1 0 
0 2 0 0 0 0 
2 6 0 0 1 1 
6 3 0 0 1 0 
6 6 0 0 1 1 
6 3 0 1 0 0 
6 1 0 0 0 1 
5 6 0 1 0 0 
2 2 0 0 1 0 
5 1 1 0 0 1 
0
1
2
2
3
4
5
6
5
4
7
8
3
4
5
8
7
4
6
5
6
9
5
4
7
5
6
5
10
2
11
10
2
12
13
14
15
14
16
6
5
4
5
7
6
5
9
5
17
5
3
4
5
17
5
3
4
5
5
6
5
4
18
4
5
6
7
5
4
7
8
3
4
5
5
4
3
5
7
4
5
6
19
20
21
22
20
6
5
9
7
5
4
3
20
21
20
21
19
3
23
20
23
5
6
5
23
5
6
5
23
20
19
13
10
18
18
10
2
11
2
2
10
13
18
24
18
23
25
24
18
23
3
