133 4 26 70 0 5
1 6 1
1 5 1
1 3 0
1 2 0
1 1 0 0 0 0 
1 1 0 0 0 1 
1 7 0 0 1 1 
0 9 1 0 0 1 
0 8 0 0 0 1 
0 3 0 0 1 0 
0 12 1 0 0 0 
0 29 0 0 1 1 
0 3 0 1 0 0 
0 2 0 0 0 0 
1 5 0 1 0 0 
1 3 1 0 0 1 
1 1 0 0 1 0 
1 2 1 0 0 0 
2 2 0 0 1 0 
2 6 0 0 1 1 
3 2 0 1 0 0 
3 1 0 0 1 1 
3 1 0 0 1 0 
4 15 0 1 0 0 
5 1 1 0 0 1 
5 6 0 1 0 0 
6 6 0 0 1 1 
6 1 0 0 0 1 
6 3 0 0 1 0 
6 3 0 1 0 0 
0
1
2
2
3
4
5
3
6
7
4
4
7
8
3
7
6
7
5
7
6
7
3
5
4
7
3
7
3
7
4
7
6
7
6
7
9
7
6
7
6
7
9
7
6
7
8
4
7
6
7
7
4
3
7
7
6
7
7
4
6
7
3
8
7
7
3
7
6
7
10
2
11
12
11
10
2
10
2
13
2
10
2
13
10
11
14
15
15
15
14
15
15
15
16
16
17
18
19
19
19
19
19
19
19
19
19
19
19
19
19
19
19
20
21
21
21
21
21
21
22
23
24
22
25
22
24
22
25
22
24
22
25
