377 2 19 1000 0 1
1 2 1
1 2 1
6 13 1 1 
0 7 0 0 
0 1 0 1 
0 1 1 1 
1 5 1 1 
1 37 0 0 
1 15 0 1 
2 62 0 0 
2 10 0 1 
3 35 1 1 
3 32 0 0 
3 23 0 1 
4 20 1 1 
4 31 0 0 
4 25 0 1 
5 12 0 0 
5 4 0 1 
6 25 0 1 
6 19 0 0 
0
1
2
1
1
1
3
1
1
1
4
5
6
5
5
6
5
4
5
5
6
5
6
5
5
6
5
6
5
6
5
6
5
6
5
6
5
5
6
5
5
5
6
5
4
5
6
5
5
5
5
6
5
5
5
6
5
5
4
5
5
5
4
5
5
5
5
7
7
7
8
7
7
7
7
7
7
7
7
8
7
7
7
7
7
7
7
7
7
7
7
7
7
7
7
7
7
7
8
7
7
7
7
7
7
7
7
7
7
8
7
7
7
8
7
7
7
7
8
7
7
7
8
7
7
7
7
7
8
7
7
7
8
7
7
7
8
7
7
9
10
9
11
9
10
9
11
9
10
9
10
9
11
10
9
10
9
11
10
9
10
11
9
11
9
10
11
9
10
9
10
9
11
10
9
11
9
10
9
10
11
10
9
10
11
9
11
10
9
11
9
10
9
10
9
10
9
11
9
10
9
10
11
10
9
10
11
11
10
9
11
10
9
10
9
11
10
9
10
9
11
9
10
11
11
10
9
10
11
12
13
14
13
14
12
14
14
12
13
12
13
12
13
12
13
14
14
13
14
12
13
12
13
14
13
14
13
12
13
14
13
12
13
14
13
12
14
14
14
14
14
13
12
13
14
13
14
13
12
13
14
12
13
14
13
14
13
14
13
12
13
14
13
12
13
12
13
14
13
12
13
12
13
14
12
15
16
15
15
15
15
16
15
16
15
15
15
15
15
16
15
17
18
17
0
18
0
18
17
17
17
18
0
17
17
0
17
0
17
18
17
17
18
0
18
17
18
0
18
17
0
18
0
18
17
17
0
18
17
18
17
17
18
17
17
18
17
18
0
18
17
18
0
17
17
18
17
