293 5 28 150 2 24
1 2 1
2 3 1
1 15 1
1 25 0
1 2 0
8 8 0 1 0 0 0 
8 2 1 1 0 0 1 
8 13 0 0 1 1 0 
7 1 0 0 1 1 0 
2 142 1 1 0 0 1 
4 23 0 1 0 0 0 
6 31 0 1 0 0 0 
6 7 1 1 0 0 1 
6 3 0 0 1 0 0 
2 1 0 1 0 0 0 
6 1 1 0 0 0 0 
1 1 1 0 1 0 0 
1 3 0 1 0 0 0 
3 6 0 0 0 0 0 
5 14 0 0 1 1 0 
0 20 0 0 0 0 0 
3 1 1 1 0 0 1 
3 1 1 0 1 0 0 
6 1 1 0 1 0 0 
4 2 0 0 1 0 0 
0 1 0 0 1 0 0 
0 4 0 1 0 0 0 
0 2 1 1 0 0 1 
0 1 1 0 1 0 0 
2 1 0 0 1 0 0 
4 1 1 1 0 0 1 
2 1 0 1 1 0 0 
6 1 0 1 1 0 0 
0
1
0
0
1
0
0
0
0
0
2
2
2
2
2
2
2
2
2
2
2
2
2
3
4
5
4
5
4
5
4
5
4
6
4
6
7
8
4
9
4
8
7
6
4
6
7
6
4
6
4
4
6
7
8
4
6
4
4
6
10
6
7
6
11
12
4
4
6
4
6
4
13
4
4
14
4
4
4
14
4
4
15
4
4
15
4
4
15
4
4
14
4
4
15
4
4
15
4
12
4
12
4
14
4
4
14
4
4
13
4
4
4
13
4
4
13
16
6
17
6
4
13
4
6
18
6
4
4
13
4
5
4
5
4
19
4
5
4
5
4
5
4
5
4
5
4
5
4
14
4
4
14
4
4
4
6
4
6
4
6
4
6
4
14
4
6
4
15
4
4
15
4
4
15
4
4
20
4
4
15
4
4
15
4
21
22
15
22
21
23
21
4
15
4
4
15
4
4
15
4
4
15
4
4
24
4
4
15
4
21
4
14
4
4
5
4
5
4
5
4
5
4
5
4
14
4
4
15
4
4
14
4
4
15
4
4
15
4
4
15
4
6
4
14
4
6
4
6
7
6
4
14
4
4
4
4
4
5
25
5
4
19
4
5
4
5
4
5
4
4
4
4
5
4
14
4
4
4
26
4
6
4
6
4
6
4
6
4
4
6
7
27
