133 4 26 70 1 5
1 6 1
1 5 1
1 3 0
1 2 0
1 1 0 0 0 0 
1 1 0 0 0 1 
1 7 0 0 1 1 
0 9 1 0 0 1 
4 15 0 1 0 0 
0 29 0 0 1 1 
0 2 0 0 0 0 
0 8 0 0 0 1 
0 3 0 0 1 0 
2 2 0 0 1 0 
2 6 0 0 1 1 
0 3 0 1 0 0 
0 12 1 0 0 0 
5 6 0 1 0 0 
6 1 0 0 0 1 
6 3 0 0 1 0 
6 3 0 1 0 0 
6 6 0 0 1 1 
5 1 1 0 0 1 
1 5 0 1 0 0 
1 3 1 0 0 1 
1 1 0 0 1 0 
3 2 0 1 0 0 
3 1 0 0 1 0 
3 1 0 0 1 1 
1 2 1 0 0 0 
0
1
2
2
3
4
5
6
3
5
4
5
7
8
3
4
9
10
4
3
5
4
10
4
3
5
11
5
5
12
5
13
14
15
3
16
17
17
16
17
12
17
16
17
15
18
13
5
12
5
13
7
8
5
12
13
5
12
5
5
13
5
12
5
5
4
3
15
17
4
10
4
3
5
8
7
4
5
12
7
5
11
3
9
7
7
11
5
12
5
5
19
20
21
2
20
19
5
7
4
5
12
5
4
10
4
12
5
12
4
5
6
4
5
12
22
23
24
22
10
25
2
19
2
19
2
25
2
19
7
10
13
20
