293 5 28 150 0 24
1 2 1
2 3 1
1 15 1
1 25 0
1 2 0
8 8 0 1 0 0 0 
8 2 1 1 0 0 1 
8 13 0 0 1 1 0 
7 1 0 0 1 1 0 
0 2 1 1 0 0 1 
0 20 0 0 0 0 0 
0 4 0 1 0 0 0 
0 1 1 0 1 0 0 
0 1 0 0 1 0 0 
1 3 0 1 0 0 0 
1 1 1 0 1 0 0 
2 142 1 1 0 0 1 
2 1 0 1 1 0 0 
2 1 0 1 0 0 0 
2 1 0 0 1 0 0 
3 1 1 0 1 0 0 
3 6 0 0 0 0 0 
3 1 1 1 0 0 1 
4 23 0 1 0 0 0 
4 1 1 1 0 0 1 
4 2 0 0 1 0 0 
5 14 0 0 1 1 0 
6 31 0 1 0 0 0 
6 7 1 1 0 0 1 
6 1 1 0 1 0 0 
6 3 0 0 1 0 0 
6 1 1 0 0 0 0 
6 1 0 1 1 0 0 
0
1
0
0
1
0
0
0
0
0
2
2
2
2
2
2
2
2
2
2
2
2
2
3
4
5
5
5
5
6
5
5
5
5
5
5
6
7
6
5
8
5
5
5
5
5
5
5
6
5
4
5
9
9
10
9
11
11
11
11
11
11
11
11
11
11
11
11
11
11
11
11
11
11
11
11
11
11
11
11
11
11
11
11
11
11
11
11
11
11
12
11
11
11
11
11
11
11
11
13
11
11
11
11
11
11
11
11
11
11
11
11
11
11
11
11
11
11
11
14
11
11
11
11
11
11
11
11
11
11
11
11
11
11
11
11
11
11
11
11
11
11
11
11
11
11
11
11
11
11
11
11
11
11
11
11
11
11
11
11
11
11
11
11
11
11
11
11
11
11
11
11
11
11
11
11
11
11
11
11
11
11
11
11
11
11
11
11
11
11
11
11
11
11
11
11
11
11
11
11
11
15
16
16
16
17
16
16
16
18
18
19
18
20
18
18
18
18
18
18
20
18
18
18
18
18
18
18
18
18
18
18
18
18
18
21
21
21
21
21
21
21
21
21
21
21
21
21
21
22
22
23
22
22
22
23
22
22
22
22
22
22
24
22
22
22
22
22
25
23
22
23
22
22
22
22
23
25
22
22
22
22
22
26
22
23
22
25
22
23
22
22
27
