293 5 28 150 1 24
1 2 1
2 3 1
1 15 1
1 25 0
1 2 0
8 8 0 1 0 0 0 
8 2 1 1 0 0 1 
8 13 0 0 1 1 0 
7 1 0 0 1 1 0 
3 1 1 1 0 0 1 
3 6 0 0 0 0 0 
2 142 1 1 0 0 1 
6 31 0 1 0 0 0 
6 1 1 0 0 0 0 
6 1 0 1 1 0 0 
6 7 1 1 0 0 1 
5 14 0 0 1 1 0 
4 23 0 1 0 0 0 
4 2 0 0 1 0 0 
0 20 0 0 0 0 0 
2 1 0 1 1 0 0 
6 3 0 0 1 0 0 
2 1 0 0 1 0 0 
6 1 1 0 1 0 0 
1 3 0 1 0 0 0 
1 1 1 0 1 0 0 
4 1 1 1 0 0 1 
3 1 1 0 1 0 0 
0 4 0 1 0 0 0 
0 1 1 0 1 0 0 
0 2 1 1 0 0 1 
2 1 0 1 0 0 0 
0 1 0 0 1 0 0 
0
1
0
0
1
0
0
0
0
0
2
2
2
2
2
2
2
2
2
2
2
2
2
3
4
5
6
6
7
6
5
6
7
6
6
7
8
9
10
7
6
7
6
7
10
7
6
6
6
11
6
12
6
12
6
12
6
12
6
12
6
5
6
6
13
6
12
6
11
6
6
12
6
14
6
12
6
14
6
7
6
11
6
7
6
14
6
6
7
10
7
6
6
7
6
6
15
6
5
6
6
6
5
6
6
11
6
7
6
7
10
7
10
16
6
6
14
6
6
6
17
6
7
6
14
6
6
7
6
11
6
6
14
6
7
18
7
6
14
6
7
6
6
14
6
7
6
11
6
6
16
6
7
10
7
6
6
14
6
7
6
6
19
20
19
6
11
6
19
6
5
6
6
12
6
12
21
12
22
12
6
12
6
11
6
12
6
12
6
14
6
6
14
6
23
6
23
24
23
25
14
6
6
6
11
6
6
26
6
6
12
6
14
6
6
11
6
12
6
14
6
6
12
6
13
6
6
12
6
6
14
6
12
6
12
6
6
11
6
12
6
14
6
12
6
27
6
23
25
14
6
6
14
6
6
6
6
11
6
6
7
6
16
6
14
6
6
7
6
6
6
6
14
6
7
6
6
11
6
7
6
7
6
6
6
7
10
7
6
6
6
11
6
