1543 12 389 20 2 296
1 20 1
1 7 0
1 4 0
1 8 0
1 2 0
1 297 0
1 13 0
1 19 0
1 8 0
1 6 0
1 56 0
1 4 0
9 12 0 0 1 0 0 0 0 0 0 0 0 0 
9 2 0 0 0 0 1 0 1 1 0 0 0 1 
9 13 0 0 0 0 1 0 0 0 1 0 0 0 
9 8 0 1 0 0 0 0 0 0 0 0 0 0 
9 3 0 0 1 1 0 0 0 0 0 0 1 1 
9 3 0 0 0 1 1 0 0 0 1 0 0 0 
9 87 0 0 0 0 0 0 0 0 0 0 0 0 
9 4 0 0 1 0 1 0 0 0 1 0 0 1 
9 24 0 0 0 0 1 0 0 0 0 0 0 0 
9 6 0 0 1 1 0 0 0 0 0 0 1 0 
9 1 0 1 0 0 0 0 0 0 1 0 0 1 
9 3 0 0 1 0 1 0 0 0 0 1 0 0 
9 2 0 0 0 0 0 0 1 0 0 0 0 1 
9 1 0 0 0 1 0 0 0 0 1 0 0 0 
9 4 0 0 1 0 0 0 0 0 0 0 0 1 
9 6 0 0 0 0 1 0 0 0 0 0 0 1 
9 2 0 0 0 1 1 0 0 1 0 1 0 0 
9 3 0 0 1 0 1 0 0 0 1 0 0 0 
9 4 0 0 0 0 0 0 0 0 1 0 0 0 
9 5 0 0 0 1 1 0 0 0 1 1 0 1 
9 1 0 1 0 1 1 0 1 0 0 0 0 0 
9 8 0 0 0 0 1 0 0 0 1 0 0 1 
9 12 0 0 0 1 0 0 0 0 0 0 0 0 
9 9 0 0 0 0 0 0 0 0 0 0 0 1 
9 4 0 0 0 0 1 0 1 1 0 0 0 0 
9 11 0 0 0 0 1 0 0 0 0 1 0 0 
9 2 0 1 1 1 0 0 0 0 0 0 1 1 
9 1 0 0 0 1 1 0 1 1 0 1 0 0 
9 3 0 0 1 0 0 0 0 0 1 0 0 1 
9 2 0 0 0 0 0 0 0 1 0 0 0 0 
9 2 0 1 0 0 1 0 0 0 0 0 0 0 
9 2 0 0 0 1 1 0 1 1 0 1 0 1 
9 4 0 1 0 0 0 0 0 0 0 0 0 1 
9 2 0 0 1 0 1 0 0 0 1 1 0 0 
9 1 0 1 0 0 1 0 1 0 0 0 0 1 
9 2 0 0 1 1 1 0 0 0 0 1 0 0 
9 1 0 0 0 1 1 0 1 0 0 0 0 0 
9 1 0 0 0 0 1 0 0 0 0 1 0 1 
9 2 0 0 1 1 0 0 0 0 1 0 0 1 
9 1 0 1 0 1 1 0 0 0 1 0 0 0 
9 1 0 0 0 1 1 0 1 1 0 0 0 1 
9 5 0 0 0 1 1 0 0 0 1 0 0 1 
9 1 0 0 1 0 0 0 0 1 0 0 0 1 
9 1 0 0 0 1 1 0 0 0 0 1 0 0 
9 1 0 0 0 0 1 1 0 0 1 0 0 1 
9 1 0 0 0 0 1 0 1 1 0 1 0 0 
9 2 0 0 0 1 1 0 0 0 1 1 0 0 
9 2 0 0 0 1 1 0 0 0 0 0 0 0 
9 3 0 1 1 1 0 0 0 0 0 0 1 0 
9 1 0 0 0 1 1 0 0 0 0 0 0 1 
9 2 0 0 1 0 0 0 0 0 1 0 0 0 
9 1 0 0 1 1 1 0 0 0 0 1 0 1 
9 1 0 1 0 0 0 0 0 0 1 0 0 0 
9 1 0 0 0 1 1 0 0 1 0 0 0 1 
9 1 0 0 0 0 1 0 0 0 1 1 0 0 
9 1 0 0 0 0 1 0 1 0 0 0 0 0 
9 1 0 0 0 0 0 0 0 0 1 0 0 1 
9 2 0 0 0 0 0 0 0 0 0 0 1 0 
9 1 0 0 0 0 1 0 0 1 0 0 0 0 
9 1 0 0 0 0 1 0 0 1 0 0 0 1 
9 1 0 0 1 1 1 0 0 0 1 1 0 0 
9 1 0 1 0 0 0 0 1 1 0 0 0 1 
9 1 0 0 0 0 0 0 0 0 0 0 1 1 
9 1 0 1 1 0 1 0 0 0 0 1 0 0 
9 1 0 0 1 0 1 0 0 0 1 1 0 1 
8 44 0 0 0 0 0 0 0 0 0 0 0 0 
13 2 0 0 0 0 1 0 0 0 0 0 0 1 
13 1 0 1 0 0 0 0 0 0 0 0 0 0 
13 1 0 0 0 1 0 0 1 1 0 0 0 0 
13 6 0 0 1 0 0 0 0 0 0 0 0 0 
13 4 0 0 0 0 1 0 0 0 0 1 0 0 
13 1 0 0 1 0 1 0 0 0 1 0 0 0 
13 4 0 0 0 0 1 0 0 0 0 0 0 0 
13 10 0 1 0 0 0 0 0 0 0 0 0 1 
13 7 0 0 0 0 0 0 0 0 0 0 0 0 
13 2 0 0 1 0 1 0 0 0 0 1 0 0 
11 3 0 0 0 0 0 0 0 0 1 0 0 0 
11 42 0 0 0 0 1 0 0 0 0 0 0 0 
11 6 0 0 0 1 0 0 0 0 0 0 0 0 
11 2 0 1 1 0 1 0 0 0 0 1 0 1 
11 88 0 0 0 0 0 0 0 0 0 0 0 0 
0 38 0 0 0 0 0 0 0 0 0 0 0 0 
0 1 0 0 0 0 1 0 1 1 0 1 0 1 
0 1 0 0 0 0 0 0 0 0 1 0 0 0 
0 1 0 0 0 1 0 0 0 0 0 0 0 0 
5 48 0 0 0 0 0 0 0 0 0 0 0 0 
5 4 0 0 0 0 1 0 0 0 0 0 0 1 
9 2 0 1 1 0 0 0 0 0 0 0 0 0 
9 1 0 1 1 0 0 0 0 0 0 0 0 1 
11 2 0 0 0 1 1 0 0 0 1 1 0 0 
11 1 0 0 0 0 1 0 0 0 0 0 0 1 
10 47 0 0 0 0 0 0 0 0 0 0 0 0 
10 6 0 1 1 0 0 0 0 0 0 0 0 0 
10 9 0 0 0 0 1 0 0 0 0 1 0 0 
10 2 0 0 0 0 0 0 0 0 1 0 0 1 
10 15 0 0 1 0 0 0 0 0 0 0 0 0 
10 13 0 0 0 0 1 0 0 0 0 0 0 0 
10 1 0 0 0 1 0 0 1 1 0 0 0 1 
10 1 0 0 0 0 1 0 0 0 1 1 0 1 
10 3 0 0 0 0 0 0 0 0 0 0 0 1 
0 8 0 0 0 0 1 0 0 0 0 1 0 0 
0 1 0 0 0 0 1 0 0 0 1 0 0 0 
0 18 0 0 0 0 1 0 0 0 0 0 0 0 
0 2 0 0 0 0 0 0 0 0 0 0 0 1 
0 2 0 0 1 1 1 0 0 0 0 1 0 0 
10 2 0 0 0 0 0 0 0 0 0 0 1 1 
10 2 0 0 0 0 0 0 1 1 0 0 0 0 
10 11 0 1 0 0 0 0 0 0 0 0 0 1 
10 1 0 0 0 0 1 0 0 0 1 0 0 0 
10 1 0 0 0 1 0 0 0 0 0 0 0 1 
10 1 0 0 0 1 1 0 0 0 1 1 0 1 
6 6 0 0 0 0 1 0 0 0 0 1 0 0 
10 1 0 0 0 0 1 0 0 0 1 0 0 1 
10 3 0 0 1 1 1 0 0 0 0 1 0 0 
10 1 0 0 0 0 1 0 0 0 0 1 0 1 
10 3 0 0 0 1 0 0 0 0 1 0 0 0 
10 1 0 1 1 0 0 0 0 0 0 0 0 1 
5 21 0 0 0 0 1 0 0 0 0 0 0 0 
5 2 0 0 0 1 0 0 0 0 0 0 0 0 
5 14 0 0 0 0 1 0 0 0 0 1 0 0 
5 9 0 1 0 0 0 0 0 0 0 0 0 0 
5 5 0 0 1 0 0 0 0 0 0 0 0 1 
5 6 0 0 0 0 0 0 0 0 1 0 0 0 
5 3 0 0 0 0 1 0 0 0 0 1 0 1 
5 4 0 1 1 0 0 0 0 0 0 0 0 0 
5 1 0 0 0 1 1 0 1 1 0 0 0 1 
5 2 0 0 0 0 0 0 0 0 1 0 0 1 
7 5 0 0 1 0 0 0 0 0 0 0 0 1 
7 5 0 0 1 1 1 0 0 0 0 1 0 0 
7 11 0 0 0 0 0 0 0 0 0 0 0 0 
7 9 0 0 0 0 1 0 0 0 0 0 0 0 
7 4 0 0 0 0 0 0 0 0 0 0 0 1 
7 17 0 0 1 0 0 0 0 0 0 0 0 0 
7 2 0 1 0 0 0 0 0 0 0 0 0 0 
7 8 0 0 0 0 1 0 0 0 0 1 0 0 
7 2 0 0 0 0 0 0 0 0 0 0 1 0 
7 1 0 0 0 0 0 0 0 0 1 0 0 1 
7 2 0 0 0 1 0 0 0 0 0 0 0 0 
1 1 0 0 0 0 0 0 0 1 0 0 0 0 
1 2 0 1 0 0 0 0 0 0 0 0 0 1 
1 2 0 0 0 1 0 0 0 0 0 0 0 1 
1 1 0 0 1 0 1 0 0 0 0 0 0 0 
1 13 0 0 0 0 0 0 0 0 0 0 0 0 
1 3 0 0 0 0 0 0 0 0 1 0 0 1 
1 7 0 0 0 0 1 0 0 0 0 1 0 0 
1 2 0 1 1 0 0 0 0 0 0 0 0 0 
1 1 0 0 0 0 1 0 0 0 1 0 0 1 
1 3 0 0 0 1 0 0 1 1 0 0 0 1 
1 14 0 0 1 0 0 0 0 0 0 0 0 0 
8 21 0 0 0 0 1 0 0 0 0 0 0 0 
8 2 0 0 0 1 0 0 0 0 1 0 0 0 
8 5 0 0 1 1 1 0 0 0 0 1 0 0 
8 3 0 0 1 0 0 0 0 0 0 0 0 1 
8 1 0 0 0 0 1 0 0 1 0 1 0 0 
8 1 0 0 0 1 1 0 0 0 0 0 0 0 
10 2 0 0 1 0 1 0 0 0 1 0 0 1 
10 1 0 0 1 0 0 0 0 0 1 0 0 1 
10 2 0 0 0 0 1 0 1 0 0 0 0 0 
11 14 0 0 0 0 1 0 0 0 0 1 0 0 
11 13 0 0 1 0 0 0 0 0 0 0 0 1 
11 6 0 1 0 0 0 0 0 0 0 0 0 0 
11 6 0 0 1 0 0 0 0 0 0 0 0 0 
11 1 0 0 0 0 0 0 0 1 0 0 0 1 
10 1 0 0 0 0 0 0 0 0 1 0 0 0 
10 1 0 0 1 0 1 0 0 0 0 0 0 0 
9 1 0 0 1 1 1 0 0 0 1 1 0 1 
11 2 0 0 0 0 1 0 0 1 0 1 0 0 
11 2 0 1 0 1 0 0 0 0 1 0 0 0 
11 4 0 0 0 0 0 0 0 0 0 0 0 1 
11 1 0 0 0 0 1 0 1 0 0 1 0 0 
11 4 0 1 0 0 0 0 0 0 1 0 0 0 
8 1 0 0 0 0 1 0 0 0 0 1 0 0 
8 2 0 0 0 1 0 0 0 0 0 0 0 0 
8 2 0 0 0 0 0 0 0 0 1 0 0 0 
8 1 0 0 0 0 1 0 0 0 0 0 0 1 
8 1 0 0 1 0 0 0 0 0 0 0 0 0 
2 2 0 0 0 0 1 0 1 0 0 0 0 0 
2 11 0 0 0 0 0 0 0 0 0 0 0 0 
0 1 0 0 1 0 0 0 0 0 0 0 0 1 
0 2 0 0 0 0 0 0 0 0 1 0 0 1 
0 3 0 1 0 0 0 0 0 0 0 0 0 0 
0 1 0 0 0 1 0 0 0 1 0 0 0 1 
0 3 0 0 1 0 0 0 0 0 0 0 0 0 
0 2 0 0 0 0 0 0 0 0 0 0 1 1 
0 1 0 0 0 1 1 0 0 0 0 0 0 0 
6 2 0 1 0 0 0 0 0 0 1 0 0 1 
6 22 0 0 0 0 1 0 0 0 0 0 0 0 
6 25 0 0 0 0 0 0 0 0 0 0 0 0 
6 7 0 0 0 0 0 0 0 0 1 0 0 0 
6 4 0 0 0 0 0 0 0 0 0 0 0 1 
6 1 0 0 0 0 0 0 1 0 0 0 0 0 
6 3 0 0 0 0 1 0 0 0 0 0 0 1 
6 1 0 0 0 0 0 0 0 1 0 0 0 0 
6 2 0 0 0 1 0 0 0 0 1 0 0 0 
6 2 0 1 0 0 0 0 0 0 0 0 0 1 
8 1 0 1 0 0 0 0 0 0 0 0 0 0 
8 3 0 0 0 0 0 0 0 0 0 0 0 1 
1 5 0 0 1 1 1 0 0 0 0 1 0 0 
1 3 0 0 0 0 1 0 0 0 0 0 0 1 
1 11 0 0 0 0 1 0 0 0 0 0 0 0 
1 3 0 0 0 0 0 0 1 1 0 0 0 1 
1 3 0 0 0 0 1 0 0 0 1 0 0 0 
1 2 0 1 0 0 0 0 0 0 0 0 0 0 
1 6 0 0 0 0 0 0 0 0 0 0 0 1 
1 1 0 0 0 1 0 0 1 1 0 0 0 0 
5 3 0 0 0 0 0 0 0 0 0 0 0 1 
5 2 0 1 1 0 1 0 0 0 0 1 0 0 
5 5 0 0 0 0 0 0 0 0 0 0 1 0 
5 3 0 0 1 0 1 0 0 0 1 1 0 1 
5 1 0 0 0 1 1 0 0 0 1 1 0 0 
5 1 0 0 0 0 1 0 0 1 0 0 0 1 
5 12 0 0 1 0 0 0 0 0 0 0 0 0 
6 2 0 0 0 0 1 0 0 0 0 1 0 1 
5 1 0 0 0 1 0 0 0 0 0 0 0 1 
5 1 0 0 1 0 1 0 0 0 0 0 0 1 
5 1 0 0 0 0 1 1 0 0 1 0 0 0 
5 11 0 1 0 0 0 0 0 0 0 0 0 1 
5 5 0 0 1 1 1 0 0 0 0 1 0 0 
11 16 0 1 0 0 0 0 0 0 0 0 0 1 
11 1 0 0 1 1 1 0 0 0 0 0 0 1 
6 3 0 0 0 0 1 0 1 0 0 0 0 0 
6 2 0 0 0 0 0 0 0 0 1 0 0 1 
11 1 0 1 1 0 1 0 0 0 0 1 0 0 
11 5 0 0 1 0 1 0 0 0 0 1 0 0 
11 1 0 0 0 0 0 0 0 0 0 0 1 1 
11 1 0 0 0 0 1 0 0 0 1 0 0 0 
11 1 0 0 0 1 0 0 0 1 0 0 0 0 
6 1 0 0 0 0 1 0 1 0 0 1 0 0 
6 1 0 0 0 0 1 0 1 0 0 0 0 1 
12 1 0 1 0 0 0 0 0 1 0 0 0 1 
12 7 0 0 0 0 1 0 0 0 0 0 0 0 
12 6 0 0 1 0 0 0 0 0 0 0 0 0 
12 4 0 0 0 1 0 0 0 0 1 0 0 0 
12 4 0 0 0 0 1 0 0 0 0 0 0 1 
12 7 0 0 0 0 1 0 0 0 0 1 0 0 
12 9 0 0 0 0 0 0 0 0 0 0 0 0 
12 5 0 1 0 0 0 0 0 0 0 0 0 1 
12 2 0 0 0 1 0 0 0 0 0 0 0 0 
12 2 0 0 0 0 0 0 0 0 1 0 0 0 
12 1 0 0 0 0 0 0 1 1 0 0 0 0 
5 2 0 1 0 0 0 0 0 0 0 0 1 1 
5 1 0 0 1 0 1 0 0 0 0 0 0 0 
5 1 0 0 0 1 0 0 0 0 1 0 0 0 
1 3 0 0 1 0 0 0 0 0 0 0 0 1 
1 1 0 0 1 0 1 0 0 0 0 1 0 0 
1 2 0 0 0 1 0 0 0 0 1 0 0 0 
1 3 0 0 0 1 0 0 0 1 0 0 0 1 
5 1 0 0 0 0 1 0 1 0 0 1 0 0 
1 1 0 0 0 0 1 0 1 1 0 0 0 0 
1 1 0 0 1 0 0 0 0 0 1 0 0 1 
0 1 0 0 1 0 0 0 0 0 1 0 0 1 
2 1 0 0 0 1 1 0 0 0 0 1 0 0 
2 1 0 0 0 0 0 0 0 0 1 0 0 0 
2 1 0 0 1 0 0 0 0 0 0 0 0 0 
2 3 0 0 0 0 1 0 0 0 0 0 0 0 
2 1 0 1 1 0 1 0 0 0 0 1 0 0 
2 1 0 0 0 0 1 0 0 0 1 0 0 0 
2 1 0 0 0 0 0 0 0 0 0 0 0 1 
2 1 0 0 0 0 1 0 0 0 0 1 0 0 
2 1 0 0 0 1 1 0 0 1 0 0 0 0 
13 1 0 0 0 1 0 0 0 0 0 0 0 0 
13 1 0 0 0 0 1 0 1 0 0 0 0 1 
13 1 0 1 1 0 0 0 0 0 0 0 0 0 
7 1 0 1 0 0 0 0 0 0 1 0 0 1 
7 1 0 0 0 0 1 0 1 0 0 1 0 1 
7 4 0 0 0 0 1 0 0 0 0 0 0 1 
7 1 0 0 0 0 0 0 0 1 0 0 0 0 
7 3 0 0 0 0 0 0 0 0 1 0 0 0 
10 2 0 1 0 0 0 0 0 0 0 0 0 0 
10 3 0 0 0 0 1 0 0 0 0 0 0 1 
10 1 0 0 0 1 0 0 0 0 1 0 0 1 
10 1 0 0 0 1 1 0 0 0 0 0 0 1 
10 1 0 0 0 0 1 0 1 0 0 0 0 1 
5 3 0 0 1 0 1 0 0 0 0 1 0 0 
5 2 0 0 0 1 1 0 0 0 0 0 0 0 
5 2 0 0 0 0 1 0 0 0 1 0 0 1 
4 1 0 0 0 0 1 0 0 1 0 1 0 0 
4 4 0 0 1 0 0 0 0 0 0 0 0 0 
4 2 0 0 0 0 0 0 0 0 0 0 0 0 
4 1 0 1 0 0 0 0 0 0 0 0 0 0 
4 1 0 0 1 0 0 0 0 0 1 0 0 1 
4 1 0 0 0 0 1 0 0 0 0 0 0 0 
4 1 0 0 0 0 0 0 0 0 0 0 0 1 
4 1 0 0 0 0 1 0 0 1 0 0 0 1 
4 1 0 1 1 0 0 0 0 0 0 0 0 0 
11 2 0 0 1 0 0 0 0 0 1 0 0 1 
11 2 0 0 0 1 0 0 1 0 0 0 0 0 
11 1 0 1 1 0 0 0 0 0 0 0 0 1 
12 1 0 0 0 0 0 0 0 1 0 0 0 1 
12 1 0 0 1 0 1 0 0 0 0 1 0 0 
12 2 0 1 0 0 0 0 0 0 0 0 0 0 
12 1 0 1 0 1 0 0 0 0 1 0 0 0 
12 1 0 0 0 0 0 0 0 0 0 0 0 1 
12 1 0 0 0 1 0 0 0 1 0 0 0 0 
7 1 0 0 0 1 0 0 0 0 1 0 0 1 
7 1 0 0 0 0 0 0 1 0 0 0 0 0 
7 3 0 1 1 0 0 0 0 0 0 0 0 0 
7 1 0 0 1 0 1 0 0 0 1 0 0 1 
5 1 0 0 0 0 0 0 0 1 0 0 0 0 
5 1 0 0 0 0 0 0 0 0 0 0 1 1 
5 1 0 0 0 0 1 0 0 0 1 0 0 0 
5 2 0 0 0 1 1 0 0 0 0 0 0 1 
8 1 0 0 0 0 0 0 1 0 0 0 0 0 
11 1 0 0 0 0 1 0 0 1 0 0 0 0 
0 1 0 0 0 1 0 0 0 0 1 0 0 0 
0 1 0 0 0 1 1 0 0 0 1 1 0 0 
0 1 0 1 1 0 0 0 0 0 0 0 0 0 
6 3 0 0 1 0 0 0 0 0 0 0 0 0 
6 1 0 0 0 1 1 0 0 1 0 1 0 1 
6 1 0 0 0 0 1 0 0 0 1 0 0 0 
6 1 0 0 0 1 0 0 0 0 0 0 0 1 
7 2 0 0 0 0 1 0 0 0 0 1 0 1 
7 1 0 0 0 0 0 1 0 0 1 0 0 0 
7 1 0 0 0 1 1 0 1 0 0 1 0 0 
7 1 0 0 0 1 0 0 0 0 0 0 0 1 
3 12 0 0 0 0 0 0 0 0 0 0 0 0 
7 1 0 0 0 0 1 0 0 0 1 0 0 0 
7 1 0 0 0 1 1 0 0 0 0 0 0 0 
7 1 0 0 0 1 0 0 0 0 1 0 0 0 
7 1 0 0 0 0 1 0 1 1 0 0 0 0 
3 1 0 1 0 0 1 0 0 0 0 0 0 0 
3 8 0 0 0 0 1 0 0 0 0 0 0 0 
3 1 0 0 1 0 0 0 0 0 0 0 0 1 
3 1 0 0 0 0 1 0 0 0 0 1 0 0 
3 2 0 0 1 0 0 0 0 0 0 0 0 0 
3 1 0 0 0 0 0 0 0 0 0 0 0 1 
3 1 0 1 0 0 1 0 1 0 0 0 0 0 
3 1 0 0 0 1 0 0 0 0 0 0 0 0 
3 1 0 0 1 0 0 0 0 0 1 0 0 0 
13 1 0 0 0 0 0 0 0 0 0 0 0 1 
11 1 0 0 1 1 1 0 0 0 0 1 0 0 
11 1 0 0 0 1 1 0 0 1 0 1 0 0 
11 1 0 1 0 1 0 0 1 0 0 0 0 1 
5 1 0 0 1 0 1 0 0 0 1 0 0 1 
1 1 0 0 1 0 1 0 0 0 1 1 0 1 
1 1 0 0 0 0 0 0 1 0 0 0 0 0 
1 1 0 0 0 1 1 0 0 0 1 1 0 1 
1 1 0 0 0 1 0 0 0 0 0 0 0 0 
1 1 0 0 0 0 0 0 0 0 1 0 0 0 
14 2 0 1 1 0 0 0 0 0 0 0 0 0 
14 7 0 0 1 0 0 0 0 0 0 0 0 0 
14 5 0 0 0 0 1 0 0 0 0 1 0 0 
14 2 0 0 1 0 0 0 0 0 0 0 0 1 
14 1 0 0 1 0 1 0 0 0 0 0 0 0 
14 1 0 0 0 0 1 0 0 0 1 0 0 0 
14 1 0 1 0 0 0 0 0 0 0 0 0 1 
14 1 0 0 0 1 1 0 0 0 1 0 0 0 
14 3 0 0 1 1 1 0 0 0 0 0 0 1 
3 1 0 0 1 0 1 0 0 0 0 0 0 0 
3 1 0 0 0 1 1 0 0 0 0 0 0 0 
3 1 0 1 0 0 0 0 0 0 0 0 0 0 
3 1 0 0 0 0 1 0 1 0 0 1 0 0 
8 1 0 0 0 1 1 0 0 0 0 0 0 1 
8 1 0 1 1 0 0 0 0 0 0 0 0 0 
14 1 0 0 0 0 0 0 0 0 1 0 0 0 
11 1 0 0 0 1 0 0 0 1 0 0 0 1 
11 1 0 0 1 0 1 0 0 0 0 0 0 0 
10 1 0 0 0 0 0 0 0 0 0 0 1 0 
10 1 0 0 1 1 1 0 0 0 0 0 0 1 
10 1 0 1 1 0 0 0 0 0 1 0 0 1 
1 1 0 0 0 1 1 0 0 1 0 1 0 0 
12 1 0 0 0 0 1 0 0 0 1 0 0 0 
12 1 0 0 1 0 0 0 0 0 0 0 0 1 
12 1 0 0 0 1 1 0 0 1 0 0 0 0 
0 1 0 0 0 1 0 0 0 0 1 0 0 1 
0 2 0 0 1 0 1 0 0 0 0 1 0 0 
6 1 0 1 0 1 0 0 0 0 1 0 0 1 
6 1 0 0 0 0 1 0 1 1 0 1 0 0 
11 1 0 1 0 1 0 0 0 0 0 0 0 0 
11 1 0 1 0 0 1 0 0 0 0 1 0 1 
5 1 0 1 0 0 0 0 1 1 0 0 0 1 
11 1 0 0 0 1 0 0 0 0 1 0 0 0 
11 1 0 1 0 0 0 0 1 1 0 0 0 0 
11 1 0 0 0 0 0 0 0 0 1 0 0 1 
2 1 0 0 0 0 0 0 0 1 0 0 0 1 
11 1 0 0 0 0 1 0 1 0 0 0 0 0 
11 1 0 0 1 0 1 0 0 0 1 0 0 0 
14 1 0 0 0 0 1 0 1 0 0 1 0 1 
14 1 0 0 1 0 0 0 0 0 1 0 0 0 
14 1 0 0 0 0 1 0 0 0 0 0 0 0 
14 1 0 0 0 0 0 0 0 0 0 0 0 0 
14 1 0 0 1 0 1 0 0 0 0 1 0 0 
14 1 0 0 0 0 1 0 0 0 0 0 0 1 
6 1 0 0 0 0 1 0 0 0 1 1 0 1 
6 1 0 1 0 0 0 0 0 0 0 0 0 0 
6 1 0 0 0 0 0 1 0 0 0 0 0 1 
0 1 0 0 1 0 1 0 0 0 0 0 0 0 
0 1 0 0 0 1 0 0 0 1 0 0 0 0 
0 1 0 0 0 0 1 0 0 0 1 1 0 0 
0
1
2
3
4
5
6
6
7
6
8
9
10
11
12
8
13
2
14
15
16
17
3
15
18
9
19
8
6
20
14
21
6
22
21
6
8
22
21
23
8
24
18
25
26
8
6
2
15
6
27
28
8
6
25
4
2
29
23
19
9
30
6
2
6
6
31
6
8
6
5
32
11
6
6
6
6
22
33
6
34
22
17
6
6
4
6
6
6
35
23
6
6
22
28
6
8
3
35
6
6
21
0
36
6
37
6
5
6
6
14
2
3
6
19
6
24
0
32
8
19
6
6
8
38
29
23
6
39
6
32
7
6
6
40
9
25
21
6
8
25
41
6
6
42
43
6
21
30
31
9
44
6
8
41
6
25
23
8
3
6
28
24
22
22
2
0
6
6
6
41
0
25
3
22
6
6
18
6
22
6
0
8
6
2
26
45
6
0
46
7
47
6
7
6
1
48
46
49
8
50
51
52
8
50
53
54
55
23
9
2
3
15
16
12
2
21
0
15
25
2
48
56
25
24
57
41
0
23
8
33
23
58
22
17
23
8
41
48
2
6
59
60
57
21
6
6
6
6
6
6
0
22
6
61
2
0
47
6
6
6
38
6
6
25
32
6
6
8
6
19
6
3
6
14
8
6
62
6
63
18
8
6
6
6
25
6
15
22
6
6
6
64
6
8
65
66
67
68
69
66
70
71
72
73
72
74
75
73
72
76
77
78
79
80
80
77
81
82
83
81
84
85
86
25
87
0
88
80
89
80
80
90
91
92
91
93
91
94
95
96
97
96
91
92
96
91
98
95
91
91
99
92
100
81
101
81
102
103
104
81
102
81
81
92
105
93
106
96
107
95
108
109
93
91
95
107
91
91
91
110
95
91
99
111
92
91
91
112
91
113
91
96
107
96
106
95
114
115
96
91
116
96
94
91
117
118
119
120
121
117
85
117
122
123
124
85
85
125
85
119
126
85
120
85
127
128
129
130
131
132
133
134
135
132
136
137
134
132
138
139
140
141
142
143
144
145
142
146
147
148
144
73
74
73
69
65
149
150
65
149
65
149
65
151
65
65
65
65
149
152
153
65
65
154
65
155
107
91
91
93
91
107
96
156
157
80
158
159
80
80
160
159
89
80
77
160
161
162
80
91
113
107
163
99
91
91
93
95
105
91
115
164
107
91
157
95
96
91
91
165
8
87
11
80
77
80
77
159
166
80
167
80
77
168
158
80
77
80
159
169
170
78
159
149
65
149
65
152
171
172
173
65
174
175
65
149
65
172
151
65
65
149
152
176
177
177
100
178
102
81
102
179
100
81
180
81
181
182
102
81
183
102
81
81
184
185
186
187
111
187
186
187
186
188
111
189
186
187
190
191
192
193
186
194
186
65
151
65
149
65
65
195
196
149
65
197
198
142
199
200
201
202
197
140
199
148
199
203
144
148
142
203
143
204
148
205
206
85
117
207
85
85
208
120
117
85
85
121
85
209
85
120
210
211
117
187
212
188
186
85
124
117
213
119
85
214
85
215
216
85
217
80
218
77
80
159
77
80
166
218
77
80
80
159
80
158
218
77
80
219
80
220
221
222
80
80
77
78
223
224
170
80
77
80
158
161
77
218
225
226
80
77
218
227
187
191
187
186
187
185
111
187
186
189
186
187
187
191
188
111
187
228
186
229
230
231
232
233
234
235
230
231
236
235
232
231
234
237
230
236
238
239
117
121
85
119
240
241
122
117
85
206
85
242
86
211
85
117
216
119
85
117
147
201
142
197
139
199
199
148
143
142
144
199
243
142
244
203
245
148
246
117
216
247
211
85
117
85
208
85
120
118
117
205
119
85
211
85
122
240
217
203
248
142
148
198
197
202
249
142
144
203
148
142
142
197
200
199
245
243
81
100
180
102
81
81
250
100
81
81
81
177
177
251
252
253
176
177
254
254
177
255
177
177
256
257
177
258
177
177
259
73
69
70
73
74
69
74
73
260
261
262
70
69
72
73
69
74
70
73
74
130
132
131
130
129
128
263
137
264
132
130
132
265
266
267
128
91
91
268
269
95
93
270
96
91
95
107
93
91
95
271
268
95
91
272
91
273
122
216
117
211
119
85
274
85
86
120
273
207
275
85
117
85
216
217
85
102
81
81
81
276
277
278
279
277
280
281
282
277
278
277
283
284
158
78
285
80
77
218
80
80
223
80
77
160
285
77
286
158
80
77
80
287
234
235
232
288
233
289
235
233
290
234
235
230
231
230
291
292
234
231
293
269
91
92
91
91
269
91
113
91
107
91
130
132
265
129
134
132
294
129
295
296
265
134
129
132
297
129
129
128
216
85
119
85
122
121
216
85
298
273
299
300
301
124
149
65
65
149
65
149
65
302
65
151
65
65
65
149
65
196
149
149
150
65
223
218
303
80
80
132
134
127
180
102
304
100
81
102
81
81
102
182
305
103
81
102
306
81
100
187
220
221
186
187
307
186
187
308
187
186
188
186
189
186
187
111
307
309
310
130
132
311
133
132
312
127
313
129
132
129
311
132
267
130
314
296
134
135
127
315
316
132
265
134
127
317
318
132
130
131
134
296
319
129
132
267
128
131
130
129
320
315
321
322
315
323
315
324
321
325
321
315
326
315
321
327
321
328
315
321
329
75
73
74
77
170
330
80
80
168
77
80
160
77
161
331
76
218
80
80
77
80
77
332
211
119
216
211
85
126
119
211
117
216
274
211
119
85
85
333
120
119
207
121
199
142
148
147
334
80
80
80
218
77
80
80
223
80
77
218
148
201
246
148
144
199
335
198
145
142
336
337
148
199
203
199
243
144
338
246
339
340
341
342
343
341
344
340
340
345
340
341
340
340
346
341
339
347
315
321
315
348
315
315
315
349
350
321
324
351
65
65
149
65
65
151
65
149
65
149
196
173
149
65
352
353
65
65
65
149
354
347
341
342
80
77
80
218
223
286
77
80
159
80
80
170
158
80
355
356
80
77
218
158
95
96
91
115
95
107
91
93
357
95
107
96
91
358
91
91
93
359
91
91
200
148
360
148
236
361
235
236
234
231
237
233
235
232
230
290
234
235
236
235
230
362
363
238
123
120
85
117
211
85
301
122
119
216
211
85
117
85
208
85
117
207
216
119
182
102
364
102
81
365
81
81
102
81
366
187
367
187
189
187
186
188
79
80
80
77
80
159
368
80
158
159
80
76
77
80
80
80
369
80
80
80
86
85
217
370
85
117
211
85
275
120
217
85
205
207
124
123
80
77
371
77
161
80
218
158
80
80
159
77
372
80
161
77
80
80
78
155
80
158
218
77
80
80
168
158
161
80
218
80
77
373
77
80
160
159
77
80
254
374
375
167
80
80
158
159
77
80
77
218
376
80
78
158
80
168
80
160
77
80
377
347
378
379
380
340
381
382
187
193
186
187
383
187
186
384
186
307
212
188
186
385
187
187
220
194
186
188
104
183
81
102
81
365
81
179
102
81
81
100
81
386
81
102
387
388
