1263 11 348 25 0 32
1 3 1
1 20 1
1 9 0
1 7 0
1 20 0
1 18 0
1 5 0
1 11 0
1 4 0
1 3 0
1 33 0
14 5 0 0 0 1 0 0 0 0 0 0 0 
14 18 0 0 0 0 0 0 0 0 0 0 0 
14 3 0 0 0 0 0 0 0 0 1 0 0 
14 2 1 0 0 1 0 0 0 0 0 0 1 
14 1 0 0 1 0 1 1 0 1 1 1 0 
14 16 1 0 0 0 0 0 0 0 0 0 0 
14 1 0 0 0 0 0 0 1 0 0 1 0 
14 1 0 0 0 1 0 0 0 0 0 1 0 
14 1 1 0 1 0 0 0 0 0 1 0 0 
14 1 0 0 0 1 0 1 0 0 1 0 0 
14 1 0 0 0 0 0 0 1 1 0 1 0 
14 2 0 0 0 0 0 0 0 0 1 0 1 
14 2 0 0 1 0 0 0 0 0 1 0 0 
13 1 0 0 0 1 1 1 0 0 1 0 0 
0 3 0 0 0 0 0 0 0 0 1 1 0 
0 95 0 0 0 0 0 0 0 0 0 0 0 
0 2 1 0 0 0 0 0 1 0 0 0 0 
0 1 0 0 0 1 0 0 0 1 0 1 0 
0 9 0 0 0 0 0 0 1 0 0 1 0 
0 19 1 0 0 0 0 0 0 0 0 0 0 
0 10 0 0 1 0 0 0 0 0 0 0 0 
0 1 1 0 0 0 0 1 0 0 1 0 0 
0 2 0 0 0 0 0 0 1 1 0 1 0 
0 9 0 0 0 0 0 0 0 0 1 0 0 
14 3 1 0 0 0 0 0 1 0 1 0 0 
14 3 1 0 0 0 0 0 0 0 0 1 0 
14 2 1 0 1 0 0 0 0 0 0 0 0 
14 2 1 0 0 0 0 0 0 0 1 0 0 
14 1 0 0 0 0 0 0 0 0 0 1 0 
14 1 1 0 1 1 0 0 1 0 1 0 0 
14 1 1 0 0 0 0 0 0 0 1 1 0 
14 1 0 0 0 0 0 0 1 0 0 0 0 
14 2 1 0 0 0 0 0 0 1 0 1 0 
13 4 0 0 0 0 0 0 0 0 1 0 0 
13 27 0 0 0 0 0 0 0 0 0 0 0 
13 2 1 0 1 0 0 0 0 0 0 0 0 
13 3 1 0 0 0 0 0 0 0 0 0 0 
13 1 0 0 1 0 0 0 1 0 1 0 0 
13 1 0 0 0 0 0 0 0 1 0 1 0 
13 1 1 0 0 0 0 0 1 0 1 0 0 
13 2 0 0 1 0 0 0 0 0 0 0 0 
13 1 1 0 0 0 0 0 0 0 0 1 0 
13 1 0 0 0 0 0 0 1 0 1 0 0 
14 1 1 0 0 1 0 0 1 0 1 1 0 
12 37 0 0 0 0 0 0 0 0 0 0 0 
12 1 0 0 1 0 1 0 0 0 1 0 0 
12 6 1 0 0 0 0 0 0 0 0 0 0 
12 3 0 0 0 0 0 0 1 0 0 0 0 
12 3 0 0 0 0 0 0 0 0 1 1 0 
12 3 0 0 0 1 0 0 0 0 0 0 0 
12 1 0 0 0 0 0 0 1 0 0 1 0 
12 1 1 0 1 0 0 0 0 0 1 0 0 
12 1 0 0 0 1 0 0 0 1 0 1 0 
12 2 0 0 0 0 1 1 0 0 1 0 0 
13 3 0 0 0 0 0 0 1 0 0 0 0 
13 1 0 0 1 0 0 0 0 0 1 0 1 
13 1 1 0 0 0 0 0 1 1 1 1 0 
13 1 0 0 0 1 0 0 0 0 1 1 0 
11 1 0 0 0 0 1 1 0 0 1 1 0 
11 1 0 0 0 1 0 0 1 0 0 1 0 
11 8 1 0 0 0 0 0 0 0 0 0 0 
11 29 0 0 0 0 0 0 0 0 0 0 0 
11 2 0 0 0 0 0 0 0 0 1 1 0 
11 5 0 0 1 0 0 0 0 0 0 0 0 
11 4 0 0 0 0 0 0 1 1 0 1 0 
11 3 0 0 0 0 0 0 0 0 1 0 0 
11 9 0 0 0 0 0 0 0 0 0 1 0 
11 1 0 0 0 0 0 0 1 0 1 1 0 
11 1 0 0 1 1 0 0 0 0 0 0 0 
11 2 0 0 0 0 1 1 0 0 0 1 0 
11 1 0 0 0 0 0 0 1 0 1 0 0 
11 4 1 0 0 0 0 0 0 0 0 1 0 
12 2 0 0 0 1 0 0 0 0 1 1 0 
12 1 1 0 1 0 0 0 1 0 0 0 0 
12 1 0 0 0 0 0 0 0 1 0 1 0 
12 5 0 0 0 0 0 0 0 0 0 1 0 
12 3 0 0 1 0 0 0 0 0 0 0 0 
12 1 0 0 0 1 1 1 0 0 1 0 0 
12 1 0 0 0 0 0 0 1 1 0 1 0 
9 4 0 0 0 0 0 0 0 0 1 0 0 
9 23 0 0 0 0 0 0 0 0 0 0 0 
9 1 1 0 0 0 0 0 0 0 0 1 0 
9 3 0 0 1 0 0 0 0 0 1 0 1 
9 3 0 0 0 0 0 0 1 0 0 1 0 
9 1 0 0 0 1 0 0 0 0 0 0 0 
9 6 1 0 0 0 0 0 0 0 1 0 0 
9 4 0 0 0 0 0 0 0 0 0 1 0 
9 1 1 0 1 0 0 0 1 1 1 1 0 
9 2 0 0 0 0 0 1 0 0 0 1 0 
9 1 0 0 0 1 1 0 0 0 1 0 0 
9 1 1 0 0 0 0 0 1 0 1 0 0 
9 1 0 0 0 0 0 0 0 0 1 1 0 
12 1 1 0 0 0 0 0 1 0 1 1 0 
12 1 0 0 1 1 0 0 1 0 0 0 0 
12 4 0 0 0 0 0 0 0 0 1 0 0 
12 2 0 0 0 0 1 1 0 1 0 1 0 
12 1 0 0 1 1 0 0 0 0 0 0 0 
12 1 0 0 0 0 0 0 0 0 1 0 1 
11 2 1 0 1 0 0 0 0 0 0 0 0 
11 1 1 0 0 0 0 0 1 0 1 1 0 
11 1 0 0 0 1 1 1 0 0 0 1 0 
11 1 0 0 0 0 0 0 1 0 0 0 0 
12 1 0 0 1 1 0 0 1 0 0 1 0 
8 41 0 0 0 0 0 0 0 0 0 0 0 
8 11 1 0 0 0 0 0 0 0 0 0 0 
8 2 1 0 0 0 0 0 1 1 1 1 0 
8 3 1 0 1 0 0 0 0 0 0 0 0 
8 4 0 0 0 1 0 0 0 0 1 0 0 
8 3 0 0 0 0 0 0 0 0 0 1 0 
8 4 1 0 0 0 0 0 1 0 1 0 0 
8 2 0 0 0 1 0 0 0 1 1 1 0 
8 5 0 0 0 0 0 0 0 0 1 0 0 
11 1 0 0 0 0 0 0 0 0 1 0 1 
11 1 1 0 1 0 0 0 1 0 0 0 0 
11 2 0 0 0 1 0 0 0 0 0 0 0 
11 2 1 0 0 0 0 0 1 0 1 0 0 
11 1 0 0 0 0 0 0 0 1 0 1 0 
11 1 0 0 0 0 1 0 0 0 1 1 0 
11 1 0 0 0 1 0 1 0 0 0 0 0 
9 2 1 0 0 0 0 0 1 0 1 1 0 
9 1 0 0 0 1 0 0 0 0 1 0 0 
9 3 1 0 0 0 0 0 0 0 0 0 0 
9 1 0 0 0 0 0 0 0 1 0 1 0 
9 2 0 0 0 0 0 0 1 0 0 0 0 
11 1 0 0 1 0 1 1 0 0 0 0 0 
11 1 0 0 0 1 0 0 0 0 1 1 0 
11 1 0 0 1 0 1 0 0 0 0 0 0 
11 2 0 0 0 0 0 0 1 0 0 1 0 
7 1 0 0 0 1 0 0 0 0 1 0 0 
7 19 0 0 0 0 0 0 0 0 0 0 0 
7 2 0 0 0 0 0 0 0 0 1 0 0 
7 1 0 0 0 0 0 0 1 1 0 1 0 
7 3 0 0 0 1 0 0 0 0 0 0 0 
7 1 0 0 0 0 0 0 0 0 0 1 0 
9 2 0 0 0 0 0 0 1 0 1 0 0 
9 1 0 0 0 0 1 1 0 0 0 1 0 
8 1 0 0 1 0 0 0 1 0 0 0 0 
8 1 0 0 0 0 0 0 0 1 1 1 0 
8 7 1 0 0 0 0 0 0 0 1 0 0 
8 1 0 0 0 1 1 1 0 0 0 1 0 
6 7 0 0 0 0 0 0 1 1 0 1 0 
6 75 0 0 0 0 0 0 0 0 0 0 0 
6 1 0 0 0 1 0 0 0 0 1 1 0 
6 2 0 0 1 0 0 0 0 0 0 0 0 
6 6 0 0 0 0 0 0 1 0 0 0 0 
6 11 1 0 0 0 0 0 0 0 0 0 0 
6 5 0 0 0 0 0 0 0 0 1 1 0 
6 11 0 0 0 0 0 0 1 0 0 1 0 
6 9 0 0 0 1 0 0 0 0 0 0 0 
6 8 0 0 0 0 0 0 0 1 0 1 0 
6 2 0 0 1 0 1 1 0 0 1 1 0 
6 20 0 0 0 0 0 0 0 0 0 1 0 
8 6 0 0 0 1 0 0 0 0 0 0 0 
8 3 0 0 0 0 0 0 0 0 1 0 1 
8 2 0 0 0 0 0 0 0 1 0 1 0 
8 2 0 0 0 0 0 0 1 0 1 0 0 
8 1 0 0 0 1 0 0 0 0 1 1 0 
8 3 0 0 0 0 0 0 1 0 0 0 0 
8 1 0 0 0 0 0 1 0 0 0 0 0 
8 2 0 0 0 0 0 0 0 0 1 1 0 
8 1 0 0 0 0 1 0 0 0 1 0 0 
8 4 0 0 1 0 0 0 0 0 0 0 0 
8 2 0 0 0 1 0 0 0 1 0 1 0 
4 16 0 0 0 0 0 0 0 0 0 0 0 
4 3 1 0 0 0 0 0 0 0 0 0 0 
8 2 1 0 0 0 0 0 0 0 0 1 0 
8 1 1 0 1 0 0 0 1 0 1 0 0 
8 1 0 0 0 0 0 1 0 1 0 1 0 
8 3 0 0 0 0 0 0 1 0 0 1 0 
6 1 0 0 1 0 1 1 0 1 1 1 0 
6 2 0 0 0 0 0 0 1 0 1 1 0 
6 4 1 0 0 0 0 0 0 0 0 1 0 
6 2 0 0 1 0 0 0 1 0 1 1 0 
6 2 1 0 0 0 0 0 0 1 0 1 0 
8 1 0 0 0 0 0 1 0 0 1 0 0 
8 1 0 0 1 1 1 0 0 0 0 0 0 
3 2 0 0 0 0 0 0 1 0 1 0 0 
3 4 0 0 0 0 0 0 0 0 0 1 0 
3 15 0 0 0 0 0 0 0 0 0 0 0 
6 2 0 0 0 1 0 0 0 0 0 1 0 
6 2 0 0 0 0 0 1 0 0 1 0 0 
6 2 0 0 1 0 1 0 0 0 0 0 0 
6 1 0 0 0 1 0 0 1 0 1 0 0 
6 4 0 0 0 0 0 0 0 0 1 0 1 
2 7 1 0 0 0 0 0 0 0 0 0 0 
2 8 0 0 0 1 0 0 0 0 0 0 0 
2 4 0 0 1 0 0 0 1 0 1 0 0 
2 3 1 0 0 0 0 0 0 0 0 1 0 
2 61 0 0 0 0 0 0 0 0 0 0 0 
2 2 1 0 0 0 0 0 0 0 1 1 0 
2 4 1 0 0 0 0 0 0 1 0 1 0 
2 3 0 0 0 1 0 0 0 0 1 0 0 
2 2 0 0 1 0 0 0 0 0 0 0 0 
2 6 1 0 0 0 0 0 0 0 1 0 0 
2 3 0 0 0 0 0 0 1 0 0 0 0 
2 1 0 0 0 1 1 1 0 0 1 0 0 
6 1 0 0 0 1 0 0 1 0 1 1 0 
6 3 0 0 0 0 0 0 0 0 1 0 0 
6 1 1 0 0 1 0 0 0 0 0 0 1 
6 1 0 0 0 0 0 1 0 0 0 1 0 
6 2 1 0 0 0 0 0 1 0 1 1 0 
1 44 0 0 0 0 0 0 0 0 0 0 0 
1 2 0 0 0 1 0 0 0 0 0 1 0 
1 1 0 0 0 0 0 0 1 0 1 0 0 
1 3 1 0 0 0 0 0 0 0 0 1 0 
1 1 0 0 1 0 0 0 0 0 0 0 0 
1 1 1 0 0 1 0 0 1 1 1 1 0 
1 7 0 0 0 0 0 0 1 0 0 0 0 
1 1 1 0 0 0 0 0 0 0 1 0 0 
6 3 0 0 0 1 0 0 0 1 1 1 0 
6 1 0 0 0 0 1 0 0 0 0 0 0 
6 1 1 0 0 0 0 0 0 0 1 0 0 
6 3 0 0 1 0 0 0 0 0 1 0 1 
2 1 0 0 0 1 1 1 0 1 0 1 0 
6 1 1 0 0 0 0 0 0 0 1 1 0 
6 1 0 0 0 1 0 0 0 1 0 1 0 
6 1 0 0 0 0 0 1 0 1 0 1 0 
0 3 0 0 0 1 0 0 0 0 0 1 0 
0 6 0 0 0 0 0 0 1 0 0 0 0 
0 7 0 0 0 1 0 0 0 0 0 0 0 
0 3 0 0 0 0 1 1 0 1 0 1 0 
6 1 0 0 0 1 0 0 0 0 1 0 0 
1 3 0 0 0 0 0 0 1 0 0 1 0 
1 5 0 0 0 1 0 0 0 0 0 0 0 
1 1 0 0 1 0 0 0 1 0 1 1 0 
1 2 0 0 0 0 0 0 0 0 0 1 0 
1 3 1 0 0 0 0 0 0 0 0 0 0 
1 1 0 0 0 0 0 0 0 0 1 0 0 
6 1 1 0 0 0 0 0 1 0 1 0 0 
6 2 0 0 0 0 1 1 0 0 0 1 0 
6 1 0 0 0 1 0 0 1 0 0 1 0 
0 6 0 0 0 0 0 0 0 1 0 1 0 
0 1 0 0 1 0 1 1 0 0 1 0 0 
0 1 0 0 0 1 0 0 1 0 1 1 0 
0 3 1 0 0 0 0 0 1 0 1 0 0 
0 4 0 0 0 0 0 0 0 0 0 1 0 
6 1 0 0 1 1 0 0 0 0 0 0 0 
6 1 1 0 0 0 0 0 1 0 0 0 0 
1 1 0 0 0 1 0 0 0 0 1 0 0 
1 1 0 0 1 0 0 0 1 0 1 0 0 
1 1 0 0 0 1 0 0 0 1 1 1 0 
1 1 0 0 0 0 1 1 0 0 0 1 0 
1 1 1 0 0 0 0 0 1 0 1 1 0 
6 1 1 0 1 0 0 0 1 0 1 0 0 
0 2 1 0 0 1 0 0 0 0 1 1 0 
0 1 0 0 0 0 0 1 0 0 0 1 0 
0 1 0 0 1 0 0 0 0 0 1 0 0 
0 3 0 0 0 0 0 0 1 0 1 0 0 
1 2 0 0 0 0 0 0 1 1 0 1 0 
1 1 0 0 0 1 0 1 0 0 1 0 0 
1 1 1 0 1 0 0 0 0 0 0 0 0 
1 1 1 0 0 0 0 0 1 0 0 0 0 
1 1 0 0 0 0 0 0 0 0 1 1 0 
0 1 0 0 0 0 0 0 0 0 1 0 1 
0 1 0 0 1 1 1 1 0 0 0 0 0 
0 1 1 0 0 0 0 0 0 0 1 1 0 
0 1 1 0 1 0 0 0 0 0 0 0 0 
0 1 0 0 0 1 0 0 0 0 1 1 0 
0 2 1 0 0 0 0 0 0 0 0 1 0 
1 1 0 0 1 1 0 0 0 0 0 0 0 
1 1 0 0 0 0 0 1 0 0 1 0 0 
1 1 0 0 0 0 0 0 0 1 0 1 0 
0 3 1 0 0 0 0 0 1 0 1 1 0 
0 1 1 0 1 0 0 0 1 0 1 0 0 
0 1 0 0 0 1 0 0 1 1 0 1 0 
2 2 0 0 0 0 0 0 1 0 0 1 0 
2 1 0 0 0 0 1 1 0 0 1 0 0 
2 1 0 0 1 0 0 0 1 1 1 1 0 
2 2 1 0 0 0 0 0 1 0 1 1 0 
2 1 0 0 1 1 0 0 1 0 1 0 0 
0 1 1 0 0 1 0 0 0 0 0 0 1 
2 5 1 0 1 0 0 0 0 0 0 0 0 
2 1 0 0 0 1 0 0 0 0 1 1 0 
2 1 0 0 0 1 0 0 1 0 0 0 0 
2 7 0 0 0 0 0 0 0 0 1 0 0 
2 3 0 0 0 0 0 0 0 0 0 1 0 
2 2 0 0 0 0 0 0 1 0 1 0 0 
2 1 1 0 0 0 0 0 1 0 0 0 0 
0 1 0 0 0 0 0 0 0 1 1 1 0 
0 1 0 0 1 0 1 0 0 0 0 0 0 
0 1 0 0 0 0 0 1 0 0 0 0 0 
2 1 1 0 0 1 0 0 0 0 1 1 0 
2 1 1 0 0 0 0 0 1 0 1 0 0 
2 1 0 0 0 0 0 0 0 1 0 1 0 
2 1 0 0 0 1 1 1 0 0 0 0 0 
0 1 0 0 0 1 1 1 0 0 1 0 0 
2 1 1 0 0 0 0 0 0 1 1 1 0 
2 1 0 0 0 0 0 0 0 0 1 0 1 
2 1 1 0 1 0 0 0 1 0 1 0 0 
2 2 0 0 0 1 0 0 0 0 0 1 0 
0 1 1 0 0 0 0 0 0 0 1 0 0 
2 1 1 0 0 1 0 0 0 0 0 0 1 
2 1 0 0 0 0 1 0 0 0 1 1 0 
2 1 0 0 0 0 0 0 1 1 0 1 0 
2 1 0 0 1 1 0 0 0 0 0 0 0 
2 1 0 0 0 0 0 0 0 0 1 1 0 
2 1 0 0 0 1 1 1 0 1 1 1 0 
2 1 0 0 0 0 0 1 0 0 0 0 0 
2 1 1 0 1 0 0 0 1 0 1 1 0 
3 1 0 0 0 0 0 0 0 1 0 1 0 
3 2 0 0 0 1 0 0 0 0 0 0 0 
3 1 0 0 0 0 0 0 0 0 1 1 0 
3 1 0 0 0 0 0 0 0 0 1 0 0 
3 1 0 0 0 0 0 0 1 1 0 1 0 
3 1 0 0 1 1 1 1 0 0 0 0 0 
4 1 0 0 0 0 0 0 0 0 1 1 0 
4 1 0 0 0 0 0 0 0 1 0 1 0 
4 1 0 0 0 0 0 0 0 0 1 0 0 
4 1 0 0 1 0 0 0 0 0 0 0 0 
4 1 1 0 0 1 0 0 0 0 1 1 0 
5 2 0 0 0 0 0 0 0 0 0 1 0 
5 1 1 0 0 0 0 0 1 0 0 0 0 
5 5 0 0 0 0 0 0 0 0 0 0 0 
5 1 1 0 0 0 0 0 0 0 0 1 0 
5 2 1 0 0 0 0 0 0 0 0 0 0 
6 2 1 0 1 0 0 0 0 0 0 0 0 
7 1 0 0 0 0 0 0 1 0 1 0 0 
7 1 0 0 0 1 0 0 0 0 0 1 0 
7 1 0 0 0 0 0 0 1 0 0 0 0 
7 1 0 0 0 0 1 1 0 0 0 1 0 
8 1 0 0 1 0 0 0 0 0 1 0 1 
9 1 0 0 0 0 1 1 0 0 1 1 0 
9 1 0 0 1 0 0 0 0 0 1 0 0 
9 2 0 0 1 0 0 0 0 0 0 0 0 
9 1 0 0 0 0 0 0 0 0 1 0 1 
10 1 1 0 0 0 0 0 0 1 0 1 0 
10 3 0 0 0 0 0 0 0 0 1 0 0 
10 2 1 0 0 0 0 0 1 0 1 0 0 
10 3 0 0 0 0 0 0 0 0 0 0 0 
10 1 1 0 0 0 0 0 0 0 0 0 0 
10 1 1 0 0 0 0 0 1 0 0 0 0 
10 1 0 0 0 0 0 0 0 1 0 1 0 
11 1 0 0 0 1 1 0 0 0 0 1 0 
11 1 1 0 0 1 0 1 0 0 1 1 0 
11 1 0 0 1 0 0 0 0 0 1 0 1 
11 1 1 0 0 0 0 0 0 0 1 1 0 
12 1 0 0 0 1 1 1 0 0 0 0 0 
12 1 0 0 1 0 0 0 1 0 0 0 0 
13 1 0 0 0 0 0 0 0 0 1 0 1 
13 1 1 0 0 0 0 0 1 0 1 1 0 
13 1 1 0 0 1 0 0 1 0 0 0 0 
13 1 0 0 0 0 0 0 0 0 0 1 0 
13 1 0 0 1 0 0 0 1 0 0 0 0 
13 1 1 0 0 0 0 0 0 0 1 1 0 
14 2 1 0 0 0 0 0 1 0 1 1 0 
14 1 1 0 0 0 0 0 1 0 0 0 0 
14 1 0 0 1 0 0 0 0 0 1 0 1 
14 1 0 0 0 1 0 0 0 1 0 1 0 
0
1
2
3
1
1
0
4
5
1
1
0
1
6
3
2
1
7
8
1
9
10
5
2
1
5
11
1
0
12
1
13
14
15
16
17
15
15
15
18
19
15
20
21
15
15
22
23
19
15
15
15
24
25
1
26
27
28
5
1
24
5
11
25
1
29
25
1
30
5
31
32
33
34
35
34
33
34
34
36
34
37
34
34
34
38
39
34
40
41
34
42
5
5
1
43
5
44
45
44
46
47
48
44
49
44
44
50
44
51
44
52
44
44
53
44
44
54
55
36
34
34
56
34
34
34
57
54
35
34
34
36
58
59
60
61
62
63
61
64
65
66
61
61
67
60
68
61
60
69
70
71
44
44
72
73
44
74
44
46
75
49
46
47
48
46
76
44
77
44
44
78
79
80
81
82
80
83
84
85
86
80
80
87
79
80
88
89
80
90
80
91
76
44
92
44
44
75
44
93
44
94
44
95
44
44
48
96
46
44
97
44
66
61
65
98
66
61
99
61
100
61
65
64
61
63
66
60
101
66
61
60
75
44
44
102
53
103
104
103
103
105
103
103
106
107
103
103
108
109
103
103
103
110
104
103
111
69
61
112
113
66
61
60
66
114
115
66
61
116
61
115
66
61
63
117
118
80
119
80
80
85
80
83
120
80
121
80
82
122
123
85
80
80
80
119
79
124
71
61
61
125
61
64
60
126
62
60
61
127
98
128
129
129
129
129
130
131
132
129
129
133
82
80
134
135
121
80
86
85
103
108
109
103
103
104
107
136
103
137
103
103
138
103
139
109
103
103
138
103
140
141
141
142
143
144
145
146
141
141
147
148
145
149
150
141
147
145
141
151
138
152
103
153
154
104
155
103
106
156
157
104
158
159
104
103
160
161
162
109
163
163
163
164
111
152
165
103
103
166
103
103
167
107
104
168
153
104
161
159
103
103
152
138
140
141
141
141
151
144
169
145
148
141
170
141
171
141
141
172
141
173
141
141
138
103
152
168
174
103
103
110
106
103
168
153
104
103
103
155
103
154
138
175
176
177
178
178
178
177
178
178
107
161
140
151
141
141
146
144
141
179
180
145
149
181
141
151
182
141
151
141
183
149
184
185
186
187
188
188
188
189
188
188
190
191
192
188
193
188
194
184
195
188
171
144
141
173
141
141
196
141
141
151
197
147
141
198
149
141
199
141
200
141
201
202
201
203
201
204
205
201
206
201
201
201
201
207
201
201
208
201
207
201
209
145
143
210
141
147
146
141
148
151
141
211
140
141
141
151
212
141
151
141
193
188
188
213
188
186
187
188
188
214
141
151
141
147
215
141
151
141
141
172
141
141
141
148
170
145
141
216
141
15
217
218
20
15
15
23
218
15
15
15
14
19
219
20
19
220
15
15
23
151
148
141
147
141
212
151
141
140
221
145
151
141
141
147
141
145
150
141
140
201
202
201
201
222
201
201
201
223
224
201
201
225
226
201
223
201
222
227
201
149
141
228
229
148
151
141
212
147
141
141
209
141
147
141
197
141
141
141
230
19
15
231
232
19
15
15
233
15
15
15
15
234
231
219
15
23
235
15
15
200
236
141
171
141
146
141
237
149
141
183
151
181
179
147
180
151
141
145
149
207
201
201
238
225
201
201
239
201
201
223
240
207
201
241
201
201
242
201
201
151
243
148
149
141
183
147
141
15
15
244
218
15
245
246
15
15
231
247
15
15
19
219
18
20
15
23
15
248
226
223
249
201
226
222
201
250
207
223
204
201
201
251
252
201
201
201
248
19
253
254
15
19
15
15
15
255
15
15
18
15
256
15
257
16
15
15
258
201
207
259
260
261
201
207
204
201
15
219
262
15
15
15
231
263
219
15
15
15
262
15
15
15
20
264
15
15
193
188
188
265
266
188
188
185
267
185
188
188
268
188
188
193
188
188
269
190
15
15
15
235
23
270
15
18
23
20
15
19
247
219
220
15
15
15
262
15
188
271
272
188
273
190
188
274
275
271
188
276
184
188
188
274
184
185
192
277
278
15
15
19
18
15
15
244
279
15
280
22
23
19
219
15
234
20
15
15
188
281
188
188
282
188
283
188
284
274
185
276
187
188
188
186
188
190
188
191
18
19
15
14
15
20
18
19
15
285
231
19
15
218
235
19
15
23
258
20
194
286
185
188
287
184
275
188
288
188
289
193
188
188
184
186
188
289
188
274
15
19
18
15
220
20
15
15
18
15
290
217
15
15
247
15
15
19
231
218
291
274
188
188
271
292
188
185
274
293
188
193
188
188
188
268
294
188
188
295
218
15
15
217
15
234
235
15
19
15
296
188
271
188
274
265
188
185
189
188
188
271
275
194
188
191
184
188
297
298
178
178
178
299
300
178
301
178
178
178
177
176
300
177
178
178
302
178
303
304
163
163
164
163
305
164
163
163
163
306
163
163
307
308
163
163
163
309
163
163
310
311
312
312
313
312
310
314
312
312
314
140
183
148
151
145
141
146
144
315
148
229
197
141
171
141
144
209
315
141
151
316
129
129
129
132
132
130
129
129
129
129
129
317
318
129
129
319
129
129
129
320
162
138
108
157
103
111
104
152
157
111
161
111
165
103
103
105
103
152
104
321
322
86
123
121
79
80
80
83
85
323
324
80
86
80
134
80
85
88
323
325
326
327
328
329
328
326
330
328
331
327
326
63
332
61
333
61
61
127
61
71
61
334
71
61
114
61
335
61
61
64
63
94
336
44
75
94
44
47
76
72
44
44
75
94
44
44
44
337
49
46
95
33
34
54
338
34
34
40
339
34
34
34
340
33
34
341
34
342
343
34
34
32
344
1
5
5
12
344
5
0
5
27
1
345
5
346
5
5
347
24
26
