981 5 115 20 1 27
1 3 1
1 27 1
1 28 1
1 18 1
1 4 1
0 1 0 0 0 1 1 
1 14 0 0 0 0 0 
1 5 1 0 0 0 0 
1 1 0 0 1 0 0 
2 25 0 0 0 0 0 
2 4 1 0 0 0 1 
2 2 0 0 0 1 0 
3 7 0 0 0 0 0 
4 4 0 0 0 0 1 
4 41 0 0 0 0 0 
5 40 0 0 0 0 0 
6 42 0 0 0 0 0 
5 3 0 0 0 1 1 
5 22 1 0 0 0 0 
5 2 0 1 1 0 0 
6 7 1 0 0 0 0 
6 1 0 0 1 0 0 
6 15 1 0 0 0 1 
7 38 0 0 0 0 0 
8 38 1 0 0 0 1 
8 146 0 0 0 0 0 
8 43 1 0 0 0 0 
8 2 0 0 0 1 1 
9 1 1 1 0 0 1 
4 8 1 0 0 0 1 
10 9 1 0 0 0 1 
5 1 0 0 1 0 1 
8 9 0 0 0 1 0 
6 6 0 0 0 0 1 
11 7 0 0 0 0 0 
6 1 0 1 0 0 0 
12 78 0 0 0 0 0 
12 1 1 0 0 1 1 
9 12 1 0 0 0 0 
9 11 0 0 0 0 1 
12 15 1 0 0 0 0 
9 32 1 0 0 0 1 
9 37 0 0 0 0 0 
9 1 1 0 1 0 0 
9 5 0 0 0 1 0 
1 3 0 0 0 0 1 
0 9 1 0 0 0 1 
0 39 0 0 0 0 0 
12 1 1 1 0 0 0 
7 7 0 0 0 0 1 
8 16 0 0 0 0 1 
9 1 1 0 1 0 1 
4 3 0 0 0 1 1 
4 1 0 1 0 0 0 
4 10 1 0 0 0 0 
12 2 1 0 0 1 0 
12 6 0 0 0 0 1 
0 10 1 0 0 0 0 
6 1 0 1 1 0 1 
7 6 1 0 0 0 0 
5 8 0 0 0 0 1 
2 11 1 0 0 0 0 
2 1 0 1 1 0 0 
4 1 1 0 0 1 0 
8 1 0 0 1 0 0 
7 1 1 1 0 0 0 
5 2 1 0 0 1 0 
13 1 0 0 0 0 1 
9 3 0 0 1 0 0 
8 2 0 1 0 0 0 
0 6 0 0 0 0 1 
8 1 1 1 1 0 0 
6 1 1 1 1 0 1 
6 1 0 0 0 1 0 
10 11 0 0 0 0 0 
10 4 1 0 0 0 0 
10 1 0 0 0 0 1 
2 3 0 0 0 0 1 
12 1 0 0 0 1 1 
5 3 1 0 0 0 1 
12 1 1 1 1 0 0 
12 6 0 0 0 1 0 
5 1 0 0 0 1 0 
6 1 0 1 0 0 1 
4 1 0 0 1 0 0 
4 4 0 0 0 1 0 
4 3 0 1 1 0 0 
10 1 0 0 0 1 1 
3 1 0 0 0 0 1 
8 3 1 0 1 0 0 
7 5 0 0 0 1 0 
2 1 0 0 1 0 0 
7 1 0 1 0 0 0 
9 1 0 1 1 0 0 
9 1 0 1 0 0 0 
8 1 0 1 1 0 0 
2 1 0 0 0 1 1 
0 1 0 1 1 0 1 
12 1 0 1 1 0 0 
10 1 0 0 0 1 0 
13 1 1 0 0 0 0 
13 7 0 0 0 0 0 
11 1 1 0 0 0 1 
8 4 0 1 0 0 1 
0 1 0 0 0 1 0 
5 1 1 1 1 0 1 
0 1 0 1 0 0 1 
12 1 0 1 0 0 0 
0 1 0 0 1 0 0 
8 1 0 0 1 0 1 
11 2 0 0 0 0 1 
9 1 0 0 0 1 1 
5 1 0 1 0 0 1 
12 1 0 0 1 0 0 
12 1 0 1 1 0 1 
12 1 1 0 0 0 1 
7 1 0 1 1 0 0 
9 1 1 0 0 1 0 
7 1 1 1 1 0 1 
0 1 0 1 1 0 0 
0
1
2
1
1
3
1
4
4
5
6
4
4
7
7
8
9
9
10
11
10
12
13
10
14
10
10
15
16
11
17
7
7
18
19
20
20
21
20
22
21
20
20
23
9
9
9
24
9
9
9
25
10
10
13
10
26
27
21
20
20
19
11
11
15
28
29
13
10
11
17
30
11
31
32
31
31
33
34
31
35
31
31
36
37
37
38
34
37
33
39
40
2
1
1
41
42
42
43
18
44
18
21
20
45
21
20
27
19
18
18
18
25
42
42
42
46
37
37
37
36
1
1
1
47
48
49
31
31
25
20
20
21
20
20
19
20
20
20
19
31
31
50
31
31
19
20
31
35
51
31
31
42
52
53
18
54
18
18
36
39
37
33
34
7
13
10
55
13
18
18
36
18
18
54
44
18
33
39
34
56
4
57
17
11
11
28
15
11
11
17
11
9
9
8
58
9
9
24
9
9
9
24
9
9
37
36
20
20
19
59
18
60
44
18
61
10
20
19
20
20
21
62
20
20
20
19
20
20
19
20
20
20
21
39
34
33
37
63
36
64
20
20
19
20
20
21
45
20
20
52
65
42
13
10
10
22
15
11
11
17
11
20
20
19
20
20
66
20
45
21
20
20
19
10
10
13
12
10
37
21
20
20
20
19
20
20
19
20
20
20
17
11
11
11
67
68
11
13
65
42
69
70
69
71
70
37
37
36
37
4
56
72
31
35
73
31
13
10
55
13
10
10
74
10
10
13
55
31
75
31
31
36
76
31
31
36
37
37
36
42
42
52
42
65
52
42
65
13
10
77
17
11
11
11
15
78
79
49
31
51
35
31
31
25
9
9
49
80
9
36
42
37
33
34
37
21
20
45
21
20
7
24
9
81
80
36
18
18
54
18
44
21
20
20
20
19
20
20
70
69
69
82
35
31
31
74
10
10
13
83
64
21
20
45
20
84
20
45
21
27
20
20
20
19
20
20
20
36
37
37
36
31
31
35
51
31
76
36
10
10
13
55
10
13
14
72
56
31
31
17
11
11
11
17
6
4
35
31
31
36
37
37
33
34
31
35
31
31
41
42
42
42
11
17
85
18
18
5
86
87
33
37
37
36
20
20
20
19
42
42
42
41
85
18
52
42
42
41
31
31
35
51
31
31
31
36
88
37
20
20
19
20
27
21
44
18
54
9
8
9
49
9
9
24
9
9
9
24
9
9
9
9
24
9
81
49
47
20
21
20
45
21
20
34
33
37
37
36
37
37
33
34
37
13
10
12
13
10
10
36
37
89
63
37
36
31
31
31
36
42
42
42
24
9
80
49
55
10
10
13
55
20
21
20
20
45
21
20
90
21
20
45
21
20
20
21
91
4
56
4
72
56
20
20
19
20
20
10
74
10
10
13
55
10
21
27
92
52
42
42
19
20
20
19
20
20
20
19
20
20
21
28
85
18
35
28
11
11
11
17
31
31
93
31
36
7
69
69
25
69
94
25
18
18
95
37
34
35
31
31
25
96
96
96
97
18
18
54
85
98
84
20
1
36
4
4
56
4
4
4
5
4
4
5
4
4
42
41
99
42
52
65
42
52
29
29
100
10
10
13
55
10
13
10
8
9
49
9
47
4
56
4
101
52
42
42
41
42
42
41
31
31
31
36
9
9
80
19
20
20
84
45
20
20
21
20
98
21
20
69
25
69
69
70
76
31
19
20
20
21
45
4
56
18
18
18
36
37
63
21
51
76
31
102
36
31
31
31
31
25
69
20
20
19
31
31
35
76
31
19
20
20
20
19
20
20
20
21
103
98
21
20
20
19
20
27
21
45
20
20
19
20
20
19
20
11
11
17
11
11
11
17
11
27
21
104
20
21
20
98
20
21
20
20
19
29
29
29
17
11
11
9
49
28
11
50
31
31
36
11
11
15
28
9
49
29
105
49
81
9
17
11
11
15
11
106
33
37
37
36
96
96
2
105
4
56
20
45
20
21
18
44
18
85
13
107
108
31
36
37
37
33
40
1
1
2
40
1
2
1
20
19
27
20
21
31
31
51
35
31
31
109
35
31
31
41
31
31
31
110
76
31
35
31
31
36
20
20
21
20
20
19
18
111
20
20
45
21
20
27
45
21
20
20
19
20
20
20
19
20
20
21
45
4
56
4
34
112
31
18
113
18
18
54
44
18
21
20
20
19
96
96
36
39
42
42
65
52
42
42
41
42
42
56
4
20
19
20
114
61
