1283 12 173 20 2 246
1 3 1
1 5 1
12 60 0
1 8 0
1 247 0
1 38 0
1 25 0
1 16 0
41 60 0
1 47 0
1 14 0
1 19 0
2 159 0 0 0 0 0 0 0 0 1 0 0 0 
2 21 1 0 0 0 0 0 0 0 0 0 0 0 
2 43 0 0 1 0 0 0 0 0 0 0 0 0 
2 2 0 0 1 1 0 1 0 0 0 0 0 0 
2 4 1 0 0 1 0 0 0 1 0 0 0 0 
2 1 1 0 0 0 0 0 1 0 0 1 1 1 
2 13 1 0 0 1 0 0 0 0 0 0 0 0 
2 1 1 1 0 0 0 0 0 0 0 0 1 0 
2 1 0 0 1 1 0 0 0 0 0 0 0 0 
2 5 1 1 0 1 0 0 0 0 0 0 0 0 
2 1 1 0 0 0 0 0 0 0 0 0 1 0 
2 1 1 0 0 0 0 0 1 0 0 0 0 0 
2 1 1 0 0 0 0 0 0 0 0 0 0 1 
2 2 0 0 1 0 0 1 0 0 0 0 0 0 
2 1 0 0 1 0 0 0 0 0 0 0 1 0 
2 1 0 0 1 0 1 0 0 0 0 0 1 1 
2 1 0 0 0 0 0 0 0 0 1 0 1 0 
2 1 1 1 0 1 0 0 1 1 0 0 0 0 
2 1 1 1 0 0 0 0 1 0 0 0 1 1 
1 20 1 1 0 0 0 0 0 0 0 0 0 0 
7 28 0 0 0 0 0 0 0 0 1 0 0 0 
7 3 1 1 0 0 0 0 0 0 0 0 0 0 
7 3 1 0 0 0 0 0 0 0 0 0 0 0 
7 1 0 0 1 1 0 0 0 0 0 0 0 0 
7 1 1 1 0 0 0 0 0 0 0 1 0 1 
7 9 0 0 1 0 0 0 0 0 0 0 0 0 
3 13 0 0 0 0 0 0 0 0 1 0 0 0 
3 1 1 0 0 0 0 0 0 0 0 0 0 0 
9 3 1 1 0 0 0 0 0 1 0 0 0 0 
5 1 0 0 1 1 0 1 0 0 0 0 0 0 
5 79 0 0 0 0 0 0 0 0 1 0 0 0 
9 9 1 0 0 0 0 0 0 0 0 0 0 0 
0 83 0 0 0 0 0 0 0 0 1 0 0 0 
0 22 0 0 1 0 0 0 0 0 0 0 0 0 
9 4 1 1 0 0 0 0 0 0 0 0 0 0 
15 5 0 0 1 1 0 0 0 0 0 0 0 0 
15 19 0 0 0 0 0 0 0 0 1 0 0 0 
9 1 1 0 0 0 0 0 0 0 0 0 1 0 
9 1 1 1 0 0 0 0 1 0 0 0 0 1 
9 4 1 0 0 0 0 0 0 1 0 0 0 0 
12 173 0 0 0 0 0 0 0 0 1 0 0 0 
12 17 1 0 0 1 0 0 0 0 0 0 0 0 
12 10 1 1 0 0 0 0 0 0 0 0 0 0 
12 54 0 0 1 0 0 0 0 0 0 0 0 0 
1 15 1 0 0 1 0 0 0 0 0 0 0 0 
11 31 0 0 0 0 0 0 0 0 1 0 0 0 
10 3 0 0 0 0 0 0 0 0 1 0 0 0 
9 2 1 1 0 1 0 0 0 1 0 0 0 0 
9 1 1 0 0 0 0 0 0 0 0 0 1 1 
9 1 1 1 0 0 0 0 1 0 0 0 0 0 
5 15 0 0 1 0 0 0 0 0 0 0 0 0 
16 15 1 0 0 1 0 0 0 0 0 0 0 0 
16 6 0 0 1 0 0 0 0 0 0 0 0 0 
16 2 1 1 0 0 0 0 0 0 0 0 0 0 
16 3 0 0 1 1 0 1 0 0 0 0 0 0 
16 5 1 0 0 0 0 0 0 0 0 0 0 0 
16 2 0 0 0 0 0 0 0 0 1 0 0 0 
1 1 1 0 0 0 0 0 1 1 0 0 0 0 
1 48 0 0 0 0 0 0 0 0 1 0 0 0 
1 3 0 0 1 1 0 0 0 0 0 0 0 0 
1 15 0 0 1 0 0 0 0 0 0 0 0 0 
1 1 1 1 0 0 0 0 0 0 0 1 1 0 
1 9 1 0 0 0 0 0 0 0 0 0 0 0 
13 5 0 0 1 0 0 0 0 0 0 0 0 0 
13 2 1 0 0 0 0 0 0 0 0 0 0 0 
13 16 0 0 0 0 0 0 0 0 1 0 0 0 
1 2 1 1 0 1 0 0 0 0 0 0 0 0 
1 2 1 0 0 0 0 0 0 0 0 0 0 1 
12 1 1 1 0 0 0 0 0 1 0 0 0 0 
12 6 0 0 1 1 0 1 0 0 0 0 0 0 
12 2 1 1 0 0 0 0 0 0 0 0 1 1 
1 10 1 1 0 0 0 0 0 1 0 0 0 0 
8 29 0 0 0 0 0 0 0 0 1 0 0 0 
5 2 1 0 0 0 0 0 0 0 0 0 0 0 
5 1 1 1 0 0 0 0 1 1 0 0 0 0 
0 5 1 1 0 0 0 0 0 0 0 0 0 0 
4 1 1 1 0 0 0 0 0 0 0 1 1 1 
4 3 0 0 0 0 0 0 0 0 1 0 0 0 
4 2 0 0 1 0 0 0 0 0 0 0 0 0 
4 3 1 0 0 0 0 0 0 0 0 0 0 0 
1 4 1 1 0 0 0 0 1 0 0 0 0 0 
1 4 1 1 0 0 0 0 0 0 0 0 1 1 
9 1 1 0 0 0 0 0 0 0 0 1 1 1 
13 1 1 1 0 0 0 0 1 0 0 0 0 0 
13 1 0 0 1 1 0 0 0 0 0 0 0 0 
13 2 0 0 1 0 0 1 0 0 0 0 0 0 
15 3 0 0 1 0 0 0 0 0 0 0 0 0 
4 1 1 0 0 1 0 0 1 0 0 0 0 0 
6 54 0 0 0 0 0 0 0 0 1 0 0 0 
6 9 1 1 0 0 0 0 0 0 0 0 0 0 
6 2 1 0 0 0 0 0 0 1 0 0 0 0 
0 1 1 1 0 1 0 0 1 1 0 0 0 0 
6 1 1 1 0 0 0 0 0 0 0 0 0 1 
6 1 0 0 1 0 0 0 0 0 0 0 0 0 
6 2 1 1 0 0 0 0 1 0 0 0 0 0 
16 1 1 1 0 0 0 0 0 1 0 0 0 0 
12 1 1 0 0 0 0 0 0 0 0 0 0 1 
12 1 1 1 0 0 0 0 0 0 0 1 1 0 
1 1 1 0 0 1 0 0 0 1 0 0 0 0 
12 2 0 0 1 0 0 1 0 0 0 0 0 0 
9 6 1 0 0 1 0 0 0 0 0 0 0 0 
9 1 1 1 0 0 0 0 1 0 0 1 1 0 
0 3 1 1 0 1 0 0 0 0 0 0 0 0 
0 1 0 0 1 0 0 0 0 0 0 0 0 1 
5 1 0 0 1 1 0 0 0 0 0 0 0 0 
0 1 1 0 0 1 0 0 0 0 0 0 0 0 
0 1 0 0 1 0 0 1 0 0 0 0 0 0 
12 1 1 0 0 1 0 0 0 1 0 0 0 0 
6 1 1 1 0 0 0 0 1 0 0 1 0 1 
6 1 1 1 0 0 0 0 0 1 0 0 0 0 
6 3 1 0 0 0 0 0 0 0 0 0 0 0 
5 1 1 0 0 0 0 0 1 0 0 0 0 0 
1 1 1 0 0 0 0 0 0 0 0 0 1 1 
5 2 0 0 0 0 0 0 0 0 1 0 1 0 
1 1 1 1 0 0 0 0 1 0 0 0 0 1 
13 1 0 0 1 0 1 0 0 0 0 0 0 0 
1 1 1 1 0 1 0 0 0 1 0 0 0 0 
1 1 1 0 0 0 0 0 1 0 0 1 0 1 
12 1 1 1 0 0 0 0 0 0 0 0 1 0 
9 1 1 1 0 0 0 0 0 0 0 0 0 1 
9 2 1 1 0 1 0 0 1 1 0 0 0 0 
13 1 1 1 0 0 0 0 0 0 0 0 0 0 
13 1 0 0 1 0 0 0 0 0 0 0 1 1 
1 2 1 1 0 0 0 0 0 0 0 1 0 0 
12 1 1 1 0 0 0 0 1 0 0 0 1 1 
12 3 1 0 0 0 0 0 0 0 0 0 0 0 
6 2 0 0 1 0 0 1 0 0 0 0 0 0 
1 1 1 0 0 0 0 0 0 1 0 0 0 0 
1 1 1 1 0 0 0 0 1 0 0 1 0 0 
12 1 0 0 1 1 0 0 0 0 0 0 0 0 
9 2 1 0 0 0 0 0 0 0 0 0 0 1 
3 1 1 0 0 1 0 0 0 0 0 0 0 0 
3 1 1 1 0 0 0 0 0 1 0 0 0 0 
3 2 0 0 1 0 0 0 0 0 0 0 0 0 
12 2 1 1 0 0 0 0 0 0 0 0 0 1 
12 2 0 0 0 0 0 0 0 0 1 0 1 0 
9 3 1 0 0 1 0 0 0 1 0 0 0 0 
5 1 1 1 0 0 0 0 0 0 0 0 0 0 
4 1 1 0 0 1 0 0 0 0 0 0 0 0 
7 1 1 0 0 0 0 0 1 0 0 0 0 1 
7 1 0 0 1 1 0 1 0 0 0 0 0 0 
7 2 1 0 0 0 0 0 0 1 0 0 0 0 
7 1 0 0 1 0 1 0 0 0 0 0 1 1 
12 1 1 1 0 0 0 0 0 1 0 1 0 0 
12 1 1 1 0 0 0 0 1 0 0 0 0 0 
15 1 0 0 1 0 0 0 0 0 0 0 0 1 
1 1 0 0 1 0 0 1 0 0 0 0 0 0 
13 1 1 1 0 0 0 0 0 0 0 1 1 1 
1 1 1 1 0 0 0 0 1 0 0 0 1 1 
0 1 0 0 1 1 0 0 0 0 0 0 0 0 
5 1 1 0 0 0 0 0 0 1 0 0 0 0 
5 1 1 1 0 0 0 0 0 0 0 0 1 1 
7 1 1 1 0 1 0 0 1 1 0 0 0 0 
16 1 1 0 0 0 0 0 0 0 0 0 1 0 
12 1 1 1 0 0 0 0 1 1 0 0 0 0 
9 1 1 1 0 0 0 0 1 0 0 0 1 1 
7 1 0 0 0 0 0 0 0 0 1 0 1 0 
7 1 1 0 0 1 0 0 1 0 0 0 0 1 
7 1 1 0 0 1 0 0 0 1 0 0 0 0 
7 1 1 1 0 1 0 0 0 0 0 0 0 0 
1 1 1 1 0 0 0 0 0 0 0 1 0 1 
0 1 1 1 0 0 0 0 0 0 0 0 1 1 
9 1 1 1 0 1 0 0 0 0 0 0 0 0 
0 1 1 1 0 0 0 0 0 0 0 1 0 0 
14 1 0 0 1 0 0 1 0 0 0 0 0 0 
14 1 0 0 1 0 0 0 0 0 0 0 0 1 
7 1 1 0 0 0 0 0 1 0 0 0 1 0 
5 1 1 1 0 0 0 0 0 1 0 0 0 0 
16 2 1 0 0 1 0 0 0 1 0 0 0 0 
8 1 0 0 0 0 0 0 0 0 1 0 1 0 
12 1 0 0 1 0 1 0 0 0 0 0 0 0 
16 1 1 1 0 0 0 0 0 0 0 1 0 1 
16 1 1 1 0 0 0 0 0 0 0 0 1 1 
0
0
1
2
3
2
0
1
0
0
0
0
4
0
0
0
0
1
0
0
0
0
5
2
0
0
0
6
2
0
1
2
0
2
2
6
0
0
0
0
0
1
0
0
0
0
4
0
0
0
1
0
0
0
0
0
7
0
0
0
2
1
3
2
0
0
1
0
0
0
0
6
2
0
0
0
1
2
2
8
0
0
1
2
0
0
0
9
0
0
0
0
6
2
0
2
0
10
0
0
2
2
6
0
0
0
0
0
6
0
0
0
0
1
0
0
0
9
0
0
0
0
11
0
0
0
0
12
2
6
0
2
0
13
1
2
0
14
2
9
0
0
0
0
0
1
0
0
0
0
1
0
2
2
0
4
2
0
0
2
1
0
0
0
0
1
2
0
0
2
0
9
0
0
0
0
6
0
0
0
0
1
0
0
0
0
6
0
0
0
0
6
15
13
2
4
0
0
0
0
0
1
0
0
0
2
9
0
0
0
0
1
0
0
0
0
1
0
0
0
0
16
6
0
2
0
2
1
2
0
2
2
6
0
2
0
2
2
17
18
0
0
6
2
2
19
20
20
20
21
20
20
22
20
23
24
25
26
27
26
26
28
29
30
31
32
33
32
34
35
36
36
37
36
35
38
0
0
0
39
40
40
41
40
40
42
43
40
40
43
40
44
45
45
45
45
45
31
46
46
47
46
0
48
30
30
49
30
30
50
30
51
52
52
53
54
52
55
56
0
0
0
51
45
45
45
45
45
45
19
45
45
57
58
59
60
61
58
58
62
58
58
19
58
63
63
64
63
65
66
58
58
67
65
65
19
40
40
44
40
43
68
40
40
40
43
40
40
40
42
40
43
40
69
70
43
40
40
40
71
72
72
72
44
50
30
19
30
30
73
30
30
73
50
30
74
30
30
30
51
32
32
75
32
33
32
32
76
77
78
79
69
40
40
42
40
43
40
40
44
58
58
80
40
40
43
40
40
44
60
58
81
58
58
44
72
72
71
36
36
36
35
19
45
45
45
45
82
63
65
83
65
84
85
79
77
78
77
79
36
86
87
88
88
89
88
88
90
88
88
88
89
88
88
88
44
30
30
19
0
2
0
0
2
2
81
32
33
32
32
91
32
32
32
33
32
75
32
33
51
45
45
51
45
88
92
88
88
90
88
93
88
88
89
88
88
88
88
88
94
88
88
88
88
95
45
45
45
51
43
43
96
40
40
97
40
40
41
40
40
40
19
58
60
98
58
58
19
58
58
67
60
60
60
80
99
43
41
40
40
40
42
43
40
40
41
40
40
40
40
43
43
40
40
40
28
36
36
100
30
30
101
32
32
32
32
32
32
32
32
32
102
32
32
33
32
103
19
30
30
30
30
104
71
30
30
30
50
80
32
32
105
33
32
106
81
26
26
26
26
26
19
40
43
107
40
40
40
40
43
40
43
40
41
40
43
108
88
88
88
88
109
88
88
110
88
88
51
40
40
40
40
70
40
40
43
69
19
50
30
30
111
30
30
30
30
71
40
40
40
40
43
40
51
32
33
75
33
32
112
58
58
19
58
60
44
60
58
19
58
58
44
60
58
71
45
45
45
62
60
58
44
30
30
113
114
85
115
64
65
65
28
30
30
30
100
32
33
33
32
32
32
32
100
30
30
30
30
50
30
30
116
30
50
117
40
40
40
118
40
40
40
40
69
62
58
58
71
58
58
43
43
40
41
40
40
43
119
32
32
32
32
31
72
72
120
72
72
31
65
65
65
121
65
122
100
30
30
31
30
50
39
43
40
69
40
40
40
43
58
123
58
59
62
32
33
19
72
72
72
44
40
40
124
40
43
62
58
60
71
40
40
40
41
43
40
125
40
40
40
40
89
88
126
110
88
88
89
88
88
127
58
59
81
58
58
62
60
58
128
58
58
44
40
43
43
40
42
40
129
40
43
40
130
32
32
33
33
34
45
45
45
31
45
45
120
30
30
30
113
30
130
30
30
31
36
36
131
26
26
26
132
133
26
40
41
43
40
40
43
40
40
40
40
41
43
40
40
40
40
134
40
135
43
136
30
30
30
30
50
30
137
30
30
30
50
138
30
30
30
139
20
20
21
140
25
141
20
20
20
21
20
142
22
43
40
40
40
40
41
43
40
143
40
43
125
43
40
144
40
40
41
40
40
89
88
88
88
88
89
145
35
62
36
36
36
36
71
146
58
44
58
58
19
43
40
41
40
40
80
63
65
65
65
147
65
65
136
40
43
43
42
40
40
40
43
40
40
40
42
40
40
41
40
43
43
99
71
58
60
44
72
72
148
72
72
72
72
19
32
32
32
32
102
33
32
32
32
32
75
33
32
149
150
30
30
50
151
30
30
44
58
60
19
58
58
62
58
20
152
20
25
20
25
51
40
40
40
134
40
40
40
153
54
52
55
40
43
42
40
40
41
40
40
40
40
40
154
40
40
125
40
43
41
43
135
123
32
32
32
33
75
32
33
136
88
88
89
88
88
88
126
89
88
88
100
32
32
32
32
155
86
36
35
39
43
40
42
40
40
40
41
43
43
40
40
19
33
32
32
32
102
32
32
156
157
25
20
20
20
158
20
20
20
20
22
20
25
159
20
20
141
25
25
160
40
40
41
40
40
19
60
58
62
40
40
69
40
40
71
32
32
32
32
161
32
32
32
100
43
40
40
34
50
30
39
30
50
162
40
43
40
88
94
88
88
110
88
88
51
32
32
163
32
32
31
164
165
47
33
32
32
33
34
50
30
31
20
25
166
20
20
51
30
30
30
167
30
30
30
30
66
72
72
72
72
72
72
72
72
51
56
52
55
72
72
168
30
50
55
72
169
51
40
43
170
42
40
43
40
40
51
36
36
86
36
171
2
0
168
52
54
55
32
32
53
32
32
33
51
133
26
172
