981 5 115 15 0 27
1 3 1
1 27 1
1 28 1
1 18 1
1 4 1
0 1 0 0 0 1 1 
1 14 0 0 0 0 0 
1 5 1 0 0 0 0 
1 1 0 0 1 0 0 
2 25 0 0 0 0 0 
2 4 1 0 0 0 1 
2 2 0 0 0 1 0 
3 7 0 0 0 0 0 
4 4 0 0 0 0 1 
4 41 0 0 0 0 0 
5 40 0 0 0 0 0 
6 42 0 0 0 0 0 
5 3 0 0 0 1 1 
5 22 1 0 0 0 0 
5 2 0 1 1 0 0 
7 3 1 0 1 0 0 
7 146 0 0 0 0 0 
7 4 0 1 0 0 1 
7 43 1 0 0 0 0 
7 16 0 0 0 0 1 
7 9 0 0 0 1 0 
7 38 1 0 0 0 1 
8 78 0 0 0 0 0 
8 15 1 0 0 0 0 
8 6 0 0 0 0 1 
8 6 0 0 0 1 0 
8 1 0 0 1 0 0 
8 1 1 1 0 0 0 
9 32 1 0 0 0 1 
9 37 0 0 0 0 0 
9 5 0 0 0 1 0 
9 12 1 0 0 0 0 
9 11 0 0 0 0 1 
9 3 0 0 1 0 0 
9 1 1 1 0 0 1 
8 1 1 0 0 0 1 
8 1 0 1 1 0 0 
5 1 1 1 1 0 1 
5 8 0 0 0 0 1 
6 1 0 0 0 1 0 
6 1 0 1 1 0 1 
6 7 1 0 0 0 0 
6 15 1 0 0 0 1 
6 6 0 0 0 0 1 
4 3 0 1 1 0 0 
4 8 1 0 0 0 1 
4 4 0 0 0 1 0 
4 10 1 0 0 0 0 
9 1 0 1 1 0 0 
0 39 0 0 0 0 0 
0 9 1 0 0 0 1 
7 1 0 0 1 0 1 
10 1 1 1 0 0 0 
10 38 0 0 0 0 0 
10 5 0 0 0 1 0 
10 7 0 0 0 0 1 
10 6 1 0 0 0 0 
7 1 0 1 1 0 0 
8 2 1 0 0 1 0 
9 1 0 0 0 1 1 
7 2 0 1 0 0 0 
5 1 0 0 1 0 1 
5 1 0 1 0 0 1 
5 1 0 0 0 1 0 
7 1 1 1 1 0 0 
8 1 0 1 0 0 0 
0 10 1 0 0 0 0 
0 6 0 0 0 0 1 
7 1 0 0 1 0 0 
2 11 1 0 0 0 0 
2 1 0 1 1 0 0 
2 3 0 0 0 0 1 
7 2 0 0 0 1 1 
10 1 1 1 1 0 1 
5 2 1 0 0 1 0 
6 1 1 1 1 0 1 
6 1 0 1 0 0 0 
4 3 0 0 0 1 1 
9 1 1 0 1 0 1 
9 1 1 0 0 1 0 
0 1 0 0 1 0 0 
0 1 0 1 0 0 1 
0 1 0 0 0 1 0 
8 1 1 1 1 0 0 
8 1 1 0 0 1 1 
9 1 1 0 1 0 0 
5 3 1 0 0 0 1 
10 1 0 1 1 0 0 
6 1 0 0 1 0 0 
6 1 0 1 0 0 1 
4 1 1 0 0 1 0 
8 1 0 1 1 0 1 
2 1 0 0 0 1 1 
0 1 0 1 1 0 0 
11 1 0 0 0 1 1 
11 4 1 0 0 0 0 
11 11 0 0 0 0 0 
11 9 1 0 0 0 1 
9 1 0 1 0 0 0 
8 1 0 0 0 1 1 
4 1 0 1 0 0 0 
4 1 0 0 1 0 0 
10 1 0 1 0 0 0 
0 1 0 1 1 0 1 
2 1 0 0 1 0 0 
11 1 0 0 0 0 1 
11 1 0 0 0 1 0 
1 3 0 0 0 0 1 
12 1 1 0 0 0 1 
12 7 0 0 0 0 0 
12 2 0 0 0 0 1 
13 7 0 0 0 0 0 
13 1 1 0 0 0 0 
13 1 0 0 0 0 1 
3 1 0 0 0 0 1 
0
1
2
1
1
3
1
4
4
5
6
4
4
7
7
8
9
9
10
11
10
12
13
10
14
10
10
15
16
17
18
18
16
19
18
20
16
21
16
16
16
21
22
22
22
22
22
23
22
22
24
22
22
25
26
27
22
16
21
16
16
18
16
16
21
16
16
18
19
16
16
16
28
28
29
29
28
29
30
31
32
29
33
34
29
29
28
16
16
16
16
21
16
16
18
16
20
21
16
16
18
19
22
23
22
22
22
22
35
22
36
22
24
22
25
23
22
16
21
16
16
18
16
16
21
16
16
18
19
16
18
16
12
13
10
10
10
37
10
10
13
38
10
13
10
12
13
16
16
21
16
16
18
19
16
18
16
19
18
16
16
21
11
39
40
41
11
11
42
11
43
41
11
11
42
11
11
18
16
16
16
21
20
16
18
21
16
16
18
16
19
18
44
9
45
9
9
9
45
9
46
47
9
8
47
9
9
28
29
29
28
28
29
29
28
28
29
30
31
32
48
28
49
49
49
50
49
49
50
49
49
49
50
49
49
49
50
20
16
16
21
16
16
18
19
16
18
16
51
18
16
16
52
53
53
54
55
53
53
53
53
53
53
55
56
53
54
21
16
16
16
19
18
16
16
21
16
57
21
16
16
21
22
22
58
22
22
24
23
22
22
22
23
22
22
22
22
28
32
29
31
28
59
29
31
33
29
28
31
29
32
28
60
16
18
19
16
18
16
16
21
20
16
18
16
16
21
10
10
13
38
10
13
61
10
13
10
62
13
63
10
13
43
11
11
42
11
11
42
41
11
11
42
11
11
11
42
46
9
44
45
9
9
47
9
8
47
9
9
46
45
9
16
16
21
16
16
16
21
16
16
16
21
16
16
64
19
25
22
23
22
22
23
22
22
24
22
22
22
24
65
25
66
49
67
66
49
49
50
49
49
66
67
49
49
50
49
68
18
20
19
18
16
16
16
16
15
17
16
18
16
16
28
32
29
31
29
32
31
29
32
28
31
29
30
28
28
4
69
4
4
5
4
70
69
4
4
69
71
4
69
4
72
18
16
16
21
18
16
16
19
18
16
16
16
21
16
53
53
53
73
53
54
53
53
55
56
53
53
53
55
53
22
23
22
22
22
22
25
23
22
22
23
22
22
22
22
17
15
16
16
18
19
16
18
16
72
18
16
16
16
21
10
10
13
38
10
13
10
38
13
13
10
38
74
10
10
75
11
11
41
43
11
43
41
11
11
42
11
11
42
76
77
9
47
9
9
45
9
9
47
9
77
9
47
9
9
78
29
29
28
29
29
28
29
32
79
29
29
28
29
28
60
16
21
18
16
16
21
16
16
18
16
16
21
20
16
66
67
49
80
66
81
49
66
49
67
66
49
82
50
49
16
18
19
16
16
16
16
21
16
16
16
21
16
16
21
25
22
83
22
22
23
22
22
23
22
22
84
22
22
22
21
18
16
16
21
16
16
16
21
16
16
18
16
17
20
85
32
29
31
29
32
31
28
29
29
31
28
29
30
28
10
10
13
38
10
13
10
10
86
10
10
13
10
10
86
87
53
53
53
56
53
53
56
54
55
53
53
53
56
53
43
11
41
11
11
42
11
11
11
42
88
11
89
11
42
20
16
18
16
21
16
16
18
19
16
18
16
16
21
16
46
47
9
9
44
9
9
45
9
9
9
45
9
9
90
22
22
22
23
22
22
22
24
22
22
22
22
58
22
91
18
16
16
16
21
16
16
18
16
16
21
16
4
69
69
92
4
69
4
4
5
4
4
69
4
4
5
49
93
50
49
49
49
50
49
49
66
67
49
49
49
49
94
95
96
96
97
97
96
96
95
97
96
97
96
96
97
33
98
28
28
30
29
28
29
28
29
29
31
29
32
28
22
22
22
23
22
22
23
99
22
22
22
38
13
10
14
13
13
38
10
13
10
10
86
10
10
74
43
11
41
11
11
42
11
11
42
11
11
42
11
11
42
100
101
47
9
77
9
9
9
45
9
9
47
8
53
53
53
55
53
102
56
55
53
54
53
53
53
53
53
28
28
49
49
66
49
103
49
66
49
67
13
6
4
69
71
4
4
69
71
4
69
4
104
97
96
96
97
95
105
96
97
95
96
106
97
1
2
1
107
2
1
1
107
1
1
1
107
2
1
1
108
109
109
109
110
109
109
109
110
109
2
1
111
112
111
111
111
111
113
111
111
7
7
7
7
114
7
