1119 11 131 20 2 119
1 3 1
1 5 1
1 11 0
1 13 0
1 12 0
1 36 0
1 120 0
1 90 0
1 13 0
40 60 0
40 60 0
5 2 1 0 0 1 0 0 0 0 1 0 0 
5 66 0 0 0 0 0 0 0 0 0 0 1 
5 15 1 0 0 0 0 0 0 0 0 0 0 
5 17 0 0 0 0 0 0 0 0 0 1 0 
5 1 1 1 0 0 1 0 0 0 0 0 0 
5 4 0 0 1 0 0 0 0 0 0 0 1 
5 8 1 1 0 0 0 0 0 0 0 0 0 
5 1 1 1 0 0 0 1 0 0 0 0 0 
5 3 1 0 0 1 0 0 0 0 0 0 0 
5 2 0 0 0 0 1 0 0 0 0 0 1 
5 1 1 0 0 0 0 1 0 0 0 0 0 
5 1 0 0 0 0 0 0 0 1 0 1 0 
5 1 1 0 0 0 0 0 0 0 1 0 0 
5 1 0 0 0 0 0 0 1 0 0 1 0 
5 2 0 0 0 1 0 0 0 0 0 1 0 
5 1 1 1 0 0 1 1 0 0 0 0 0 
5 1 1 1 0 0 0 0 0 0 1 0 0 
4 7 0 0 0 0 0 0 0 0 0 0 1 
15 7 0 0 0 0 1 0 0 0 0 0 1 
11 1 0 0 1 0 0 0 0 0 0 0 1 
2 25 1 1 0 0 0 0 0 0 0 0 0 
6 2 0 0 0 1 0 0 0 0 0 1 0 
6 61 0 0 0 0 0 0 0 0 0 0 1 
6 23 0 0 0 0 0 0 0 0 0 1 0 
6 4 1 1 0 0 0 0 0 0 0 0 0 
6 11 0 0 1 0 0 0 0 0 0 0 1 
6 1 1 0 0 0 0 0 0 0 1 0 0 
6 1 1 1 0 0 1 0 0 0 0 0 0 
16 7 1 0 0 1 0 0 0 0 0 0 0 
8 1 0 0 0 0 0 0 0 1 0 1 0 
8 2 0 0 1 0 0 0 0 0 0 0 1 
8 7 1 0 0 0 0 0 0 0 0 0 0 
8 42 0 0 0 0 0 0 0 0 0 0 1 
8 11 0 0 0 0 0 0 0 0 0 1 0 
0 126 0 0 0 0 0 0 0 0 0 0 1 
0 21 0 0 0 0 1 0 0 0 0 0 1 
0 29 0 0 0 0 0 0 0 0 0 1 0 
0 17 1 1 0 0 0 0 0 0 0 0 0 
10 8 1 0 0 1 0 0 0 0 0 0 0 
15 32 0 0 0 0 0 0 0 0 0 0 1 
10 6 1 1 0 0 0 0 0 0 0 0 0 
15 1 0 0 1 0 0 0 0 0 0 0 1 
10 13 1 0 0 0 0 0 0 0 1 0 0 
1 19 0 0 0 0 0 0 0 0 0 1 0 
1 66 0 0 0 0 0 0 0 0 0 0 1 
1 1 1 0 0 0 0 0 0 0 0 0 0 
1 1 1 0 0 0 0 1 0 0 0 0 0 
0 2 1 0 0 1 0 0 0 0 0 0 0 
0 13 1 0 0 0 0 0 0 0 0 0 0 
0 16 0 0 1 0 0 0 0 0 0 0 1 
0 3 1 1 0 0 0 0 0 0 1 0 0 
16 3 1 0 0 1 0 0 0 0 1 0 0 
10 2 1 0 0 0 1 1 0 0 0 0 0 
10 3 1 1 0 0 0 0 0 0 1 0 0 
6 2 1 1 0 0 0 0 0 0 1 0 0 
6 3 0 0 0 0 0 0 0 1 0 1 0 
9 18 0 0 0 0 1 0 0 0 0 0 1 
7 10 0 0 0 0 0 0 0 0 0 1 0 
7 15 0 0 0 0 0 0 0 0 0 0 1 
9 29 0 0 0 0 0 0 0 0 0 0 1 
9 4 0 0 1 0 0 0 0 0 0 0 1 
10 3 1 0 0 1 0 0 0 0 1 0 0 
13 17 0 0 0 0 0 0 0 0 0 1 0 
13 1 0 0 0 0 0 0 1 0 0 1 0 
13 6 0 0 1 0 0 0 0 0 0 0 1 
10 1 1 0 0 0 0 1 0 0 0 0 0 
3 8 0 0 0 0 0 0 0 0 0 1 0 
3 8 0 0 0 0 0 0 0 0 0 0 1 
0 5 0 0 0 1 0 0 0 0 0 1 0 
0 5 1 0 0 0 0 0 0 0 1 0 0 
2 10 1 0 0 0 0 0 0 0 0 0 0 
2 22 0 0 0 0 0 0 0 0 0 0 1 
2 5 0 0 1 0 0 0 0 0 0 0 1 
4 5 0 0 0 0 0 0 0 0 0 1 0 
4 1 1 0 0 1 0 0 0 0 1 0 0 
4 1 1 0 0 0 0 1 0 0 0 0 0 
12 10 0 0 1 0 0 0 0 0 0 0 1 
12 26 0 0 0 0 0 0 0 0 0 0 1 
10 9 1 0 0 0 0 0 0 0 0 0 0 
6 3 1 0 0 0 0 0 0 0 0 0 0 
13 31 0 0 0 0 0 0 0 0 0 0 1 
13 1 1 0 0 0 0 0 0 0 1 0 0 
13 4 1 1 0 0 0 0 0 0 0 0 0 
13 2 1 0 0 0 0 0 0 0 0 0 0 
13 1 0 0 0 0 1 1 1 0 0 1 0 
1 6 0 0 1 0 0 0 0 0 0 0 1 
0 1 1 1 0 0 0 1 0 0 0 0 0 
2 6 1 0 0 0 0 0 0 0 1 0 0 
2 12 0 0 0 0 0 0 0 0 0 1 0 
2 4 1 0 0 1 0 0 0 0 0 0 0 
2 3 1 1 0 0 1 0 0 0 0 0 0 
13 2 0 0 0 0 0 0 0 1 0 1 0 
2 3 1 0 0 0 1 1 0 0 0 0 0 
2 2 1 1 0 0 0 0 0 0 1 0 0 
12 1 0 0 0 0 1 0 0 0 0 0 1 
8 4 1 1 0 0 0 0 0 0 0 0 0 
8 3 1 0 0 0 0 0 0 0 1 0 0 
2 4 1 1 0 0 0 1 0 0 0 0 0 
1 2 1 1 0 0 0 0 0 0 0 0 0 
1 1 0 0 0 0 0 0 1 0 0 1 0 
15 6 0 0 0 0 0 0 0 0 0 1 0 
1 2 1 0 0 1 0 0 0 0 1 0 0 
1 1 1 1 0 0 0 1 0 0 0 0 0 
1 1 1 0 0 0 0 0 0 0 1 0 0 
14 7 0 0 0 0 0 0 0 0 0 1 0 
8 3 0 0 0 1 0 0 0 0 0 1 0 
8 1 1 0 0 0 1 1 0 0 0 0 0 
1 1 1 0 0 1 0 0 0 0 0 0 0 
8 1 1 0 0 1 0 0 0 0 0 0 0 
2 1 1 1 0 0 1 1 0 0 0 0 0 
1 1 1 1 0 0 0 0 0 0 1 0 0 
2 1 0 0 0 1 0 0 0 0 0 1 0 
2 1 0 0 0 0 0 0 1 1 0 1 0 
16 2 1 0 0 0 0 0 0 0 1 0 0 
16 10 0 0 0 1 0 0 0 0 0 1 0 
16 7 0 0 0 0 0 0 0 0 0 0 1 
16 4 1 1 0 0 0 0 0 0 0 0 0 
7 3 0 0 1 0 0 0 0 0 0 0 1 
16 6 1 0 0 0 0 0 0 0 0 0 0 
16 6 0 0 0 0 0 0 0 0 0 1 0 
2 1 0 0 0 0 1 1 0 0 0 1 0 
2 1 0 0 0 0 1 0 0 0 0 0 1 
7 1 1 0 0 0 0 0 0 0 0 0 0 
7 1 0 0 0 0 0 0 0 1 0 1 0 
15 1 0 0 0 0 0 0 1 0 0 1 0 
6 1 1 0 0 0 0 1 0 0 0 0 0 
16 2 1 1 0 0 0 0 0 0 1 0 0 
3 1 0 0 0 0 0 0 1 0 0 1 0 
0 1 0 0 0 0 1 0 0 0 0 1 0 
0 1 1 0 0 1 0 0 0 0 1 0 0 
0 1 1 0 0 0 0 1 0 0 0 0 0 
0
1
1
2
3
1
2
1
1
2
1
3
4
1
3
1
2
1
1
1
3
5
6
1
1
3
1
3
1
7
1
1
3
1
8
1
1
6
1
1
1
2
1
1
2
1
9
1
2
1
1
6
1
1
5
0
3
1
6
1
3
2
1
1
1
1
1
6
1
9
10
1
11
6
1
1
5
1
6
1
3
2
1
3
2
3
3
12
13
1
1
2
14
3
1
1
2
1
1
15
1
1
5
2
1
1
1
6
1
3
2
1
1
8
1
1
16
1
17
18
19
20
21
22
22
22
23
22
22
22
24
23
25
26
22
22
22
27
22
22
22
28
29
30
31
32
33
28
34
35
34
36
36
37
34
36
34
34
34
36
38
39
18
39
40
39
41
42
43
44
45
44
44
46
36
35
47
34
34
34
48
34
34
48
49
36
50
34
34
35
34
34
34
34
40
22
22
23
23
23
25
51
35
36
48
34
34
37
34
34
34
34
49
52
39
39
53
39
39
38
39
39
39
39
18
40
22
23
22
25
54
22
55
23
23
22
40
56
56
38
57
57
58
42
59
59
59
56
60
59
56
59
59
59
59
59
59
56
61
62
63
64
65
66
66
67
67
67
34
34
34
34
37
35
34
49
68
69
34
36
34
48
34
34
37
34
36
35
70
71
72
20
73
17
74
17
17
17
73
73
75
76
77
77
78
39
39
42
39
39
39
18
78
44
44
78
25
22
24
22
22
23
61
22
22
23
22
25
55
79
23
80
62
80
80
81
80
80
62
62
82
80
62
80
64
62
62
80
80
82
56
59
56
38
22
22
24
22
22
25
22
23
22
54
22
23
22
23
79
22
25
21
22
22
20
35
36
36
69
34
34
49
37
34
34
36
48
35
34
36
37
34
49
36
34
42
80
80
83
84
62
38
43
44
44
85
44
44
44
44
44
43
42
22
22
23
79
22
23
22
25
78
39
39
42
34
34
35
34
37
34
68
48
49
34
86
34
34
34
34
37
35
34
48
34
72
87
71
88
89
71
88
20
44
43
44
44
90
80
80
91
62
83
64
62
80
62
80
82
80
62
92
44
44
44
43
43
44
70
76
77
70
77
77
93
77
94
77
76
20
67
67
67
66
70
77
77
93
77
76
70
77
77
77
77
77
77
77
76
78
56
59
56
38
66
66
67
66
42
32
32
95
32
33
32
32
32
30
95
32
32
96
32
33
32
31
32
32
89
71
88
20
71
71
87
71
88
97
44
44
44
44
44
43
44
98
44
85
44
51
43
44
99
28
18
39
39
100
39
39
39
39
100
18
20
43
44
43
44
101
85
44
44
43
43
102
44
44
43
43
20
43
85
103
44
44
44
44
20
34
34
34
34
34
36
35
42
76
104
78
32
32
105
31
32
32
32
42
32
32
95
32
32
106
32
32
32
31
33
33
20
85
44
107
44
44
90
44
44
44
44
70
44
44
44
43
101
44
43
43
44
98
44
44
44
44
85
44
44
97
32
32
108
32
32
95
32
32
96
33
32
32
32
33
31
33
105
31
32
32
90
64
80
80
80
80
62
80
91
80
89
71
88
20
72
88
71
87
34
36
34
35
3
8
1
1
2
1
76
77
77
87
71
71
109
71
71
77
76
20
71
71
70
22
22
23
87
58
58
20
49
35
36
34
37
68
36
34
36
50
34
49
34
35
23
22
22
22
22
28
44
44
44
110
44
44
44
43
44
44
20
72
111
92
71
88
20
88
88
70
34
34
49
50
34
34
34
34
34
70
71
112
20
56
59
59
59
59
60
59
56
28
58
58
113
114
115
116
58
117
58
118
115
119
113
114
115
114
116
39
18
39
39
100
100
39
39
51
49
36
37
34
35
118
114
115
118
115
119
116
114
119
28
62
64
80
80
82
80
62
80
87
44
44
20
120
71
72
89
88
71
71
70
88
71
20
88
71
121
57
117
20
57
57
57
58
122
57
57
58
58
80
80
80
62
80
62
80
64
20
33
32
96
105
33
97
56
59
59
59
59
60
59
59
59
56
56
61
58
123
78
77
77
77
78
77
76
42
34
35
37
34
34
36
34
48
68
34
42
77
77
76
52
124
39
100
39
100
39
53
34
34
36
48
35
34
34
37
34
49
36
34
34
34
40
56
59
42
59
59
60
56
38
32
32
32
32
31
32
33
34
34
42
23
22
22
22
22
22
22
23
24
23
22
125
25
23
116
114
114
118
119
114
126
73
17
17
73
48
34
34
37
34
34
49
35
36
69
34
34
48
34
34
48
34
34
20
49
34
34
34
92
3
1
14
20
36
34
34
34
34
36
69
35
36
20
25
22
22
22
23
22
22
22
22
22
22
25
55
40
104
104
78
104
104
53
104
104
38
58
58
57
117
58
58
57
97
66
66
127
67
20
68
34
34
34
34
20
34
128
69
34
49
34
34
47
34
34
36
34
34
37
35
34
48
34
49
118
114
115
118
119
119
126
114
115
28
56
59
59
56
37
34
34
34
34
37
34
36
34
34
129
35
49
130
34
34
34
37
