1263 11 348 25 1 32
1 3 1
1 20 1
1 9 0
1 7 0
1 20 0
1 18 0
1 5 0
1 11 0
1 4 0
1 3 0
1 33 0
14 5 0 0 0 1 0 0 0 0 0 0 0 
14 18 0 0 0 0 0 0 0 0 0 0 0 
14 3 0 0 0 0 0 0 0 0 1 0 0 
14 2 1 0 0 1 0 0 0 0 0 0 1 
14 1 0 0 1 0 1 1 0 1 1 1 0 
14 16 1 0 0 0 0 0 0 0 0 0 0 
14 1 0 0 0 0 0 0 1 0 0 1 0 
14 1 0 0 0 1 0 0 0 0 0 1 0 
14 1 1 0 1 0 0 0 0 0 1 0 0 
14 1 0 0 0 1 0 1 0 0 1 0 0 
14 1 0 0 0 0 0 0 1 1 0 1 0 
14 2 0 0 0 0 0 0 0 0 1 0 1 
14 2 0 0 1 0 0 0 0 0 1 0 0 
13 1 0 0 0 1 1 1 0 0 1 0 0 
2 1 0 0 0 1 0 0 0 0 1 1 0 
1 44 0 0 0 0 0 0 0 0 0 0 0 
8 3 0 0 0 0 0 0 1 0 0 0 0 
8 7 1 0 0 0 0 0 0 0 1 0 0 
8 41 0 0 0 0 0 0 0 0 0 0 0 
8 2 0 0 0 1 0 0 0 1 0 1 0 
8 11 1 0 0 0 0 0 0 0 0 0 0 
8 5 0 0 0 0 0 0 0 0 1 0 0 
6 11 0 0 0 0 0 0 1 0 0 1 0 
6 75 0 0 0 0 0 0 0 0 0 0 0 
6 11 1 0 0 0 0 0 0 0 0 0 0 
6 2 0 0 1 0 1 1 0 0 1 1 0 
6 9 0 0 0 1 0 0 0 0 0 0 0 
13 27 0 0 0 0 0 0 0 0 0 0 0 
13 1 1 0 0 0 0 0 0 0 1 1 0 
13 3 0 0 0 0 0 0 1 0 0 0 0 
13 1 0 0 0 0 0 0 0 1 0 1 0 
9 4 0 0 0 0 0 0 0 0 1 0 0 
6 20 0 0 0 0 0 0 0 0 0 1 0 
6 2 0 0 1 0 0 0 1 0 1 1 0 
9 1 0 0 0 0 0 0 0 0 1 0 1 
9 23 0 0 0 0 0 0 0 0 0 0 0 
2 1 0 0 0 1 1 1 0 1 0 1 0 
2 4 0 0 1 0 0 0 1 0 1 0 0 
2 61 0 0 0 0 0 0 0 0 0 0 0 
2 7 1 0 0 0 0 0 0 0 0 0 0 
8 2 0 0 0 0 0 0 0 0 1 1 0 
2 6 1 0 0 0 0 0 0 0 1 0 0 
2 8 0 0 0 1 0 0 0 0 0 0 0 
11 4 0 0 0 0 0 0 1 1 0 1 0 
4 3 1 0 0 0 0 0 0 0 0 0 0 
4 16 0 0 0 0 0 0 0 0 0 0 0 
8 3 1 0 1 0 0 0 0 0 0 0 0 
8 2 0 0 0 0 0 0 1 0 1 0 0 
8 3 0 0 0 0 0 0 0 0 0 1 0 
8 1 0 0 0 0 0 0 0 1 1 1 0 
11 5 0 0 1 0 0 0 0 0 0 0 0 
11 2 0 0 0 0 1 1 0 0 0 1 0 
8 6 0 0 0 1 0 0 0 0 0 0 0 
8 4 1 0 0 0 0 0 1 0 1 0 0 
4 1 0 0 0 0 0 0 0 1 0 1 0 
4 1 0 0 1 0 0 0 0 0 0 0 0 
4 1 0 0 0 0 0 0 0 0 1 0 0 
2 1 1 0 0 1 0 0 0 0 0 0 1 
1 7 0 0 0 0 0 0 1 0 0 0 0 
13 1 1 0 0 0 0 0 0 0 0 1 0 
6 2 1 0 1 0 0 0 0 0 0 0 0 
6 3 0 0 0 1 0 0 0 1 1 1 0 
6 2 0 0 0 0 1 1 0 0 0 1 0 
6 2 0 0 0 0 0 0 1 0 1 1 0 
2 2 0 0 1 0 0 0 0 0 0 0 0 
2 2 0 0 0 0 0 0 1 0 1 0 0 
2 2 1 0 0 0 0 0 0 0 1 1 0 
12 1 0 0 1 0 0 0 1 0 0 0 0 
12 37 0 0 0 0 0 0 0 0 0 0 0 
12 6 1 0 0 0 0 0 0 0 0 0 0 
12 4 0 0 0 0 0 0 0 0 1 0 0 
1 5 0 0 0 1 0 0 0 0 0 0 0 
1 1 0 0 0 0 1 1 0 0 0 1 0 
1 1 1 0 0 0 0 0 0 0 1 0 0 
1 1 0 0 0 0 0 0 0 1 0 1 0 
1 1 0 0 1 0 0 0 1 0 1 0 0 
6 4 0 0 0 0 0 0 0 0 1 0 1 
6 2 1 0 0 0 0 0 0 1 0 1 0 
1 1 0 0 0 1 0 1 0 0 1 0 0 
1 1 0 0 0 0 0 0 1 0 1 0 0 
12 3 0 0 1 0 0 0 0 0 0 0 0 
12 2 0 0 0 1 0 0 0 0 1 1 0 
0 19 1 0 0 0 0 0 0 0 0 0 0 
0 95 0 0 0 0 0 0 0 0 0 0 0 
0 6 0 0 0 0 0 0 0 1 0 1 0 
0 3 1 0 0 0 0 0 1 0 1 1 0 
0 1 0 0 0 1 0 0 0 0 1 1 0 
0 1 0 0 1 0 1 0 0 0 0 0 0 
0 9 0 0 0 0 0 0 1 0 0 1 0 
0 9 0 0 0 0 0 0 0 0 1 0 0 
0 4 0 0 0 0 0 0 0 0 0 1 0 
0 7 0 0 0 1 0 0 0 0 0 0 0 
9 3 0 0 1 0 0 0 0 0 1 0 1 
6 4 1 0 0 0 0 0 0 0 0 1 0 
6 7 0 0 0 0 0 0 1 1 0 1 0 
9 1 0 0 0 1 0 0 0 0 1 0 0 
9 2 0 0 0 0 0 1 0 0 0 1 0 
2 7 0 0 0 0 0 0 0 0 1 0 0 
2 5 1 0 1 0 0 0 0 0 0 0 0 
2 2 0 0 0 0 0 0 1 0 0 1 0 
2 1 0 0 0 0 0 0 0 1 0 1 0 
13 1 0 0 0 0 0 0 1 0 1 0 0 
13 2 1 0 1 0 0 0 0 0 0 0 0 
7 1 0 0 0 1 0 0 0 0 0 1 0 
0 3 0 0 0 0 0 0 0 0 1 1 0 
0 1 0 0 1 1 1 1 0 0 0 0 0 
0 3 1 0 0 0 0 0 1 0 1 0 0 
11 29 0 0 0 0 0 0 0 0 0 0 0 
11 1 1 0 1 0 0 0 1 0 0 0 0 
8 3 0 0 0 0 0 0 0 0 1 0 1 
12 2 0 0 0 0 1 1 0 1 0 1 0 
1 1 1 0 0 0 0 0 1 0 0 0 0 
6 5 0 0 0 0 0 0 0 0 1 1 0 
6 1 0 0 0 1 0 0 1 0 1 0 0 
10 3 0 0 0 0 0 0 0 0 1 0 0 
6 1 1 0 0 0 0 0 1 0 0 0 0 
13 1 0 0 0 1 0 0 0 0 1 1 0 
10 1 1 0 0 0 0 0 0 1 0 1 0 
10 3 0 0 0 0 0 0 0 0 0 0 0 
10 1 1 0 0 0 0 0 1 0 0 0 0 
9 1 0 0 0 0 1 1 0 0 0 1 0 
9 1 1 0 0 0 0 0 0 0 0 1 0 
2 3 0 0 0 1 0 0 0 0 1 0 0 
2 4 1 0 0 0 0 0 0 1 0 1 0 
0 1 1 0 1 0 0 0 0 0 0 0 0 
2 1 0 0 0 1 1 1 0 1 1 1 0 
2 3 0 0 0 0 0 0 1 0 0 0 0 
2 1 0 0 0 0 0 0 0 0 1 1 0 
2 3 0 0 0 0 0 0 0 0 0 1 0 
2 1 0 0 1 1 0 0 0 0 0 0 0 
11 9 0 0 0 0 0 0 0 0 0 1 0 
11 2 1 0 0 0 0 0 1 0 1 0 0 
11 1 0 0 0 1 1 1 0 0 0 1 0 
11 2 1 0 1 0 0 0 0 0 0 0 0 
13 1 1 0 0 0 0 0 1 1 1 1 0 
13 3 1 0 0 0 0 0 0 0 0 0 0 
13 4 0 0 0 0 0 0 0 0 1 0 0 
11 1 0 0 0 1 0 0 0 0 1 1 0 
9 2 0 0 0 0 0 0 1 0 0 0 0 
9 3 1 0 0 0 0 0 0 0 0 0 0 
2 3 1 0 0 0 0 0 0 0 0 1 0 
2 1 0 0 1 1 0 0 1 0 1 0 0 
2 2 1 0 0 0 0 0 1 0 1 1 0 
14 2 1 0 0 0 0 0 1 0 1 1 0 
11 1 0 0 0 1 0 1 0 0 0 0 0 
2 1 0 0 1 0 0 0 1 1 1 1 0 
4 1 0 0 0 0 0 0 0 0 1 1 0 
11 2 0 0 0 0 0 0 1 0 0 1 0 
9 6 1 0 0 0 0 0 0 0 1 0 0 
5 5 0 0 0 0 0 0 0 0 0 0 0 
5 2 0 0 0 0 0 0 0 0 0 1 0 
5 2 1 0 0 0 0 0 0 0 0 0 0 
0 1 0 0 0 0 0 0 0 0 1 0 1 
0 1 0 0 0 1 0 0 1 1 0 1 0 
0 10 0 0 1 0 0 0 0 0 0 0 0 
0 1 0 0 0 0 0 1 0 0 0 0 0 
2 1 1 0 1 0 0 0 1 0 1 1 0 
0 2 1 0 0 1 0 0 0 0 1 1 0 
6 6 0 0 0 0 0 0 1 0 0 0 0 
8 1 0 0 1 1 1 0 0 0 0 0 0 
9 2 1 0 0 0 0 0 1 0 1 1 0 
6 3 0 0 1 0 0 0 0 0 1 0 1 
6 8 0 0 0 0 0 0 0 1 0 1 0 
1 3 0 0 0 0 0 0 1 0 0 1 0 
8 1 0 0 0 0 0 1 0 0 1 0 0 
8 2 1 0 0 0 0 0 0 0 0 1 0 
8 4 0 0 1 0 0 0 0 0 0 0 0 
9 4 0 0 0 0 0 0 0 0 0 1 0 
9 2 0 0 0 0 0 0 1 0 1 0 0 
7 19 0 0 0 0 0 0 0 0 0 0 0 
6 1 0 0 1 1 0 0 0 0 0 0 0 
2 1 1 0 0 0 0 0 1 0 1 0 0 
12 1 0 0 1 0 1 0 0 0 1 0 0 
12 1 0 0 0 0 0 0 1 1 0 1 0 
8 3 0 0 0 0 0 0 1 0 0 1 0 
8 4 0 0 0 1 0 0 0 0 1 0 0 
6 2 0 0 1 0 0 0 0 0 0 0 0 
6 3 0 0 0 0 0 0 0 0 1 0 0 
6 1 0 0 0 1 0 0 1 0 1 1 0 
6 2 0 0 1 0 1 0 0 0 0 0 0 
6 1 0 0 0 0 0 1 0 1 0 1 0 
14 3 1 0 0 0 0 0 1 0 1 0 0 
3 15 0 0 0 0 0 0 0 0 0 0 0 
3 4 0 0 0 0 0 0 0 0 0 1 0 
1 1 0 0 1 0 0 0 0 0 0 0 0 
1 1 1 0 0 0 0 0 1 0 1 1 0 
14 2 1 0 0 0 0 0 0 0 1 0 0 
6 1 0 0 0 1 0 0 1 0 0 1 0 
0 1 0 0 1 0 0 0 0 0 1 0 0 
6 2 0 0 0 0 0 1 0 0 1 0 0 
2 1 0 0 0 1 0 0 1 0 0 0 0 
0 1 1 0 0 0 0 0 0 0 1 1 0 
0 1 1 0 1 0 0 0 1 0 1 0 0 
2 1 0 0 0 0 1 1 0 0 1 0 0 
3 1 0 0 0 0 0 0 1 1 0 1 0 
3 2 0 0 0 1 0 0 0 0 0 0 0 
13 1 0 0 0 0 0 0 0 0 1 0 1 
13 1 1 0 0 1 0 0 1 0 0 0 0 
7 1 0 0 0 0 0 0 1 1 0 1 0 
5 1 1 0 0 0 0 0 0 0 0 1 0 
0 1 0 0 1 0 1 1 0 0 1 0 0 
2 2 0 0 0 1 0 0 0 0 0 1 0 
1 2 0 0 0 0 0 0 1 1 0 1 0 
1 1 1 0 1 0 0 0 0 0 0 0 0 
1 1 0 0 0 0 0 0 0 0 1 0 0 
8 1 0 0 1 0 0 0 1 0 0 0 0 
5 1 1 0 0 0 0 0 1 0 0 0 0 
11 3 0 0 0 0 0 0 0 0 1 0 0 
8 2 1 0 0 0 0 0 1 1 1 1 0 
6 2 1 0 0 0 0 0 1 0 1 1 0 
12 2 0 0 0 0 1 1 0 0 1 0 0 
14 1 0 0 0 1 0 0 0 1 0 1 0 
13 1 0 0 1 0 0 0 0 0 1 0 1 
13 2 0 0 1 0 0 0 0 0 0 0 0 
3 2 0 0 0 0 0 0 1 0 1 0 0 
8 2 0 0 0 1 0 0 0 1 1 1 0 
8 1 0 0 0 1 1 1 0 0 0 1 0 
2 1 0 0 0 0 0 0 0 0 1 0 1 
1 3 1 0 0 0 0 0 0 0 0 0 0 
0 2 1 0 0 0 0 0 0 0 0 1 0 
0 3 0 0 0 0 0 0 1 0 1 0 0 
0 1 0 0 0 0 0 0 0 1 1 1 0 
0 6 0 0 0 0 0 0 1 0 0 0 0 
11 2 0 0 0 1 0 0 0 0 0 0 0 
11 8 1 0 0 0 0 0 0 0 0 0 0 
3 1 0 0 1 1 1 1 0 0 0 0 0 
10 1 1 0 0 0 0 0 0 0 0 0 0 
10 1 0 0 0 0 0 0 0 1 0 1 0 
10 2 1 0 0 0 0 0 1 0 1 0 0 
9 2 0 0 1 0 0 0 0 0 0 0 0 
9 3 0 0 0 0 0 0 1 0 0 1 0 
8 2 0 0 0 0 0 0 0 1 0 1 0 
12 5 0 0 0 0 0 0 0 0 0 1 0 
12 1 0 0 0 1 1 1 0 0 0 0 0 
1 3 1 0 0 0 0 0 0 0 0 1 0 
1 1 0 0 0 1 0 0 0 0 1 0 0 
9 1 0 0 0 0 0 0 0 0 1 1 0 
13 1 0 0 1 0 0 0 1 0 0 0 0 
3 1 0 0 0 0 0 0 0 0 1 1 0 
14 2 1 0 1 0 0 0 0 0 0 0 0 
3 1 0 0 0 0 0 0 0 0 1 0 0 
0 1 0 0 0 1 0 0 0 1 0 1 0 
8 1 0 0 1 0 0 0 0 0 1 0 1 
14 1 1 0 0 0 0 0 1 0 0 0 0 
2 1 1 0 1 0 0 0 1 0 1 0 0 
2 1 0 0 0 1 1 1 0 0 0 0 0 
1 1 0 0 1 0 0 0 1 0 1 1 0 
12 1 0 0 0 1 0 0 0 1 0 1 0 
1 2 0 0 0 0 0 0 0 0 0 1 0 
1 1 0 0 0 0 0 1 0 0 1 0 0 
1 2 0 0 0 1 0 0 0 0 0 1 0 
3 1 0 0 0 0 0 0 0 1 0 1 0 
12 3 0 0 0 0 0 0 0 0 1 1 0 
12 3 0 0 0 0 0 0 1 0 0 0 0 
12 1 1 0 1 0 0 0 1 0 0 0 0 
12 1 0 0 0 0 0 0 0 1 0 1 0 
12 1 0 0 1 1 0 0 0 0 0 0 0 
14 3 1 0 0 0 0 0 0 0 0 1 0 
12 1 0 0 0 0 0 0 0 0 1 0 1 
12 3 0 0 0 1 0 0 0 0 0 0 0 
14 2 1 0 0 0 0 0 0 1 0 1 0 
12 1 1 0 0 0 0 0 1 0 1 1 0 
11 1 0 0 1 0 1 0 0 0 0 0 0 
0 2 1 0 0 0 0 0 1 0 0 0 0 
0 3 0 0 0 1 0 0 0 0 0 1 0 
0 1 1 0 0 0 0 1 0 0 1 0 0 
6 1 1 0 1 0 0 0 1 0 1 0 0 
11 1 0 0 0 0 0 0 0 0 1 0 1 
11 4 1 0 0 0 0 0 0 0 0 1 0 
11 1 0 0 0 0 0 0 1 0 0 0 0 
0 3 0 0 0 0 1 1 0 1 0 1 0 
7 1 0 0 0 1 0 0 0 0 1 0 0 
14 1 0 0 0 0 0 0 0 0 0 1 0 
9 1 0 0 1 0 0 0 0 0 1 0 0 
9 1 0 0 0 0 1 1 0 0 1 1 0 
0 1 1 0 0 0 0 0 0 0 1 0 0 
1 1 0 0 1 1 0 0 0 0 0 0 0 
1 1 0 0 0 1 0 0 0 1 1 1 0 
9 1 1 0 0 0 0 0 1 0 1 0 0 
9 1 0 0 0 0 0 0 0 1 0 1 0 
0 1 0 0 0 0 0 1 0 0 0 1 0 
4 1 1 0 0 1 0 0 0 0 1 1 0 
8 1 0 0 0 0 1 0 0 0 1 0 0 
6 2 0 0 0 1 0 0 0 0 0 1 0 
6 1 0 0 0 0 0 1 0 0 0 1 0 
6 1 1 0 0 0 0 0 0 0 1 0 0 
14 1 1 0 1 1 0 0 1 0 1 0 0 
1 1 0 0 0 0 0 0 0 0 1 1 0 
11 1 0 0 0 1 1 0 0 0 0 1 0 
7 2 0 0 0 0 0 0 0 0 1 0 0 
7 1 0 0 0 0 0 0 0 0 0 1 0 
7 3 0 0 0 1 0 0 0 0 0 0 0 
7 1 0 0 0 0 0 0 1 0 0 0 0 
11 1 1 0 0 0 0 0 0 0 1 1 0 
12 1 0 0 1 1 0 0 1 0 0 0 0 
14 1 1 0 0 0 0 0 0 0 1 1 0 
0 2 0 0 0 0 0 0 1 1 0 1 0 
14 1 0 0 1 0 0 0 0 0 1 0 1 
9 1 0 0 0 1 1 0 0 0 1 0 0 
11 1 0 0 0 0 0 0 1 0 1 0 0 
11 1 0 0 0 0 0 0 0 1 0 1 0 
11 1 0 0 0 1 0 0 1 0 0 1 0 
11 2 0 0 0 0 0 0 0 0 1 1 0 
2 1 1 0 0 0 0 0 0 1 1 1 0 
14 1 0 0 0 0 0 0 1 0 0 0 0 
12 1 0 0 0 1 1 1 0 0 1 0 0 
12 1 0 0 1 1 0 0 1 0 0 1 0 
13 1 1 0 0 0 0 0 1 0 1 0 0 
13 1 0 0 0 0 0 0 0 0 0 1 0 
13 1 0 0 1 0 0 0 1 0 1 0 0 
6 1 1 0 0 1 0 0 0 0 0 0 1 
11 1 0 0 1 1 0 0 0 0 0 0 0 
11 1 0 0 0 0 0 0 1 0 1 1 0 
11 1 0 0 0 0 1 1 0 0 1 1 0 
2 1 1 0 0 0 0 0 1 0 0 0 0 
2 1 1 0 0 1 0 0 0 0 1 1 0 
11 1 0 0 0 0 1 0 0 0 1 1 0 
6 1 0 0 0 1 0 0 0 0 1 1 0 
8 1 1 0 1 0 0 0 1 0 1 0 0 
8 1 0 0 0 0 0 1 0 0 0 0 0 
6 1 0 0 0 0 1 0 0 0 0 0 0 
14 1 1 0 0 1 0 0 1 0 1 1 0 
13 1 1 0 0 0 0 0 1 0 1 1 0 
2 1 0 0 0 0 1 0 0 0 1 1 0 
2 1 0 0 0 0 0 1 0 0 0 0 0 
2 1 0 0 0 0 0 0 1 1 0 1 0 
0 1 1 0 0 1 0 0 0 0 0 0 1 
6 1 0 0 0 1 0 0 0 0 1 0 0 
8 1 0 0 0 0 0 1 0 1 0 1 0 
6 1 1 0 0 0 0 0 0 0 1 1 0 
6 1 0 0 1 0 1 1 0 1 1 1 0 
0 1 0 0 0 1 0 0 1 0 1 1 0 
11 1 1 0 0 1 0 1 0 0 1 1 0 
1 1 1 0 0 1 0 0 1 1 1 1 0 
0 1 0 0 0 1 1 1 0 0 1 0 0 
6 1 1 0 0 0 0 0 1 0 1 0 0 
6 1 0 0 0 1 0 0 0 1 0 1 0 
11 1 1 0 0 0 0 0 1 0 1 1 0 
11 1 0 0 1 0 1 1 0 0 0 0 0 
2 1 0 0 0 1 1 1 0 0 1 0 0 
12 1 1 0 1 0 0 0 0 0 1 0 0 
12 1 0 0 0 0 0 0 1 0 0 1 0 
9 1 1 0 1 0 0 0 1 1 1 1 0 
9 1 0 0 0 1 0 0 0 0 0 0 0 
7 1 0 0 0 0 1 1 0 0 0 1 0 
7 1 0 0 0 0 0 0 1 0 1 0 0 
11 1 0 0 1 0 0 0 0 0 1 0 1 
8 1 0 0 0 1 0 0 0 0 1 1 0 
0
1
2
3
1
1
0
4
5
1
1
0
1
6
3
2
1
7
8
1
9
10
5
2
1
5
11
1
0
12
1
13
14
15
15
16
17
18
18
19
20
21
22
23
24
25
23
26
27
27
28
29
27
30
31
26
24
32
23
23
33
23
23
32
34
35
35
35
36
37
38
39
38
40
20
18
32
41
42
43
44
45
40
46
18
18
47
48
20
18
49
16
18
50
51
17
18
48
52
53
45
45
45
54
55
56
45
57
58
15
59
21
23
22
23
60
61
23
24
62
23
24
63
23
23
32
64
39
65
38
38
38
38
38
66
67
68
69
70
71
72
58
73
74
15
15
75
15
32
23
76
24
26
23
77
12
1
5
22
78
15
15
15
79
80
68
81
82
83
84
83
83
85
83
83
83
86
87
83
88
83
83
89
82
90
91
92
93
23
23
94
5
95
96
39
38
97
98
99
38
41
42
38
100
27
101
102
27
103
82
83
104
83
82
88
105
89
83
83
84
106
83
83
91
107
108
109
18
20
18
18
53
52
18
68
110
80
111
112
68
68
69
113
32
23
60
114
32
115
27
116
27
27
117
118
114
119
35
120
92
35
121
38
122
123
83
83
82
88
83
124
104
83
83
83
88
39
38
125
38
98
38
126
127
39
38
128
41
38
129
123
65
38
38
107
130
131
107
132
18
109
133
27
27
134
27
27
135
136
29
130
107
133
137
138
139
96
31
38
140
38
141
38
123
38
38
38
142
38
42
38
38
143
45
45
45
144
145
44
45
146
45
45
147
148
149
150
151
152
153
83
154
82
83
90
106
91
155
83
83
156
83
83
83
157
83
83
88
45
44
45
32
158
159
77
31
35
35
35
160
23
26
32
23
23
161
162
23
71
163
15
164
18
165
166
52
35
167
168
35
35
167
148
169
94
23
170
112
24
23
23
32
171
42
32
5
172
173
20
18
109
20
18
174
18
175
23
176
94
177
23
23
23
178
23
23
179
23
112
24
23
180
181
182
183
71
184
185
15
15
15
186
187
83
82
188
83
84
83
189
93
190
83
191
83
83
83
192
19
38
97
140
38
38
142
38
38
42
98
193
194
182
182
182
195
143
15
107
130
102
196
27
197
27
136
27
27
198
97
42
199
83
83
88
200
83
83
83
201
41
15
202
15
203
204
71
15
163
15
41
38
38
123
97
205
51
20
175
149
150
206
207
130
107
52
208
166
23
23
23
209
26
23
23
32
158
210
68
211
5
27
212
5
22
23
26
32
148
29
27
213
136
27
94
35
139
35
35
148
167
35
35
214
18
18
18
215
18
166
18
47
48
18
18
17
216
18
46
217
94
218
15
83
83
219
91
220
83
83
154
221
83
82
222
21
130
223
224
207
147
5
182
182
225
160
35
35
226
227
118
228
182
182
183
182
229
230
175
20
231
18
181
68
232
233
92
234
58
15
234
15
235
202
15
15
236
237
5
201
97
182
182
182
238
182
239
110
214
182
183
195
182
240
88
154
83
104
82
83
241
220
83
82
83
242
243
128
122
39
38
38
208
38
38
38
38
244
38
245
38
38
126
38
66
1
0
5
246
15
68
69
68
247
186
15
15
248
249
58
250
15
15
218
37
251
68
68
252
253
68
232
68
68
68
254
70
232
68
68
255
210
253
68
256
257
258
68
253
68
70
259
260
80
70
232
68
68
259
261
68
68
262
112
263
83
264
265
83
83
162
266
23
23
32
41
38
38
128
38
97
43
107
224
107
267
268
269
50
157
83
83
270
89
83
83
263
271
272
5
1
22
5
23
61
23
23
23
63
23
24
26
273
230
5
1
274
5
71
94
17
18
166
18
53
18
18
52
17
174
18
18
84
275
222
83
83
276
62
5
11
15
58
218
277
15
15
15
15
163
148
35
250
229
278
35
35
279
139
168
90
82
91
154
106
280
83
82
89
88
83
83
83
281
45
45
162
76
158
20
282
283
23
176
284
177
23
22
23
285
23
23
162
286
15
15
15
287
58
15
288
224
107
50
43
107
289
290
291
169
292
293
169
169
169
294
295
169
169
257
31
83
91
296
1
297
1
257
138
298
107
130
107
299
300
107
107
50
301
224
107
107
302
107
38
42
303
304
1
239
252
68
68
305
232
69
222
89
154
83
84
89
91
83
88
82
83
83
76
306
69
68
68
189
94
69
68
252
259
68
68
85
154
83
83
264
307
27
308
27
27
309
135
270
223
45
85
149
149
151
149
33
310
23
32
177
24
162
107
224
311
312
107
107
130
224
107
313
314
64
38
315
38
38
99
97
38
162
50
131
32
23
23
32
26
76
23
158
23
316
15
15
58
234
175
83
154
84
83
82
222
317
24
23
32
318
18
319
231
21
20
18
320
321
213
27
27
27
322
27
27
135
136
22
98
18
215
38
38
140
38
126
323
38
324
38
122
325
38
98
89
83
83
230
148
83
83
83
296
83
326
23
25
23
23
22
23
327
93
23
23
22
154
89
264
83
83
18
53
18
328
52
17
32
179
23
209
169
291
169
112
158
23
162
161
24
23
23
329
23
26
22
23
23
330
83
82
83
331
83
83
83
302
224
107
130
37
39
38
38
38
332
169
169
260
289
169
169
169
268
37
42
268
118
114
248
15
15
333
15
15
15
165
16
154
82
83
83
83
334
83
82
22
161
23
93
23
23
335
23
336
23
107
337
107
107
224
207
107
283
338
107
268
83
220
90
82
83
61
158
23
32
17
154
222
83
89
83
219
222
339
162
68
340
341
68
68
81
68
68
68
228
167
35
35
342
343
169
169
169
169
169
344
291
345
130
107
107
346
43
20
18
347
18
18
18
174
46
21
183
82
83
270
181
