1263 11 348 25 2 32
1 3 1
1 20 1
1 9 0
1 7 0
1 20 0
1 18 0
1 5 0
1 11 0
1 4 0
1 3 0
1 33 0
14 5 0 0 0 1 0 0 0 0 0 0 0 
14 18 0 0 0 0 0 0 0 0 0 0 0 
14 3 0 0 0 0 0 0 0 0 1 0 0 
14 2 1 0 0 1 0 0 0 0 0 0 1 
14 1 0 0 1 0 1 1 0 1 1 1 0 
14 16 1 0 0 0 0 0 0 0 0 0 0 
14 1 0 0 0 0 0 0 1 0 0 1 0 
14 1 0 0 0 1 0 0 0 0 0 1 0 
14 1 1 0 1 0 0 0 0 0 1 0 0 
14 1 0 0 0 1 0 1 0 0 1 0 0 
14 1 0 0 0 0 0 0 1 1 0 1 0 
14 2 0 0 0 0 0 0 0 0 1 0 1 
14 2 0 0 1 0 0 0 0 0 1 0 0 
13 1 0 0 0 1 1 1 0 0 1 0 0 
6 3 0 0 0 1 0 0 0 1 1 1 0 
6 6 0 0 0 0 0 0 1 0 0 0 0 
6 11 1 0 0 0 0 0 0 0 0 0 0 
6 20 0 0 0 0 0 0 0 0 0 1 0 
6 2 0 0 0 0 0 1 0 0 1 0 0 
6 75 0 0 0 0 0 0 0 0 0 0 0 
6 2 0 0 1 0 1 0 0 0 0 0 0 
0 9 0 0 0 0 0 0 0 0 1 0 0 
0 95 0 0 0 0 0 0 0 0 0 0 0 
0 9 0 0 0 0 0 0 1 0 0 1 0 
0 19 1 0 0 0 0 0 0 0 0 0 0 
0 7 0 0 0 1 0 0 0 0 0 0 0 
0 10 0 0 1 0 0 0 0 0 0 0 0 
0 2 0 0 0 0 0 0 1 1 0 1 0 
0 6 0 0 0 0 0 0 1 0 0 0 0 
0 3 0 0 0 0 0 0 0 0 1 1 0 
6 2 0 0 0 0 0 0 1 0 1 1 0 
12 2 0 0 0 0 1 1 0 1 0 1 0 
12 37 0 0 0 0 0 0 0 0 0 0 0 
12 1 0 0 0 0 0 0 1 0 0 1 0 
12 4 0 0 0 0 0 0 0 0 1 0 0 
12 6 1 0 0 0 0 0 0 0 0 0 0 
12 1 0 0 1 1 0 0 1 0 0 1 0 
12 1 0 0 0 0 0 0 0 0 1 0 1 
12 3 0 0 0 0 0 0 0 0 1 1 0 
12 3 0 0 0 0 0 0 1 0 0 0 0 
12 3 0 0 0 1 0 0 0 0 0 0 0 
12 1 0 0 1 0 1 0 0 0 1 0 0 
2 7 0 0 0 0 0 0 0 0 1 0 0 
2 4 1 0 0 0 0 0 0 1 0 1 0 
2 1 0 0 0 0 0 1 0 0 0 0 0 
2 61 0 0 0 0 0 0 0 0 0 0 0 
2 5 1 0 1 0 0 0 0 0 0 0 0 
2 8 0 0 0 1 0 0 0 0 0 0 0 
2 2 0 0 0 0 0 0 1 0 0 1 0 
2 6 1 0 0 0 0 0 0 0 1 0 0 
12 5 0 0 0 0 0 0 0 0 0 1 0 
2 1 0 0 1 1 0 0 0 0 0 0 0 
2 1 1 0 0 0 0 0 1 0 1 0 0 
2 3 0 0 0 0 0 0 0 0 0 1 0 
2 1 0 0 0 1 1 1 0 1 0 1 0 
2 4 0 0 1 0 0 0 1 0 1 0 0 
2 3 1 0 0 0 0 0 0 0 0 1 0 
2 1 1 0 1 0 0 0 1 0 1 1 0 
8 41 0 0 0 0 0 0 0 0 0 0 0 
8 7 1 0 0 0 0 0 0 0 1 0 0 
8 2 0 0 0 1 0 0 0 1 0 1 0 
8 3 0 0 0 0 0 0 1 0 0 0 0 
8 11 1 0 0 0 0 0 0 0 0 0 0 
8 3 0 0 0 0 0 0 0 0 1 0 1 
8 3 0 0 0 0 0 0 0 0 0 1 0 
8 4 0 0 1 0 0 0 0 0 0 0 0 
8 1 0 0 0 0 0 1 0 0 1 0 0 
8 4 1 0 0 0 0 0 1 0 1 0 0 
8 2 0 0 0 1 0 0 0 1 1 1 0 
8 6 0 0 0 1 0 0 0 0 0 0 0 
8 5 0 0 0 0 0 0 0 0 1 0 0 
8 3 1 0 1 0 0 0 0 0 0 0 0 
1 3 0 0 0 0 0 0 1 0 0 1 0 
1 44 0 0 0 0 0 0 0 0 0 0 0 
1 1 0 0 0 0 0 0 0 0 1 0 0 
1 2 0 0 0 0 0 0 1 1 0 1 0 
1 5 0 0 0 1 0 0 0 0 0 0 0 
0 1 1 0 0 0 0 1 0 0 1 0 0 
0 4 0 0 0 0 0 0 0 0 0 1 0 
0 1 0 0 0 1 0 0 1 0 1 1 0 
0 6 0 0 0 0 0 0 0 1 0 1 0 
0 1 1 0 0 1 0 0 0 0 0 0 1 
0 3 0 0 0 0 0 0 1 0 1 0 0 
1 1 0 0 0 0 1 1 0 0 0 1 0 
1 1 0 0 0 1 0 0 0 0 1 0 0 
1 7 0 0 0 0 0 0 1 0 0 0 0 
1 1 0 0 1 1 0 0 0 0 0 0 0 
1 1 1 0 0 0 0 0 0 0 1 0 0 
1 3 1 0 0 0 0 0 0 0 0 0 0 
1 1 1 0 0 1 0 0 1 1 1 1 0 
1 3 1 0 0 0 0 0 0 0 0 1 0 
14 3 1 0 0 0 0 0 1 0 1 0 0 
3 4 0 0 0 0 0 0 0 0 0 1 0 
3 15 0 0 0 0 0 0 0 0 0 0 0 
3 2 0 0 0 1 0 0 0 0 0 0 0 
3 1 0 0 0 0 0 0 0 1 0 1 0 
3 2 0 0 0 0 0 0 1 0 1 0 0 
11 1 0 0 0 0 1 0 0 0 1 1 0 
11 1 0 0 0 1 0 1 0 0 0 0 0 
11 2 1 0 1 0 0 0 0 0 0 0 0 
11 1 0 0 0 0 0 0 1 0 0 0 0 
11 9 0 0 0 0 0 0 0 0 0 1 0 
11 29 0 0 0 0 0 0 0 0 0 0 0 
11 2 0 0 0 0 0 0 0 0 1 1 0 
11 4 1 0 0 0 0 0 0 0 0 1 0 
11 5 0 0 1 0 0 0 0 0 0 0 0 
11 4 0 0 0 0 0 0 1 1 0 1 0 
11 8 1 0 0 0 0 0 0 0 0 0 0 
11 1 0 0 0 1 0 0 1 0 0 1 0 
11 1 0 0 1 0 1 1 0 0 0 0 0 
14 1 1 0 0 0 0 0 0 0 1 1 0 
6 7 0 0 0 0 0 0 1 1 0 1 0 
6 1 0 0 0 1 0 0 0 0 1 0 0 
6 1 1 0 1 0 0 0 1 0 1 0 0 
6 4 1 0 0 0 0 0 0 0 0 1 0 
6 4 0 0 0 0 0 0 0 0 1 0 1 
6 2 1 0 0 0 0 0 1 0 1 1 0 
6 9 0 0 0 1 0 0 0 0 0 0 0 
0 3 1 0 0 0 0 0 1 0 1 0 0 
0 3 0 0 0 0 1 1 0 1 0 1 0 
0 3 0 0 0 1 0 0 0 0 0 1 0 
0 1 1 0 1 0 0 0 1 0 1 0 0 
0 1 0 0 0 1 0 0 0 0 1 1 0 
10 1 1 0 0 0 0 0 1 0 0 0 0 
0 1 0 0 1 0 1 1 0 0 1 0 0 
0 1 0 0 0 0 0 0 0 0 1 0 1 
0 1 0 0 0 1 0 0 0 1 0 1 0 
0 3 1 0 0 0 0 0 1 0 1 1 0 
0 1 1 0 0 0 0 0 0 0 1 1 0 
8 1 0 0 0 1 1 1 0 0 0 1 0 
8 2 0 0 0 0 0 0 0 1 0 1 0 
8 3 0 0 0 0 0 0 1 0 0 1 0 
8 4 0 0 0 1 0 0 0 0 1 0 0 
8 2 1 0 0 0 0 0 1 1 1 1 0 
8 1 0 0 0 0 0 1 0 0 0 0 0 
8 1 0 0 1 0 0 0 0 0 1 0 1 
8 2 1 0 0 0 0 0 0 0 0 1 0 
8 2 0 0 0 0 0 0 1 0 1 0 0 
1 1 0 0 0 1 0 0 0 1 1 1 0 
1 1 1 0 1 0 0 0 0 0 0 0 0 
1 2 0 0 0 0 0 0 0 0 0 1 0 
1 1 0 0 0 0 0 1 0 0 1 0 0 
1 1 0 0 0 0 0 0 1 0 1 0 0 
14 3 1 0 0 0 0 0 0 0 0 1 0 
9 23 0 0 0 0 0 0 0 0 0 0 0 
9 3 0 0 1 0 0 0 0 0 1 0 1 
9 1 0 0 0 0 1 1 0 0 1 1 0 
9 6 1 0 0 0 0 0 0 0 1 0 0 
9 3 0 0 0 0 0 0 1 0 0 1 0 
9 1 0 0 0 1 0 0 0 0 1 0 0 
9 1 0 0 0 0 0 0 0 1 0 1 0 
9 2 0 0 0 0 0 0 1 0 0 0 0 
9 1 0 0 0 0 0 0 0 0 1 1 0 
9 4 0 0 0 0 0 0 0 0 1 0 0 
9 4 0 0 0 0 0 0 0 0 0 1 0 
9 1 0 0 1 0 0 0 0 0 1 0 0 
0 1 0 0 0 0 0 1 0 0 0 0 0 
0 2 1 0 0 0 0 0 0 0 0 1 0 
14 1 1 0 0 1 0 0 1 0 1 1 0 
0 1 0 0 1 0 0 0 0 0 1 0 0 
0 1 0 0 0 0 0 0 0 1 1 1 0 
14 1 0 0 0 0 0 0 0 0 0 1 0 
9 2 0 0 0 0 0 1 0 0 0 1 0 
9 1 0 0 0 1 1 0 0 0 1 0 0 
9 3 1 0 0 0 0 0 0 0 0 0 0 
9 2 0 0 1 0 0 0 0 0 0 0 0 
9 1 1 0 0 0 0 0 1 0 1 0 0 
11 1 0 0 0 0 0 0 0 1 0 1 0 
11 2 0 0 0 1 0 0 0 0 0 0 0 
11 1 0 0 0 0 0 0 1 0 1 1 0 
11 1 1 0 1 0 0 0 1 0 0 0 0 
11 1 0 0 0 1 1 1 0 0 0 1 0 
11 3 0 0 0 0 0 0 0 0 1 0 0 
6 8 0 0 0 0 0 0 0 1 0 1 0 
6 11 0 0 0 0 0 0 1 0 0 1 0 
6 2 1 0 1 0 0 0 0 0 0 0 0 
6 1 0 0 0 1 0 0 1 0 1 0 0 
6 3 0 0 0 0 0 0 0 0 1 0 0 
6 2 0 0 1 0 0 0 1 0 1 1 0 
11 1 0 0 0 0 1 1 0 0 1 1 0 
11 1 0 0 0 1 0 0 0 0 1 1 0 
11 2 0 0 0 0 0 0 1 0 0 1 0 
11 1 1 0 0 0 0 0 0 0 1 1 0 
11 2 1 0 0 0 0 0 1 0 1 0 0 
11 1 0 0 1 1 0 0 0 0 0 0 0 
11 2 0 0 0 0 1 1 0 0 0 1 0 
6 2 0 0 0 1 0 0 0 0 0 1 0 
6 2 0 0 1 0 0 0 0 0 0 0 0 
6 2 1 0 0 0 0 0 0 1 0 1 0 
2 2 1 0 0 0 0 0 0 0 1 1 0 
2 2 0 0 0 0 0 0 1 0 1 0 0 
1 1 0 0 1 0 0 0 0 0 0 0 0 
1 1 0 0 0 1 0 1 0 0 1 0 0 
1 1 0 0 1 0 0 0 1 0 1 0 0 
1 1 0 0 0 0 0 0 0 1 0 1 0 
1 1 1 0 0 0 0 0 1 0 1 1 0 
1 2 0 0 0 1 0 0 0 0 0 1 0 
1 1 1 0 0 0 0 0 1 0 0 0 0 
2 1 1 0 0 1 0 0 0 0 0 0 1 
2 1 0 0 0 1 1 1 0 1 1 1 0 
2 7 1 0 0 0 0 0 0 0 0 0 0 
2 3 0 0 0 0 0 0 1 0 0 0 0 
2 2 0 0 1 0 0 0 0 0 0 0 0 
2 2 1 0 0 0 0 0 1 0 1 1 0 
0 1 0 0 1 1 1 1 0 0 0 0 0 
14 1 0 0 1 0 0 0 0 0 1 0 1 
14 2 1 0 0 0 0 0 0 1 0 1 0 
6 5 0 0 0 0 0 0 0 0 1 1 0 
6 1 0 0 0 1 0 0 1 0 0 1 0 
14 2 1 0 1 0 0 0 0 0 0 0 0 
6 1 0 0 0 1 0 0 1 0 1 1 0 
11 1 0 0 0 0 0 0 0 0 1 0 1 
11 1 0 0 0 1 1 0 0 0 0 1 0 
11 1 1 0 0 1 0 1 0 0 1 1 0 
13 1 0 0 0 0 0 0 0 0 0 1 0 
13 27 0 0 0 0 0 0 0 0 0 0 0 
13 4 0 0 0 0 0 0 0 0 1 0 0 
13 3 0 0 0 0 0 0 1 0 0 0 0 
13 2 1 0 1 0 0 0 0 0 0 0 0 
13 1 0 0 0 1 0 0 0 0 1 1 0 
13 3 1 0 0 0 0 0 0 0 0 0 0 
13 1 0 0 1 0 0 0 1 0 0 0 0 
13 1 0 0 0 0 0 0 0 0 1 0 1 
2 1 0 0 0 0 1 1 0 0 1 0 0 
2 3 0 0 0 1 0 0 0 0 1 0 0 
2 1 0 0 0 0 0 0 0 1 0 1 0 
2 1 0 0 1 1 0 0 1 0 1 0 0 
4 16 0 0 0 0 0 0 0 0 0 0 0 
14 2 1 0 0 0 0 0 0 0 1 0 0 
6 1 1 0 0 0 0 0 1 0 1 0 0 
6 2 0 0 0 0 1 1 0 0 0 1 0 
6 3 0 0 1 0 0 0 0 0 1 0 1 
6 1 0 0 0 1 0 0 0 1 0 1 0 
6 1 1 0 0 0 0 0 0 0 1 0 0 
0 2 1 0 0 0 0 0 1 0 0 0 0 
12 1 0 0 0 1 1 1 0 0 0 0 0 
12 1 1 0 1 0 0 0 1 0 0 0 0 
10 3 0 0 0 0 0 0 0 0 1 0 0 
10 1 1 0 0 0 0 0 0 1 0 1 0 
10 3 0 0 0 0 0 0 0 0 0 0 0 
10 2 1 0 0 0 0 0 1 0 1 0 0 
13 2 0 0 1 0 0 0 0 0 0 0 0 
13 1 1 0 0 0 0 0 1 0 1 0 0 
13 1 1 0 0 0 0 0 1 1 1 1 0 
13 1 0 0 1 0 0 0 0 0 1 0 1 
13 1 1 0 0 1 0 0 1 0 0 0 0 
14 2 1 0 0 0 0 0 1 0 1 1 0 
0 1 0 0 0 0 0 1 0 0 0 1 0 
0 1 0 0 1 0 1 0 0 0 0 0 0 
0 1 0 0 0 1 0 0 1 1 0 1 0 
8 1 0 0 0 0 0 1 0 1 0 1 0 
8 1 0 0 1 1 1 0 0 0 0 0 0 
8 2 0 0 0 0 0 0 0 0 1 1 0 
6 1 1 0 0 0 0 0 1 0 0 0 0 
6 2 0 0 1 0 1 1 0 0 1 1 0 
6 1 1 0 0 1 0 0 0 0 0 0 1 
7 19 0 0 0 0 0 0 0 0 0 0 0 
7 2 0 0 0 0 0 0 0 0 1 0 0 
7 1 0 0 0 0 0 0 1 0 0 0 0 
7 1 0 0 0 1 0 0 0 0 1 0 0 
7 1 0 0 0 0 0 0 1 1 0 1 0 
7 1 0 0 0 1 0 0 0 0 0 1 0 
7 3 0 0 0 1 0 0 0 0 0 0 0 
9 2 1 0 0 0 0 0 1 0 1 1 0 
12 3 0 0 1 0 0 0 0 0 0 0 0 
12 1 0 0 0 1 0 0 0 1 0 1 0 
12 1 1 0 0 0 0 0 1 0 1 1 0 
12 1 0 0 1 1 0 0 0 0 0 0 0 
12 2 0 0 0 1 0 0 0 0 1 1 0 
6 1 0 0 1 1 0 0 0 0 0 0 0 
0 2 1 0 0 1 0 0 0 0 1 1 0 
0 1 0 0 0 1 1 1 0 0 1 0 0 
13 1 1 0 0 0 0 0 1 0 1 1 0 
13 1 1 0 0 0 0 0 0 0 0 1 0 
13 1 0 0 0 0 0 0 1 0 1 0 0 
13 1 0 0 0 0 0 0 0 1 0 1 0 
13 1 0 0 1 0 0 0 1 0 1 0 0 
13 1 1 0 0 0 0 0 0 0 1 1 0 
9 1 1 0 1 0 0 0 1 1 1 1 0 
9 1 0 0 0 0 1 1 0 0 0 1 0 
9 1 1 0 0 0 0 0 0 0 0 1 0 
9 1 0 0 0 1 0 0 0 0 0 0 0 
9 2 0 0 0 0 0 0 1 0 1 0 0 
12 1 1 0 1 0 0 0 0 0 1 0 0 
10 1 0 0 0 0 0 0 0 1 0 1 0 
10 1 1 0 0 0 0 0 0 0 0 0 0 
12 2 0 0 0 0 1 1 0 0 1 0 0 
12 1 0 0 1 1 0 0 1 0 0 0 0 
12 1 0 0 0 0 0 0 1 1 0 1 0 
0 1 1 0 0 0 0 0 0 0 1 0 0 
0 1 1 0 1 0 0 0 0 0 0 0 0 
7 1 0 0 0 0 0 0 1 0 1 0 0 
7 1 0 0 0 0 0 0 0 0 0 1 0 
11 1 0 0 0 0 0 0 1 0 1 0 0 
11 1 1 0 0 0 0 0 1 0 1 1 0 
11 1 0 0 1 0 1 0 0 0 0 0 0 
11 1 0 0 1 0 0 0 0 0 1 0 1 
3 1 0 0 0 0 0 0 0 0 1 1 0 
3 1 0 0 1 1 1 1 0 0 0 0 0 
3 1 0 0 0 0 0 0 1 1 0 1 0 
4 1 1 0 0 1 0 0 0 0 1 1 0 
4 3 1 0 0 0 0 0 0 0 0 0 0 
4 1 0 0 0 0 0 0 0 0 1 0 0 
4 1 0 0 0 0 0 0 0 0 1 1 0 
4 1 0 0 1 0 0 0 0 0 0 0 0 
4 1 0 0 0 0 0 0 0 1 0 1 0 
6 1 0 0 0 0 0 1 0 0 0 1 0 
6 1 0 0 0 1 0 0 0 0 1 1 0 
8 1 0 0 0 1 0 0 0 0 1 1 0 
8 1 1 0 1 0 0 0 1 0 1 0 0 
9 1 0 0 0 0 0 0 0 0 1 0 1 
6 1 0 0 1 0 1 1 0 1 1 1 0 
6 1 1 0 0 0 0 0 0 0 1 1 0 
12 1 0 0 1 0 0 0 1 0 0 0 0 
12 1 0 0 0 0 0 0 0 1 0 1 0 
12 1 0 0 0 1 1 1 0 0 1 0 0 
2 2 0 0 0 1 0 0 0 0 0 1 0 
2 1 1 0 0 0 0 0 0 1 1 1 0 
2 1 0 0 0 1 0 0 0 0 1 1 0 
1 1 0 0 1 0 0 0 1 0 1 1 0 
1 1 0 0 0 0 0 0 0 0 1 1 0 
6 1 0 0 0 0 0 1 0 1 0 1 0 
6 1 0 0 0 0 1 0 0 0 0 0 0 
8 1 0 0 1 0 0 0 1 0 0 0 0 
8 1 0 0 0 0 0 0 0 1 1 1 0 
2 1 1 0 0 0 0 0 1 0 0 0 0 
2 1 0 0 0 1 1 1 0 0 0 0 0 
2 1 0 0 0 1 0 0 1 0 0 0 0 
2 1 0 0 0 0 0 0 0 0 1 1 0 
2 1 0 0 1 0 0 0 1 1 1 1 0 
2 1 0 0 0 0 0 0 0 0 1 0 1 
14 1 1 0 0 0 0 0 1 0 0 0 0 
2 1 0 0 0 1 1 1 0 0 1 0 0 
2 1 1 0 1 0 0 0 1 0 1 0 0 
2 1 1 0 0 1 0 0 0 0 1 1 0 
7 1 0 0 0 0 1 1 0 0 0 1 0 
14 1 0 0 0 1 0 0 0 1 0 1 0 
14 1 0 0 0 0 0 0 1 0 0 0 0 
14 1 1 0 1 1 0 0 1 0 1 0 0 
3 1 0 0 0 0 0 0 0 0 1 0 0 
2 1 0 0 0 0 0 0 1 1 0 1 0 
2 1 0 0 0 0 1 0 0 0 1 1 0 
5 5 0 0 0 0 0 0 0 0 0 0 0 
5 1 1 0 0 0 0 0 0 0 0 1 0 
5 2 1 0 0 0 0 0 0 0 0 0 0 
5 2 0 0 0 0 0 0 0 0 0 1 0 
5 1 1 0 0 0 0 0 1 0 0 0 0 
8 1 0 0 0 0 1 0 0 0 1 0 0 
0
1
2
3
1
1
0
4
5
1
1
0
1
6
3
2
1
7
8
1
9
10
5
2
1
5
11
1
0
12
1
13
14
15
16
17
18
19
17
20
5
21
22
23
24
25
22
21
24
26
27
22
22
24
25
21
24
28
22
29
26
5
19
30
19
5
31
32
32
33
34
32
35
32
36
37
32
32
32
38
39
32
35
40
32
41
23
24
22
42
43
44
45
46
42
47
48
45
49
45
50
49
51
45
45
52
53
42
45
54
45
55
56
45
45
49
47
45
45
57
45
58
59
60
61
62
63
64
65
62
66
58
67
58
68
58
69
58
70
71
72
73
73
74
73
75
76
73
77
22
78
24
22
79
26
22
80
21
22
23
81
22
21
24
22
22
82
22
73
83
84
85
86
73
87
73
85
88
73
73
73
89
73
73
90
73
85
73
91
92
93
94
95
96
93
93
93
97
98
99
100
101
102
102
103
104
105
106
107
102
102
103
102
102
108
102
109
110
19
19
111
19
112
17
19
17
113
19
19
114
19
111
115
114
19
19
116
117
26
78
22
118
119
22
22
22
24
120
22
121
22
22
22
24
80
22
22
122
123
22
22
78
22
124
23
24
22
125
22
28
24
126
22
22
127
22
22
26
128
85
76
73
73
73
72
59
58
58
129
59
58
130
58
67
65
69
58
70
58
58
131
58
132
62
65
93
133
58
134
59
69
58
135
136
58
137
64
62
73
138
73
85
139
140
73
73
72
76
73
141
73
75
73
73
73
90
142
76
143
22
22
127
22
80
144
145
144
146
144
147
148
144
144
149
150
144
151
152
144
153
154
144
155
23
22
22
156
25
82
22
80
22
118
78
22
26
25
82
22
22
157
22
22
158
26
22
22
119
28
24
25
22
21
22
24
22
22
23
24
159
120
22
28
160
5
1
161
5
145
162
144
147
144
148
147
144
144
163
164
165
148
147
144
154
144
166
153
101
105
107
167
168
107
169
102
107
101
102
170
171
172
107
173
19
115
174
19
175
17
19
176
19
17
19
173
15
177
114
19
117
178
19
5
179
102
102
106
102
180
99
102
181
102
182
102
102
101
183
184
101
102
107
185
111
177
19
19
186
187
19
174
115
19
19
188
117
17
5
55
45
45
45
47
189
45
190
43
191
73
192
85
140
73
73
90
193
73
194
73
73
195
73
73
196
73
197
73
42
56
45
55
198
45
199
200
45
201
49
53
202
47
45
203
45
45
45
49
28
22
26
25
24
22
29
22
22
24
27
21
204
22
22
127
22
22
22
22
91
205
1
206
1
1
5
0
12
5
174
19
16
207
17
16
19
207
117
19
111
175
18
17
19
208
19
19
207
19
209
173
210
19
5
101
211
102
102
104
172
105
101
102
183
212
102
107
102
101
102
105
213
102
106
5
214
215
216
217
218
215
219
220
215
215
216
215
215
221
222
47
43
47
45
223
45
45
45
48
46
224
45
225
200
42
45
45
200
226
227
227
227
227
228
173
17
19
229
230
19
19
17
15
231
19
232
19
177
174
19
19
233
117
17
234
22
22
32
38
235
236
32
237
238
239
239
240
237
239
241
215
242
215
215
215
243
215
244
217
220
215
215
216
245
215
215
218
215
215
246
25
22
247
22
248
24
22
22
22
22
22
249
21
24
22
26
29
24
22
23
62
63
250
62
251
137
58
252
62
58
61
68
71
58
58
59
131
58
132
62
17
19
207
253
19
14
19
19
174
19
254
16
19
174
255
173
256
257
258
256
256
256
256
256
259
256
260
256
256
256
256
257
261
256
262
256
263
162
144
147
264
265
35
32
32
266
32
32
267
38
32
35
32
32
31
39
32
264
268
32
15
173
115
19
17
269
19
30
16
17
19
19
174
19
19
117
254
19
15
188
22
22
22
270
28
22
157
22
22
22
118
26
22
22
22
23
271
22
80
22
241
272
215
215
215
273
274
215
215
216
275
215
220
276
215
215
215
277
217
215
144
278
279
144
153
280
281
282
144
154
145
144
164
144
144
263
144
40
50
283
32
32
32
240
237
284
285
286
32
287
35
32
32
268
32
35
288
32
34
32
209
22
22
270
22
22
22
119
22
22
23
22
289
120
22
234
21
22
290
80
291
262
292
256
256
256
185
293
105
104
102
102
102
294
168
295
101
102
104
172
181
102
107
106
296
94
92
93
96
93
92
93
93
297
93
298
93
93
299
93
227
227
300
227
227
301
302
227
227
227
227
301
303
304
227
227
305
301
227
227
91
17
20
19
207
19
19
111
19
117
306
231
19
174
19
19
307
19
19
174
173
59
58
58
308
62
58
58
309
58
58
60
70
62
58
131
59
58
69
58
153
164
165
151
147
310
154
144
282
186
16
311
19
19
17
19
116
117
19
17
19
187
111
19
312
19
19
15
114
58
132
58
133
32
286
32
50
40
313
32
32
34
50
32
32
34
32
314
264
39
50
32
315
56
45
45
45
55
200
316
45
317
45
45
203
45
202
318
45
200
201
224
200
230
19
16
111
73
76
88
73
319
73
73
73
196
85
88
73
320
73
73
321
178
16
17
19
16
174
19
16
14
19
16
231
174
19
322
17
117
173
19
67
58
58
58
252
323
69
62
70
130
67
58
58
136
58
132
71
58
58
324
325
45
53
326
45
49
45
42
46
45
327
328
45
45
200
329
45
47
316
330
331
45
45
45
143
332
45
45
333
45
45
43
224
45
45
201
189
45
45
334
45
45
46
42
45
246
262
256
256
335
256
228
1
336
5
11
337
143
1
1
338
93
92
93
339
5
340
47
45
341
46
45
190
342
343
342
342
344
342
345
346
342
345
344
70
69
65
61
63
64
58
347
206
