1119 11 131 20 1 119
1 3 1
1 5 1
1 11 0
1 13 0
1 12 0
1 36 0
1 120 0
1 90 0
1 13 0
40 60 0
40 60 0
5 2 1 0 0 1 0 0 0 0 1 0 0 
5 66 0 0 0 0 0 0 0 0 0 0 1 
5 15 1 0 0 0 0 0 0 0 0 0 0 
5 17 0 0 0 0 0 0 0 0 0 1 0 
5 1 1 1 0 0 1 0 0 0 0 0 0 
5 4 0 0 1 0 0 0 0 0 0 0 1 
5 8 1 1 0 0 0 0 0 0 0 0 0 
5 1 1 1 0 0 0 1 0 0 0 0 0 
5 3 1 0 0 1 0 0 0 0 0 0 0 
5 2 0 0 0 0 1 0 0 0 0 0 1 
5 1 1 0 0 0 0 1 0 0 0 0 0 
5 1 0 0 0 0 0 0 0 1 0 1 0 
5 1 1 0 0 0 0 0 0 0 1 0 0 
5 1 0 0 0 0 0 0 1 0 0 1 0 
5 2 0 0 0 1 0 0 0 0 0 1 0 
5 1 1 1 0 0 1 1 0 0 0 0 0 
5 1 1 1 0 0 0 0 0 0 1 0 0 
4 7 0 0 0 0 0 0 0 0 0 0 1 
16 10 0 0 0 1 0 0 0 0 0 1 0 
8 42 0 0 0 0 0 0 0 0 0 0 1 
8 4 1 1 0 0 0 0 0 0 0 0 0 
8 11 0 0 0 0 0 0 0 0 0 1 0 
6 23 0 0 0 0 0 0 0 0 0 1 0 
2 10 1 0 0 0 0 0 0 0 0 0 0 
2 22 0 0 0 0 0 0 0 0 0 0 1 
2 5 0 0 1 0 0 0 0 0 0 0 1 
2 25 1 1 0 0 0 0 0 0 0 0 0 
9 18 0 0 0 0 1 0 0 0 0 0 1 
9 29 0 0 0 0 0 0 0 0 0 0 1 
16 6 1 0 0 0 0 0 0 0 0 0 0 
0 126 0 0 0 0 0 0 0 0 0 0 1 
0 3 1 1 0 0 0 0 0 0 1 0 0 
0 17 1 1 0 0 0 0 0 0 0 0 0 
0 16 0 0 1 0 0 0 0 0 0 0 1 
0 21 0 0 0 0 1 0 0 0 0 0 1 
0 29 0 0 0 0 0 0 0 0 0 1 0 
16 3 1 0 0 1 0 0 0 0 1 0 0 
12 26 0 0 0 0 0 0 0 0 0 0 1 
12 10 0 0 1 0 0 0 0 0 0 0 1 
2 3 1 1 0 0 1 0 0 0 0 0 0 
2 2 1 1 0 0 0 0 0 0 1 0 0 
6 3 0 0 0 0 0 0 0 1 0 1 0 
6 61 0 0 0 0 0 0 0 0 0 0 1 
6 4 1 1 0 0 0 0 0 0 0 0 0 
6 11 0 0 1 0 0 0 0 0 0 0 1 
10 1 1 0 0 0 0 1 0 0 0 0 0 
14 7 0 0 0 0 0 0 0 0 0 1 0 
10 13 1 0 0 0 0 0 0 0 1 0 0 
0 13 1 0 0 0 0 0 0 0 0 0 0 
0 5 0 0 0 1 0 0 0 0 0 1 0 
0 5 1 0 0 0 0 0 0 0 1 0 0 
10 9 1 0 0 0 0 0 0 0 0 0 0 
10 3 1 1 0 0 0 0 0 0 1 0 0 
13 17 0 0 0 0 0 0 0 0 0 1 0 
13 6 0 0 1 0 0 0 0 0 0 0 1 
13 1 0 0 0 0 0 0 1 0 0 1 0 
0 1 1 0 0 0 0 1 0 0 0 0 0 
8 3 0 0 0 1 0 0 0 0 0 1 0 
8 7 1 0 0 0 0 0 0 0 0 0 0 
16 7 1 0 0 1 0 0 0 0 0 0 0 
6 2 1 1 0 0 0 0 0 0 1 0 0 
4 5 0 0 0 0 0 0 0 0 0 1 0 
4 1 1 0 0 1 0 0 0 0 1 0 0 
16 6 0 0 0 0 0 0 0 0 0 1 0 
16 7 0 0 0 0 0 0 0 0 0 0 1 
16 4 1 1 0 0 0 0 0 0 0 0 0 
3 8 0 0 0 0 0 0 0 0 0 1 0 
9 4 0 0 1 0 0 0 0 0 0 0 1 
2 1 1 1 0 0 1 1 0 0 0 0 0 
6 3 1 0 0 0 0 0 0 0 0 0 0 
2 4 1 0 0 1 0 0 0 0 0 0 0 
2 12 0 0 0 0 0 0 0 0 0 1 0 
2 6 1 0 0 0 0 0 0 0 1 0 0 
0 1 1 1 0 0 0 1 0 0 0 0 0 
12 1 0 0 0 0 1 0 0 0 0 0 1 
10 8 1 0 0 1 0 0 0 0 0 0 0 
13 31 0 0 0 0 0 0 0 0 0 0 1 
10 6 1 1 0 0 0 0 0 0 0 0 0 
13 1 0 0 0 0 1 1 1 0 0 1 0 
10 3 1 0 0 1 0 0 0 0 1 0 0 
13 4 1 1 0 0 0 0 0 0 0 0 0 
15 7 0 0 0 0 1 0 0 0 0 0 1 
15 32 0 0 0 0 0 0 0 0 0 0 1 
6 1 1 0 0 0 0 1 0 0 0 0 0 
15 6 0 0 0 0 0 0 0 0 0 1 0 
8 3 1 0 0 0 0 0 0 0 1 0 0 
7 3 0 0 1 0 0 0 0 0 0 0 1 
7 10 0 0 0 0 0 0 0 0 0 1 0 
6 2 0 0 0 1 0 0 0 0 0 1 0 
2 1 0 0 0 0 1 1 0 0 0 1 0 
7 15 0 0 0 0 0 0 0 0 0 0 1 
3 8 0 0 0 0 0 0 0 0 0 0 1 
1 66 0 0 0 0 0 0 0 0 0 0 1 
1 2 1 0 0 1 0 0 0 0 1 0 0 
1 1 1 0 0 0 0 1 0 0 0 0 0 
1 2 1 1 0 0 0 0 0 0 0 0 0 
1 19 0 0 0 0 0 0 0 0 0 1 0 
13 2 1 0 0 0 0 0 0 0 0 0 0 
1 6 0 0 1 0 0 0 0 0 0 0 1 
2 1 0 0 0 0 0 0 1 1 0 1 0 
2 1 0 0 0 1 0 0 0 0 0 1 0 
2 3 1 0 0 0 1 1 0 0 0 0 0 
1 1 1 0 0 0 0 0 0 0 1 0 0 
0 2 1 0 0 1 0 0 0 0 0 0 0 
10 2 1 0 0 0 1 1 0 0 0 0 0 
2 1 0 0 0 0 1 0 0 0 0 0 1 
2 4 1 1 0 0 0 1 0 0 0 0 0 
8 1 0 0 0 0 0 0 0 1 0 1 0 
8 2 0 0 1 0 0 0 0 0 0 0 1 
16 2 1 0 0 0 0 0 0 0 1 0 0 
1 1 1 1 0 0 0 1 0 0 0 0 0 
7 1 1 0 0 0 0 0 0 0 0 0 0 
3 1 0 0 0 0 0 0 1 0 0 1 0 
16 2 1 1 0 0 0 0 0 0 1 0 0 
4 1 1 0 0 0 0 1 0 0 0 0 0 
13 2 0 0 0 0 0 0 0 1 0 1 0 
6 1 1 0 0 0 0 0 0 0 1 0 0 
1 1 1 0 0 1 0 0 0 0 0 0 0 
1 1 1 1 0 0 0 0 0 0 1 0 0 
0 1 1 0 0 1 0 0 0 0 1 0 0 
1 1 0 0 0 0 0 0 1 0 0 1 0 
0 1 0 0 0 0 1 0 0 0 0 1 0 
13 1 1 0 0 0 0 0 0 0 1 0 0 
7 1 0 0 0 0 0 0 0 1 0 1 0 
15 1 0 0 1 0 0 0 0 0 0 0 1 
11 1 0 0 1 0 0 0 0 0 0 0 1 
8 1 1 0 0 1 0 0 0 0 0 0 0 
8 1 1 0 0 0 1 1 0 0 0 0 0 
1 1 1 0 0 0 0 0 0 0 0 0 0 
15 1 0 0 0 0 0 0 1 0 0 1 0 
6 1 1 1 0 0 1 0 0 0 0 0 0 
0
1
1
2
3
1
2
1
1
2
1
3
4
1
3
1
2
1
1
1
3
5
6
1
1
3
1
3
1
7
1
1
3
1
8
1
1
6
1
1
1
2
1
1
2
1
9
1
2
1
1
6
1
1
5
0
3
1
6
1
3
2
1
1
1
1
1
6
1
9
10
1
11
6
1
1
5
1
6
1
3
2
1
3
2
3
3
12
13
1
1
2
14
3
1
1
2
1
1
15
1
1
5
2
1
1
1
6
1
3
2
1
1
8
1
1
16
1
17
18
19
20
21
22
23
24
25
26
27
28
28
29
18
30
31
30
30
30
30
30
32
33
30
34
35
30
30
36
37
37
37
37
38
37
37
39
37
37
37
37
40
41
42
42
22
43
42
22
44
45
46
46
46
46
47
34
35
30
48
35
30
49
30
32
35
35
30
50
34
33
30
30
32
30
35
51
30
30
30
30
30
34
30
35
52
53
54
55
51
1
1
8
1
34
48
35
30
30
32
35
30
50
30
33
30
56
30
30
57
19
19
19
19
19
58
19
19
20
21
19
19
59
27
44
42
60
42
22
42
42
42
22
22
22
41
43
42
44
28
28
27
26
17
61
62
61
30
32
30
30
30
30
34
26
38
63
29
18
64
65
66
66
47
28
27
51
28
28
28
28
67
28
28
59
30
30
50
30
30
68
22
42
42
42
42
42
69
42
42
44
42
22
42
42
42
27
70
71
24
40
24
71
23
71
71
26
24
24
23
27
18
26
25
42
72
35
30
30
30
73
30
30
30
35
35
30
32
30
33
34
47
19
19
58
19
19
51
37
37
37
38
74
75
17
61
47
61
17
17
61
17
51
76
76
77
78
54
76
79
76
76
53
76
53
76
53
80
54
53
76
81
82
82
82
82
47
49
30
48
30
35
30
30
48
30
30
34
30
33
36
22
22
42
42
41
22
83
42
22
26
82
84
72
38
37
26
27
18
29
37
37
22
26
24
24
72
24
24
39
71
25
24
24
71
26
19
19
19
19
57
19
20
19
21
85
19
21
58
86
87
77
27
42
42
88
42
22
60
42
44
42
42
42
26
89
71
24
23
90
90
26
87
90
86
70
28
27
26
91
91
47
91
91
66
66
26
91
38
2
3
3
23
27
92
92
93
92
92
92
92
92
92
94
92
92
95
92
96
59
33
30
30
35
32
30
35
34
47
76
76
97
76
76
54
80
76
76
59
82
81
82
26
82
82
23
98
92
46
26
99
100
101
96
92
92
96
102
92
98
92
92
92
92
92
59
76
76
53
80
54
53
97
76
34
52
30
35
35
35
30
103
30
30
77
82
82
82
81
82
47
54
76
53
76
76
75
53
76
53
53
76
76
51
42
44
104
91
91
66
66
79
92
92
92
92
98
92
26
27
28
23
82
84
82
82
82
82
82
70
24
105
26
46
46
23
71
25
26
92
96
92
72
27
28
106
107
57
58
21
108
58
21
19
19
19
19
19
85
19
27
26
86
87
70
96
92
95
92
92
92
51
28
28
27
67
64
109
18
63
63
29
96
92
92
92
92
92
110
92
96
92
92
92
92
93
96
96
92
82
81
51
96
92
98
92
92
92
92
92
75
82
81
47
90
90
87
111
90
87
23
38
37
37
101
24
24
26
82
84
82
82
26
24
24
24
71
71
26
24
71
72
28
28
27
65
18
42
44
42
22
42
22
42
47
66
112
66
91
77
34
38
75
30
30
30
32
30
30
30
30
48
33
34
30
109
63
64
64
65
63
18
64
29
67
28
28
28
28
28
47
28
27
28
28
75
38
37
37
51
96
92
96
48
34
35
31
30
35
30
30
30
30
33
103
30
30
34
32
30
30
48
28
28
28
67
113
18
17
114
53
53
80
53
53
76
76
76
76
53
115
59
30
30
33
31
30
35
34
35
30
48
42
42
42
43
44
22
116
42
27
96
117
96
92
92
92
96
92
92
92
118
92
96
92
92
26
24
25
101
42
42
88
22
69
22
42
69
22
42
44
42
42
30
34
30
32
30
30
36
30
33
30
35
30
30
30
30
32
34
30
48
30
30
32
35
33
119
30
30
106
90
87
90
90
87
77
98
92
120
79
30
30
121
30
48
30
30
30
32
33
30
76
122
53
76
32
34
30
35
48
30
30
33
30
32
35
30
30
34
32
30
35
50
33
49
23
24
71
106
24
90
90
123
90
90
65
63
64
59
84
81
52
82
124
82
82
82
82
82
82
84
82
81
75
125
30
30
30
35
85
19
19
20
19
19
19
108
19
21
126
21
19
127
19
19
21
58
19
96
92
92
113
64
18
29
98
92
39
96
92
92
92
128
96
92
48
49
30
30
33
32
30
30
30
48
34
30
50
30
30
33
35
30
30
49
26
129
84
104
90
87
90
87
87
47
37
37
37
38
37
37
37
26
42
22
42
42
42
43
42
22
42
42
130
42
42
44
42
42
42
42
75
115
76
76
47
34
30
30
30
77
42
44
42
75
19
21
19
21
19
58
19
19
72
38
27
106
1
14
