1119 11 131 20 0 119
1 3 1
1 5 1
1 11 0
1 13 0
1 12 0
1 36 0
1 120 0
1 90 0
1 13 0
40 60 0
40 60 0
5 2 1 0 0 1 0 0 0 0 1 0 0 
5 66 0 0 0 0 0 0 0 0 0 0 1 
5 15 1 0 0 0 0 0 0 0 0 0 0 
5 17 0 0 0 0 0 0 0 0 0 1 0 
5 1 1 1 0 0 1 0 0 0 0 0 0 
5 4 0 0 1 0 0 0 0 0 0 0 1 
5 8 1 1 0 0 0 0 0 0 0 0 0 
5 1 1 1 0 0 0 1 0 0 0 0 0 
5 3 1 0 0 1 0 0 0 0 0 0 0 
5 2 0 0 0 0 1 0 0 0 0 0 1 
5 1 1 0 0 0 0 1 0 0 0 0 0 
5 1 0 0 0 0 0 0 0 1 0 1 0 
5 1 1 0 0 0 0 0 0 0 1 0 0 
5 1 0 0 0 0 0 0 1 0 0 1 0 
5 2 0 0 0 1 0 0 0 0 0 1 0 
5 1 1 1 0 0 1 1 0 0 0 0 0 
5 1 1 1 0 0 0 0 0 0 1 0 0 
4 7 0 0 0 0 0 0 0 0 0 0 1 
2 25 1 1 0 0 0 0 0 0 0 0 0 
0 126 0 0 0 0 0 0 0 0 0 0 1 
0 21 0 0 0 0 1 0 0 0 0 0 1 
0 16 0 0 1 0 0 0 0 0 0 0 1 
0 17 1 1 0 0 0 0 0 0 0 0 0 
0 29 0 0 0 0 0 0 0 0 0 1 0 
16 7 1 0 0 1 0 0 0 0 0 0 0 
16 2 1 1 0 0 0 0 0 0 1 0 0 
16 10 0 0 0 1 0 0 0 0 0 1 0 
16 6 0 0 0 0 0 0 0 0 0 1 0 
16 4 1 1 0 0 0 0 0 0 0 0 0 
16 6 1 0 0 0 0 0 0 0 0 0 0 
16 2 1 0 0 0 0 0 0 0 1 0 0 
16 7 0 0 0 0 0 0 0 0 0 0 1 
16 3 1 0 0 1 0 0 0 0 1 0 0 
15 1 0 0 0 0 0 0 1 0 0 1 0 
15 7 0 0 0 0 1 0 0 0 0 0 1 
15 32 0 0 0 0 0 0 0 0 0 0 1 
15 1 0 0 1 0 0 0 0 0 0 0 1 
13 31 0 0 0 0 0 0 0 0 0 0 1 
13 6 0 0 1 0 0 0 0 0 0 0 1 
13 17 0 0 0 0 0 0 0 0 0 1 0 
13 4 1 1 0 0 0 0 0 0 0 0 0 
13 2 1 0 0 0 0 0 0 0 0 0 0 
15 6 0 0 0 0 0 0 0 0 0 1 0 
12 26 0 0 0 0 0 0 0 0 0 0 1 
12 10 0 0 1 0 0 0 0 0 0 0 1 
13 1 1 0 0 0 0 0 0 0 1 0 0 
13 2 0 0 0 0 0 0 0 1 0 1 0 
10 3 1 0 0 1 0 0 0 0 1 0 0 
10 6 1 1 0 0 0 0 0 0 0 0 0 
10 13 1 0 0 0 0 0 0 0 1 0 0 
10 2 1 0 0 0 1 1 0 0 0 0 0 
10 8 1 0 0 1 0 0 0 0 0 0 0 
10 9 1 0 0 0 0 0 0 0 0 0 0 
10 1 1 0 0 0 0 1 0 0 0 0 0 
10 3 1 1 0 0 0 0 0 0 1 0 0 
13 1 0 0 0 0 0 0 1 0 0 1 0 
9 18 0 0 0 0 1 0 0 0 0 0 1 
9 29 0 0 0 0 0 0 0 0 0 0 1 
9 4 0 0 1 0 0 0 0 0 0 0 1 
8 42 0 0 0 0 0 0 0 0 0 0 1 
8 7 1 0 0 0 0 0 0 0 0 0 0 
8 11 0 0 0 0 0 0 0 0 0 1 0 
8 4 1 1 0 0 0 0 0 0 0 0 0 
8 3 0 0 0 1 0 0 0 0 0 1 0 
7 1 0 0 0 0 0 0 0 1 0 1 0 
7 10 0 0 0 0 0 0 0 0 0 1 0 
7 3 0 0 1 0 0 0 0 0 0 0 1 
7 15 0 0 0 0 0 0 0 0 0 0 1 
8 2 0 0 1 0 0 0 0 0 0 0 1 
8 1 1 0 0 0 1 1 0 0 0 0 0 
8 3 1 0 0 0 0 0 0 0 1 0 0 
6 61 0 0 0 0 0 0 0 0 0 0 1 
6 23 0 0 0 0 0 0 0 0 0 1 0 
6 11 0 0 1 0 0 0 0 0 0 0 1 
6 2 0 0 0 1 0 0 0 0 0 1 0 
6 1 1 1 0 0 1 0 0 0 0 0 0 
1 66 0 0 0 0 0 0 0 0 0 0 1 
1 1 1 1 0 0 0 1 0 0 0 0 0 
1 19 0 0 0 0 0 0 0 0 0 1 0 
1 6 0 0 1 0 0 0 0 0 0 0 1 
1 2 1 0 0 1 0 0 0 0 1 0 0 
6 3 1 0 0 0 0 0 0 0 0 0 0 
6 4 1 1 0 0 0 0 0 0 0 0 0 
6 1 1 0 0 0 0 0 0 0 1 0 0 
6 3 0 0 0 0 0 0 0 1 0 1 0 
0 1 1 0 0 0 0 1 0 0 0 0 0 
0 5 0 0 0 1 0 0 0 0 0 1 0 
0 3 1 1 0 0 0 0 0 0 1 0 0 
0 13 1 0 0 0 0 0 0 0 0 0 0 
6 2 1 1 0 0 0 0 0 0 1 0 0 
1 1 1 1 0 0 0 0 0 0 1 0 0 
6 1 1 0 0 0 0 1 0 0 0 0 0 
0 2 1 0 0 1 0 0 0 0 0 0 0 
0 1 1 0 0 1 0 0 0 0 1 0 0 
1 1 1 0 0 0 0 1 0 0 0 0 0 
1 1 0 0 0 0 0 0 1 0 0 1 0 
1 2 1 1 0 0 0 0 0 0 0 0 0 
1 1 1 0 0 0 0 0 0 0 1 0 0 
1 1 1 0 0 1 0 0 0 0 0 0 0 
0 1 0 0 0 0 1 0 0 0 0 1 0 
0 5 1 0 0 0 0 0 0 0 1 0 0 
0 1 1 1 0 0 0 1 0 0 0 0 0 
1 1 1 0 0 0 0 0 0 0 0 0 0 
2 4 1 1 0 0 0 1 0 0 0 0 0 
2 22 0 0 0 0 0 0 0 0 0 0 1 
2 10 1 0 0 0 0 0 0 0 0 0 0 
2 5 0 0 1 0 0 0 0 0 0 0 1 
2 2 1 1 0 0 0 0 0 0 1 0 0 
2 1 0 0 0 1 0 0 0 0 0 1 0 
2 12 0 0 0 0 0 0 0 0 0 1 0 
2 1 0 0 0 0 1 1 0 0 0 1 0 
2 6 1 0 0 0 0 0 0 0 1 0 0 
2 3 1 0 0 0 1 1 0 0 0 0 0 
2 1 0 0 0 0 0 0 1 1 0 1 0 
2 4 1 0 0 1 0 0 0 0 0 0 0 
2 3 1 1 0 0 1 0 0 0 0 0 0 
2 1 1 1 0 0 1 1 0 0 0 0 0 
2 1 0 0 0 0 1 0 0 0 0 0 1 
3 8 0 0 0 0 0 0 0 0 0 1 0 
3 8 0 0 0 0 0 0 0 0 0 0 1 
3 1 0 0 0 0 0 0 1 0 0 1 0 
4 1 1 0 0 1 0 0 0 0 1 0 0 
4 5 0 0 0 0 0 0 0 0 0 1 0 
4 1 1 0 0 0 0 1 0 0 0 0 0 
7 1 1 0 0 0 0 0 0 0 0 0 0 
8 1 1 0 0 1 0 0 0 0 0 0 0 
8 1 0 0 0 0 0 0 0 1 0 1 0 
12 1 0 0 0 0 1 0 0 0 0 0 1 
13 1 0 0 0 0 1 1 1 0 0 1 0 
14 7 0 0 0 0 0 0 0 0 0 1 0 
11 1 0 0 1 0 0 0 0 0 0 0 1 
0
1
1
2
3
1
2
1
1
2
1
3
4
1
3
1
2
1
1
1
3
5
6
1
1
3
1
3
1
7
1
1
3
1
8
1
1
6
1
1
1
2
1
1
2
1
9
1
2
1
1
6
1
1
5
0
3
1
6
1
3
2
1
1
1
1
1
6
1
9
10
1
11
6
1
1
5
1
6
1
3
2
1
3
2
3
3
12
13
1
1
2
14
3
1
1
2
1
1
15
1
1
5
2
1
1
1
6
1
3
2
1
1
8
1
1
16
1
17
18
19
19
19
20
21
19
22
19
19
19
19
19
19
22
23
20
19
19
21
24
25
26
24
27
26
28
27
29
30
27
31
29
27
24
31
26
28
26
32
33
34
35
35
35
35
35
35
35
35
35
35
34
36
35
35
35
35
35
34
32
24
31
27
28
26
32
37
38
37
37
37
39
37
40
39
39
41
39
38
37
40
39
39
37
39
39
34
35
42
35
42
42
35
43
44
43
44
43
43
43
43
43
43
43
44
43
43
43
44
44
37
37
39
39
39
45
37
37
37
37
37
46
37
37
37
37
37
37
37
38
47
47
48
49
50
49
51
48
52
52
52
52
48
49
51
53
49
49
51
54
37
38
37
39
55
56
56
57
56
57
57
57
57
57
56
57
57
57
56
57
57
58
57
56
56
49
49
51
54
47
59
59
59
59
59
60
61
61
60
59
59
62
61
61
60
61
59
63
62
61
56
56
57
58
57
57
57
57
57
56
56
64
65
65
66
67
67
67
67
65
67
59
59
59
59
62
59
59
68
59
59
69
59
63
60
59
59
70
59
59
59
71
72
73
71
71
71
72
72
74
72
72
71
72
72
75
71
73
72
72
71
59
59
59
59
70
59
59
62
59
63
59
68
59
59
59
76
76
76
77
76
78
76
79
76
78
76
76
76
76
76
76
80
78
76
78
72
81
73
71
82
71
71
71
71
83
84
74
71
73
72
82
71
71
72
72
85
20
19
19
86
87
21
19
19
88
19
19
19
19
19
22
19
23
20
23
71
71
73
71
71
71
81
71
72
89
71
71
71
71
72
81
71
71
73
72
78
76
76
76
76
78
76
78
78
78
79
76
76
76
76
78
76
76
78
90
71
71
91
73
72
72
71
71
72
71
71
71
71
71
71
71
89
71
72
73
92
23
20
22
19
19
19
23
19
22
19
21
19
23
19
88
19
23
20
93
72
71
82
71
84
71
71
71
71
71
73
72
78
76
76
76
76
94
76
76
76
79
95
96
76
78
76
76
76
76
76
76
22
21
23
19
88
20
23
19
19
87
19
23
21
19
22
23
86
19
20
88
76
76
76
78
76
79
76
76
78
78
97
76
76
76
76
78
98
76
76
76
99
19
23
19
19
22
19
23
21
19
19
100
19
19
23
88
23
20
101
19
76
79
76
76
78
76
96
76
76
76
76
76
80
78
76
76
76
102
79
76
23
22
23
19
19
20
19
19
19
100
21
19
19
23
23
22
19
20
19
86
76
76
21
23
19
22
19
19
19
20
100
19
19
22
19
23
23
88
19
19
23
20
103
104
18
105
106
107
108
109
105
104
18
109
104
18
110
106
18
104
111
18
19
86
88
19
19
19
19
21
19
19
88
19
20
19
19
22
19
19
19
19
18
18
104
106
112
18
113
114
109
111
18
104
104
18
109
18
112
104
104
18
19
21
19
19
19
23
19
19
22
20
19
19
19
19
23
22
19
21
19
19
18
111
104
115
105
104
103
105
109
18
104
114
18
104
105
109
115
111
104
18
19
19
19
19
23
21
88
19
20
88
19
19
19
19
92
19
19
88
23
19
116
109
18
109
111
106
18
109
114
104
103
105
109
115
109
104
105
109
107
18
19
21
19
19
22
20
19
19
19
19
88
19
21
22
20
19
23
88
19
19
18
105
104
111
104
18
112
104
105
18
104
114
104
18
105
104
18
106
117
103
19
19
19
19
87
19
19
19
21
23
20
19
19
19
19
86
19
19
100
20
118
118
119
119
119
118
118
119
119
119
120
118
118
119
118
118
119
121
17
122
17
17
17
122
17
122
123
17
122
122
8
3
1
1
2
3
1
1
14
84
71
73
71
71
71
71
71
71
71
71
82
71
71
73
71
71
71
72
71
20
100
67
65
65
67
66
65
67
67
65
67
67
65
67
67
65
67
65
67
124
66
59
59
61
60
59
59
125
61
59
60
126
59
59
61
60
61
59
61
59
70
56
56
57
57
58
57
56
57
57
57
57
56
57
57
57
57
56
58
56
56
49
48
51
49
51
49
48
52
52
52
52
48
50
49
51
52
49
51
54
49
44
44
43
43
127
43
43
43
44
43
43
43
44
43
43
43
43
43
43
44
37
41
39
39
37
40
37
39
37
38
37
128
39
37
37
40
39
37
38
46
129
129
129
129
129
129
129
34
35
42
42
35
35
35
35
35
35
42
35
34
35
35
35
35
35
35
34
130
24
26
25
24
31
29
26
31
29
31
29
27
31
28
26
29
26
30
26
24
