618 17 234 10 2 18
1 5 1
4 7 1
1 4 1
1 2 1
1 4 1
1 3 0
1 5 0
1 5 0
1 2 0
1 9 0
1 6 0
1 8 0
1 13 0
1 9 0
1 13 0
1 5 0
1 19 0
0 5 0 1 0 0 0 0 0 0 1 0 0 0 1 0 0 0 0 
1 1 1 0 0 1 0 0 0 1 0 0 0 0 0 1 0 0 0 
1 5 0 0 0 1 1 0 0 0 0 0 0 0 0 1 0 0 0 
1 1 0 1 1 0 0 0 1 0 1 0 0 0 0 1 0 0 0 
1 6 0 0 0 1 0 0 0 0 0 0 0 0 0 1 0 0 0 
2 5 0 1 1 0 1 1 0 0 1 0 0 0 0 0 0 0 0 
2 16 0 0 0 1 0 0 0 1 0 0 0 0 0 0 0 0 0 
2 1 1 1 1 0 0 1 1 0 1 0 0 0 0 0 0 0 0 
2 2 0 0 0 1 1 0 0 0 0 0 0 1 0 0 0 0 0 
2 22 0 1 0 0 0 1 0 0 1 0 0 0 0 0 0 0 0 
2 34 0 0 0 1 0 0 0 0 0 0 0 0 0 0 0 0 0 
2 1 0 0 0 1 1 0 1 0 1 0 0 0 0 0 0 0 0 
3 9 0 0 0 1 0 0 0 0 0 0 0 0 0 0 0 0 0 
3 1 0 0 0 1 1 0 0 0 0 0 0 1 0 0 0 0 0 
4 11 0 0 0 1 0 0 0 0 0 0 0 0 0 0 0 0 0 
5 24 0 0 0 1 0 0 0 0 0 0 0 0 0 0 0 1 0 
5 4 1 1 1 0 1 1 1 0 1 1 1 0 0 0 0 1 0 
3 2 0 0 0 1 0 0 0 0 0 0 0 1 0 0 0 0 0 
6 2 0 1 1 0 1 1 0 0 1 0 0 0 0 0 1 0 0 
6 1 0 1 0 0 0 0 1 0 1 0 0 0 0 0 1 0 0 
7 4 1 0 0 1 0 0 0 0 0 0 0 0 0 0 0 0 1 
2 7 0 1 0 0 0 1 0 1 1 0 0 0 0 0 0 0 0 
8 7 0 0 0 1 1 0 0 0 0 0 0 0 0 0 0 0 0 
8 3 0 1 0 0 0 1 0 0 1 0 0 0 0 0 0 0 0 
8 15 0 0 0 1 0 0 0 0 0 0 0 0 0 0 0 0 0 
8 1 0 1 0 0 0 0 1 0 1 0 0 0 0 0 0 0 0 
8 1 0 0 1 1 1 0 0 0 0 0 0 0 0 0 0 0 0 
6 1 0 1 0 0 0 1 0 1 1 0 0 0 0 0 1 0 0 
6 8 0 1 0 0 0 0 0 0 1 0 0 0 0 0 1 0 0 
9 7 0 0 0 1 0 0 0 0 0 0 0 1 0 0 0 0 0 
9 1 1 1 1 0 1 1 0 0 1 0 0 0 0 0 0 0 0 
9 9 0 0 0 1 0 0 0 0 0 0 0 0 0 0 0 0 0 
9 1 0 1 0 0 0 0 0 0 1 0 0 0 0 0 0 0 0 
9 1 0 1 1 0 1 1 1 0 1 0 0 0 0 0 0 0 0 
9 3 0 0 0 1 0 0 0 1 0 0 0 0 0 0 0 0 0 
5 4 0 1 0 0 0 0 0 0 1 0 0 0 0 0 0 1 0 
5 1 1 0 0 1 0 0 0 0 0 0 1 1 0 0 0 1 0 
0 1 0 1 1 0 1 1 1 0 1 1 1 0 1 0 0 0 0 
2 7 0 1 0 0 0 0 0 0 0 0 0 0 0 0 0 0 0 
8 1 1 0 1 1 1 0 0 0 0 0 0 0 0 0 0 0 0 
10 6 0 1 0 0 0 0 0 0 0 0 0 0 0 0 0 0 0 
10 4 0 0 0 1 0 0 0 0 0 0 0 0 0 0 0 0 0 
10 3 0 1 0 0 0 0 0 0 1 0 0 0 0 0 0 0 0 
10 1 0 0 0 1 0 0 0 0 0 0 1 1 0 0 0 0 0 
8 6 1 1 1 0 1 1 1 0 1 1 1 0 0 0 0 0 0 
8 4 0 1 0 0 0 0 0 0 1 0 0 0 0 0 0 0 0 
8 3 0 0 0 1 0 0 0 1 0 0 0 0 0 0 0 0 0 
2 28 0 1 0 0 0 0 0 0 1 0 0 0 0 0 0 0 0 
2 3 0 1 0 0 0 1 0 0 0 0 0 0 0 0 0 0 0 
7 2 0 0 0 1 1 0 0 0 0 0 0 0 0 0 0 0 1 
2 1 1 0 1 1 0 0 0 1 0 0 0 0 0 0 0 0 0 
5 3 0 0 0 1 1 0 0 0 0 0 0 0 0 0 0 1 0 
5 4 0 1 0 0 0 1 0 0 1 0 0 0 0 0 0 1 0 
5 4 1 1 0 0 0 0 0 0 1 0 0 0 0 0 0 1 0 
5 7 0 0 0 1 0 0 0 0 0 0 0 1 0 0 0 1 0 
5 1 0 1 1 0 1 1 1 1 1 0 0 0 0 0 0 1 0 
2 2 1 1 1 0 1 1 0 0 1 0 0 0 0 0 0 0 0 
2 1 1 1 1 0 1 0 0 0 1 0 0 0 0 0 0 0 0 
2 14 0 0 0 1 0 0 0 0 0 0 0 1 0 0 0 0 0 
5 1 0 0 0 1 0 0 1 0 1 0 0 0 0 0 0 1 0 
5 1 0 1 1 0 0 0 0 0 1 0 1 0 0 0 0 1 0 
4 4 0 1 0 0 0 1 0 1 1 0 0 0 0 0 0 0 0 
4 1 1 0 0 1 1 0 0 0 0 0 0 0 0 0 0 0 0 
4 4 0 1 0 0 0 1 0 0 1 0 0 0 0 0 0 0 0 
4 1 0 0 1 1 0 0 0 0 0 0 0 1 0 0 0 0 0 
4 8 0 1 0 0 0 0 0 0 1 0 0 0 0 0 0 0 0 
1 1 1 1 0 0 0 1 0 0 1 0 0 0 0 1 0 0 0 
1 1 0 0 1 1 1 0 1 1 1 0 0 0 0 1 0 0 0 
1 2 0 1 0 0 0 0 0 0 0 0 0 0 0 1 0 0 0 
0 2 0 1 0 0 0 1 0 0 1 0 0 0 1 0 0 0 0 
11 2 0 0 0 1 1 0 0 0 0 0 0 0 0 0 0 0 0 
11 2 0 0 1 1 0 0 0 1 0 0 0 0 0 0 0 0 0 
2 1 1 1 0 0 1 1 1 0 1 1 1 0 0 0 0 0 0 
2 2 0 0 1 1 0 0 0 1 0 0 0 0 0 0 0 0 0 
2 3 1 1 0 0 0 1 0 0 1 0 0 0 0 0 0 0 0 
2 1 0 0 1 1 1 0 0 0 0 0 0 0 0 0 0 0 0 
7 4 0 0 0 1 0 0 0 0 0 0 0 1 0 0 0 0 1 
7 3 0 0 0 1 0 0 0 0 0 0 0 0 0 0 0 0 1 
0 1 1 1 0 0 1 1 0 0 1 0 0 0 1 0 0 0 0 
0 2 0 1 1 0 0 1 0 0 1 0 0 0 1 0 0 0 0 
2 4 1 1 1 0 1 1 1 0 1 1 1 0 0 0 0 0 0 
2 2 1 1 0 0 1 1 0 1 1 0 0 0 0 0 0 0 0 
5 1 0 0 1 1 0 0 1 0 1 0 0 0 0 0 0 1 0 
8 1 0 1 1 0 1 1 0 0 1 0 0 0 0 0 0 0 0 
0 1 0 1 0 0 0 1 0 0 0 0 0 0 1 0 0 0 0 
1 1 1 0 1 1 1 0 1 1 1 0 0 0 0 1 0 0 0 
2 2 0 1 0 0 0 1 0 0 1 0 1 0 0 0 0 0 0 
2 2 0 1 1 0 1 0 0 0 1 0 0 0 0 0 0 0 0 
6 1 0 1 0 0 0 1 0 0 1 0 0 0 0 0 1 0 0 
5 2 0 0 0 1 0 0 0 1 0 0 0 0 0 0 0 1 0 
5 2 0 1 1 0 1 1 0 0 1 0 0 0 0 0 0 1 0 
5 2 0 0 0 1 0 0 1 0 0 0 0 0 0 0 0 1 0 
2 3 0 1 1 0 0 1 0 1 1 0 0 0 0 0 0 0 0 
2 1 0 1 1 0 0 1 0 0 1 0 0 0 0 0 0 0 0 
2 1 1 1 0 0 1 0 0 0 1 0 0 0 0 0 0 0 0 
3 1 0 0 0 1 0 0 1 0 0 0 0 0 0 0 0 0 0 
0 1 0 1 0 0 1 1 0 0 1 0 0 0 1 0 0 0 0 
9 3 1 0 1 1 0 0 1 0 1 0 0 0 0 0 0 0 0 
10 1 0 1 0 0 0 1 0 1 0 0 0 0 0 0 0 0 0 
3 1 0 0 0 1 1 0 0 0 1 0 0 0 0 0 0 0 0 
6 2 0 1 0 0 0 1 0 0 0 0 0 0 0 0 1 0 0 
4 1 0 1 1 0 1 1 1 0 1 1 1 0 0 0 0 0 0 
4 7 0 0 0 1 0 0 0 1 0 0 0 0 0 0 0 0 0 
9 1 0 0 0 1 0 0 0 0 0 0 1 1 0 0 0 0 0 
9 1 0 1 1 0 0 1 0 0 1 0 0 0 0 0 0 0 0 
3 1 1 0 0 1 0 0 0 1 0 0 0 0 0 0 0 0 0 
3 2 0 0 0 1 1 0 1 0 1 0 0 0 0 0 0 0 0 
4 3 0 1 0 0 0 1 0 0 0 0 0 0 0 0 0 0 0 
4 4 0 1 1 0 1 1 0 0 1 0 0 0 0 0 0 0 0 
4 2 1 1 1 0 1 1 1 0 1 1 1 0 0 0 0 0 0 
4 7 0 0 0 1 0 0 0 0 0 0 0 1 0 0 0 0 0 
2 2 0 0 0 1 1 0 0 0 0 0 0 0 0 0 0 0 0 
2 3 1 1 0 0 0 0 0 0 1 0 0 0 0 0 0 0 0 
2 3 0 0 1 1 1 0 1 1 1 0 0 0 0 0 0 0 0 
8 1 1 1 0 0 0 1 0 0 1 0 0 0 0 0 0 0 0 
8 1 0 0 1 1 0 0 0 1 0 0 0 0 0 0 0 0 0 
0 1 0 1 0 0 0 1 0 0 1 0 1 0 1 0 0 0 0 
3 3 0 0 0 1 1 0 0 0 0 0 0 0 0 0 0 0 0 
2 3 1 0 1 1 0 0 1 0 1 0 0 0 0 0 0 0 0 
2 2 0 1 0 0 0 1 0 1 0 0 0 0 0 0 0 0 0 
2 1 0 0 0 1 1 0 0 0 1 0 0 0 0 0 0 0 0 
1 2 0 0 0 1 0 0 0 1 0 0 0 0 0 1 0 0 0 
1 1 1 1 1 0 1 1 1 0 1 1 1 0 0 1 0 0 0 
6 1 0 1 0 0 0 0 0 0 0 0 0 0 0 0 1 0 0 
6 1 1 1 1 0 1 1 1 0 1 0 0 0 0 0 1 0 0 
7 1 0 0 1 1 0 0 0 1 0 0 0 0 0 0 0 0 1 
6 2 1 1 0 0 0 0 0 0 1 0 0 0 0 0 1 0 0 
6 4 0 1 0 0 0 1 0 0 1 0 1 0 0 0 1 0 0 
4 2 0 1 0 0 0 0 0 0 0 0 0 0 0 0 0 0 0 
5 1 0 1 1 0 0 0 1 0 1 0 1 0 0 0 0 1 0 
5 1 1 1 0 0 0 1 0 0 1 0 0 0 0 0 0 1 0 
4 2 0 1 1 0 1 0 0 0 1 0 0 0 0 0 0 0 0 
0 6 1 1 1 0 1 1 1 0 1 1 1 0 1 0 0 0 0 
1 1 0 1 0 0 0 1 0 1 0 0 0 0 0 1 0 0 0 
1 4 0 0 0 1 0 0 0 0 0 0 0 1 0 1 0 0 0 
1 2 0 1 1 0 1 1 0 0 1 0 0 0 0 1 0 0 0 
1 3 1 0 0 1 0 0 0 0 0 0 0 0 0 1 0 0 0 
4 1 0 1 0 0 0 1 0 0 1 0 1 0 0 0 0 0 0 
5 1 0 1 0 0 0 1 0 0 0 0 0 0 0 0 0 1 0 
2 1 1 1 1 0 0 1 0 0 1 0 1 0 0 0 0 0 0 
7 1 0 0 0 1 0 0 0 1 0 0 0 0 0 0 0 0 1 
5 2 0 1 0 0 0 0 0 0 0 0 0 0 0 0 0 1 0 
3 1 0 0 0 1 0 0 0 1 0 0 0 0 0 0 0 0 0 
10 1 0 1 1 0 0 0 0 0 1 0 0 0 0 0 0 0 0 
10 5 0 0 0 1 0 0 0 0 0 0 0 1 0 0 0 0 0 
10 3 0 1 0 0 0 1 0 0 0 0 0 0 0 0 0 0 0 
5 1 1 0 0 1 1 0 1 0 1 0 0 0 0 0 0 1 0 
5 2 0 1 1 0 0 1 0 1 1 0 0 0 0 0 0 1 0 
4 3 0 0 0 1 1 0 0 0 0 0 0 0 0 0 0 0 0 
4 1 0 1 0 0 0 0 0 0 1 0 1 0 0 0 0 0 0 
4 1 0 1 0 0 0 1 0 1 0 0 0 0 0 0 0 0 0 
4 1 0 1 1 0 1 0 1 0 1 0 0 0 0 0 0 0 0 
4 2 1 1 0 0 0 0 0 0 1 0 0 0 0 0 0 0 0 
4 1 0 1 1 0 0 1 0 0 1 0 0 0 0 0 0 0 0 
3 1 0 0 0 1 1 0 1 0 0 0 0 0 0 0 0 0 0 
9 1 1 1 0 0 0 0 0 0 1 0 0 0 0 0 0 0 0 
9 1 0 0 1 1 0 0 0 1 0 0 0 0 0 0 0 0 0 
1 2 0 1 0 0 0 1 0 0 1 0 0 0 0 1 0 0 0 
5 1 0 1 0 0 1 1 0 0 1 0 1 0 0 0 0 1 0 
8 1 1 1 0 0 1 1 1 0 1 1 1 0 0 0 0 0 0 
11 1 0 0 0 1 0 0 0 0 0 0 0 1 0 0 0 0 0 
9 1 1 1 1 0 1 1 1 0 1 0 0 0 0 0 0 0 0 
9 3 0 1 0 0 0 1 0 0 1 0 0 0 0 0 0 0 0 
9 2 0 1 1 0 0 0 0 0 1 0 0 0 0 0 0 0 0 
5 1 1 1 0 0 1 0 1 0 1 1 1 0 0 0 0 1 0 
10 1 1 0 0 1 0 0 0 0 0 0 0 0 0 0 0 0 0 
0 1 0 1 1 0 1 0 0 0 1 0 0 0 1 0 0 0 0 
2 1 0 0 1 1 1 0 0 1 1 0 0 0 0 0 0 0 0 
6 2 1 1 1 0 1 1 1 0 1 1 1 0 0 0 1 0 0 
8 1 1 1 1 0 1 0 1 0 1 1 1 0 0 0 0 0 0 
2 1 0 1 1 0 0 0 0 0 0 0 0 0 0 0 0 0 0 
9 1 0 1 1 0 1 1 1 0 1 1 1 0 0 0 0 0 0 
0 1 1 1 1 0 1 1 0 0 1 0 0 0 1 0 0 0 0 
1 3 0 1 0 0 0 0 0 0 1 0 0 0 0 1 0 0 0 
11 1 0 0 0 1 0 0 0 0 0 0 0 0 0 0 0 0 0 
11 1 0 0 1 1 1 0 1 1 1 0 0 0 0 0 0 0 0 
5 1 1 1 0 0 0 1 0 0 1 0 1 0 0 0 0 1 0 
2 1 0 1 1 0 0 1 0 0 1 0 1 0 0 0 0 0 0 
2 1 0 1 1 0 1 0 1 0 1 0 0 0 0 0 0 0 0 
4 3 0 0 1 1 0 0 0 1 0 0 0 0 0 0 0 0 0 
4 1 1 1 0 0 0 1 0 0 1 0 1 0 0 0 0 0 0 
4 1 0 0 0 1 1 0 0 0 1 0 0 1 0 0 0 0 0 
7 1 0 0 1 1 0 0 0 0 0 0 0 0 0 0 0 0 1 
2 1 1 1 1 0 1 1 0 1 1 0 0 0 0 0 0 0 0 
0 1 1 1 1 0 1 0 1 0 1 1 1 0 1 0 0 0 0 
2 2 0 1 1 0 0 0 0 0 1 0 0 0 0 0 0 0 0 
2 1 1 0 0 1 1 0 0 0 0 0 0 0 0 0 0 0 0 
0 1 0 1 0 0 0 1 0 1 0 0 0 0 1 0 0 0 0 
8 1 0 0 1 1 1 0 1 0 1 0 0 0 0 0 0 0 0 
8 1 1 0 0 1 0 0 0 0 0 0 0 0 0 0 0 0 0 
8 1 0 1 1 0 1 0 1 0 1 0 1 0 0 0 0 0 0 
10 1 0 1 0 0 0 1 0 1 1 0 0 0 0 0 0 0 0 
1 1 1 1 1 0 0 1 1 0 1 1 1 0 0 1 0 0 0 
2 1 1 0 0 1 1 0 0 0 1 0 0 0 0 0 0 0 0 
8 1 1 1 0 0 0 1 0 1 1 0 0 0 0 0 0 0 0 
5 1 0 0 0 1 0 0 0 0 0 0 1 1 0 0 0 1 0 
5 1 0 0 1 1 0 0 0 0 0 0 0 0 0 0 0 1 0 
5 1 0 1 0 0 1 1 1 0 1 1 1 0 0 0 0 1 0 
5 1 0 1 1 0 1 1 1 0 1 0 0 0 0 0 0 1 0 
5 1 0 1 0 0 0 0 0 0 1 0 1 0 0 0 0 1 0 
5 1 0 0 1 1 1 0 0 0 1 0 0 0 0 0 0 1 0 
10 1 1 1 0 0 0 1 0 0 0 0 0 0 0 0 0 0 0 
3 1 0 0 1 1 0 0 1 0 1 0 0 0 0 0 0 0 0 
2 1 0 1 0 0 1 1 0 0 1 0 0 0 0 0 0 0 0 
0 1 0 1 0 0 0 0 0 0 0 0 0 0 1 0 0 0 0 
7 1 0 0 0 1 1 0 0 1 0 0 0 0 0 0 0 0 1 
2 1 1 1 1 0 0 0 1 0 1 0 0 0 0 0 0 0 0 
2 1 0 0 0 1 1 0 0 1 1 0 0 0 0 0 0 0 0 
1 2 0 0 1 1 0 0 0 1 0 0 0 0 0 1 0 0 0 
4 1 0 1 0 0 0 1 0 1 1 0 1 0 0 0 0 0 0 
9 1 1 0 0 1 1 0 1 0 1 0 0 0 0 0 0 0 0 
1 1 1 0 1 1 0 0 0 1 0 0 0 0 0 1 0 0 0 
10 1 0 1 0 0 0 1 0 0 1 0 0 0 0 0 0 0 0 
4 1 0 1 1 0 0 1 0 1 1 0 0 0 0 0 0 0 0 
4 1 0 0 0 1 0 0 1 0 1 0 0 0 0 0 0 0 0 
4 1 1 1 0 0 0 1 0 1 1 0 0 0 0 0 0 0 0 
9 1 0 1 1 0 0 0 0 0 1 0 1 0 0 0 0 0 0 
10 1 0 0 0 1 0 0 0 1 0 0 0 0 0 0 0 0 0 
2 1 1 0 0 1 0 0 0 0 0 0 0 0 0 0 0 0 0 
4 1 1 1 1 0 1 0 1 0 1 0 0 0 0 0 0 0 0 
0 1 0 1 0 0 0 1 0 1 1 0 0 0 1 0 0 0 0 
5 1 0 1 1 0 1 1 1 0 1 1 1 0 0 0 0 1 0 
8 2 0 1 0 0 0 1 0 1 1 0 0 0 0 0 0 0 0 
1 1 0 0 0 1 0 0 1 0 0 0 0 0 0 1 0 0 0 
0 1 0 1 1 0 1 1 0 0 1 0 0 0 1 0 0 0 0 
8 1 1 0 0 1 1 0 1 0 1 0 0 0 0 0 0 0 0 
8 1 0 0 0 1 0 0 0 0 0 0 0 1 0 0 0 0 0 
8 1 0 1 1 0 0 1 0 0 1 0 0 0 0 0 0 0 0 
8 1 1 1 0 0 0 0 1 0 1 0 0 0 0 0 0 0 0 
9 1 0 1 1 0 0 0 1 0 1 1 1 0 0 0 0 0 0 
9 1 0 0 0 1 1 0 0 0 0 0 0 0 0 0 0 0 0 
9 1 1 1 0 0 0 1 0 0 1 0 0 0 0 0 0 0 0 
9 1 0 1 1 0 1 1 0 0 1 0 0 0 0 0 0 0 0 
1 1 1 0 1 1 1 0 0 0 0 0 0 0 0 1 0 0 0 
0
1
2
3
4
5
6
7
8
9
10
11
12
13
12
14
15
16
17
12
12
18
19
20
21
22
23
24
25
26
27
28
29
30
31
32
31
33
34
35
15
36
37
38
10
21
39
40
41
42
43
44
24
24
45
24
44
46
47
48
49
47
50
9
51
52
15
53
54
55
15
47
10
56
6
47
10
9
57
58
21
59
51
60
15
61
62
63
64
65
4
66
67
68
4
69
70
71
9
58
72
47
73
47
10
74
75
21
76
77
78
79
6
47
10
80
58
47
10
81
82
15
52
15
44
46
45
24
83
24
0
84
85
58
86
10
87
6
47
10
44
24
28
88
89
16
54
35
15
90
15
53
91
92
8
47
10
93
94
95
12
0
96
29
97
98
99
100
28
20
101
102
65
103
104
105
106
107
65
102
108
14
65
102
109
110
47
10
92
111
112
10
9
113
47
24
114
115
116
117
38
118
119
120
47
58
74
113
48
47
121
122
15
52
54
123
124
12
12
9
113
38
9
58
80
10
10
9
125
126
127
117
128
110
61
14
16
15
15
52
51
129
15
130
12
131
110
61
14
132
0
4
133
134
135
136
137
14
131
102
138
53
54
90
91
21
10
139
22
28
76
140
132
69
15
141
106
142
143
144
145
146
141
15
147
148
149
110
150
151
20
47
10
5
6
152
110
108
14
65
102
153
154
155
29
156
157
2
47
118
9
6
158
15
35
24
159
71
160
28
31
161
31
162
34
163
31
164
54
147
15
42
165
166
6
9
58
80
47
10
38
167
48
10
28
168
6
47
58
5
10
47
6
132
41
40
40
144
169
10
9
10
170
81
10
47
31
171
29
47
6
172
4
173
174
175
176
54
47
5
10
112
6
177
70
38
74
10
178
6
86
58
56
10
65
107
179
65
148
180
179
128
181
107
97
40
22
127
182
77
9
58
183
10
47
10
21
184
10
9
58
185
186
9
10
119
87
136
173
134
187
188
189
23
24
190
41
191
144
192
2
38
9
73
193
9
10
185
22
194
195
196
197
77
126
31
198
15
199
15
200
201
144
40
202
203
6
47
10
132
204
17
12
162
97
28
205
9
47
58
80
6
47
10
9
22
206
58
9
207
38
118
9
2
173
208
100
28
76
132
102
63
14
108
14
209
29
210
145
208
157
2
68
211
212
144
42
41
44
24
45
110
213
152
148
63
179
214
215
49
216
31
162
89
16
54
15
145
217
132
15
35
15
18
6
112
58
5
10
47
218
92
111
9
134
4
168
14
65
102
63
219
110
9
6
47
10
109
14
61
14
108
76
20
220
15
221
15
53
222
22
163
29
127
136
223
135
121
40
24
44
24
45
46
224
0
24
23
225
222
226
227
22
228
24
79
117
21
29
229
230
231
31
232
34
127
134
233
