792 22 281 12 2 273
1 4 1
2 3 1
1 4 1
1 2 1
1 3 1
1 2 1
2 3 0
1 5 0
1 3 0
1 3 0
1 10 0
1 1 0
1 18 0
1 7 0
1 9 0
1 6 0
1 5 0
1 4 0
1 10 0
1 8 0
1 274 0
1 137 0
4 33 0 1 0 0 0 0 0 0 0 0 0 1 0 0 0 0 0 0 0 0 0 0 
4 10 0 0 0 1 1 1 0 1 0 0 0 0 0 0 0 0 0 0 0 0 0 1 
4 1 1 1 0 0 0 0 1 0 0 0 0 1 1 0 0 1 0 0 0 0 0 0 
4 35 0 0 0 0 0 1 0 0 0 0 0 0 0 0 0 0 0 0 0 0 0 0 
4 1 0 1 1 1 1 0 0 0 0 0 0 1 0 0 0 0 0 0 0 0 0 0 
4 19 0 1 0 0 0 0 1 0 0 0 0 1 0 0 0 0 0 0 0 0 0 0 
4 3 1 1 0 0 0 0 0 0 0 0 0 1 0 0 0 0 0 0 0 0 0 0 
4 19 0 0 0 1 0 1 0 0 0 0 0 1 0 0 0 0 0 0 0 0 0 0 
4 13 0 1 0 0 1 0 1 0 1 0 0 1 0 0 0 0 0 0 0 0 0 0 
4 24 0 0 0 0 0 1 0 0 0 0 1 0 0 0 0 0 0 0 0 0 0 0 
4 1 0 1 1 1 0 0 0 0 0 1 0 1 0 0 0 0 0 0 0 0 0 0 
4 2 1 1 0 0 1 0 1 0 0 0 0 1 0 0 0 0 1 0 0 0 0 0 
4 12 0 0 0 1 0 1 0 0 0 0 0 0 0 0 0 0 0 0 0 0 0 0 
4 6 1 1 1 1 1 0 1 1 0 0 0 1 0 1 1 1 1 0 0 0 0 0 
4 2 0 0 0 0 0 1 0 0 0 0 1 0 0 0 0 0 0 0 0 0 1 0 
4 2 0 1 0 0 0 0 1 0 0 0 0 0 0 0 0 0 0 0 0 0 1 0 
4 2 0 0 0 0 0 1 0 0 0 0 0 0 0 0 0 0 0 0 0 0 1 0 
4 1 0 1 1 1 0 0 0 0 0 0 0 1 0 0 0 0 0 0 0 0 1 0 
4 1 0 1 0 0 0 0 0 0 0 0 0 1 0 0 0 0 0 0 0 0 1 0 
4 1 1 0 0 0 0 1 0 0 0 0 0 0 0 0 0 0 0 0 0 0 1 0 
4 5 0 1 0 0 1 0 0 0 0 0 0 1 0 0 0 0 0 0 0 0 0 0 
4 3 0 1 1 1 0 0 0 0 0 0 0 1 0 0 0 0 0 0 0 0 0 0 
4 8 1 1 0 0 1 0 1 0 1 0 0 1 0 0 0 0 0 0 0 0 0 0 
4 1 0 0 0 0 0 1 0 0 0 0 0 0 0 0 0 0 0 0 0 1 0 1 
4 2 1 0 0 1 0 1 0 0 0 0 0 1 0 0 0 0 0 0 0 0 0 0 
4 5 0 1 0 0 1 0 1 0 0 0 0 1 0 0 0 0 0 0 0 0 0 0 
4 1 0 1 1 1 0 0 0 1 0 1 0 1 1 1 1 1 1 0 0 0 0 0 
4 1 0 0 0 0 1 1 0 0 0 0 0 1 0 0 0 0 0 1 0 0 0 0 
4 1 0 1 1 1 0 0 0 0 0 0 0 1 0 0 0 0 0 0 1 0 0 0 
4 1 1 0 0 1 0 1 0 0 0 1 0 1 0 0 0 0 0 0 0 0 0 0 
4 1 0 1 0 0 0 0 0 1 0 0 0 1 0 1 0 0 0 0 1 0 0 0 
4 4 0 0 0 0 0 1 0 0 1 0 0 0 0 0 0 0 0 0 0 0 0 0 
4 1 0 1 1 1 1 0 1 1 0 0 0 1 0 1 1 1 1 0 1 0 0 0 
4 3 1 0 0 0 0 1 0 0 0 0 0 0 0 0 0 0 0 0 0 0 0 0 
4 1 0 1 0 0 0 0 1 0 0 1 0 1 0 0 0 0 0 0 1 0 0 0 
4 1 1 0 0 1 0 1 0 0 0 0 0 0 0 0 0 0 0 0 0 0 0 0 
4 1 0 1 0 0 0 0 0 0 0 0 0 1 1 0 0 1 0 0 0 0 0 0 
4 1 1 0 0 1 0 1 0 1 0 0 0 1 0 0 0 0 0 1 0 0 0 0 
4 1 0 1 0 0 1 0 1 0 0 1 0 1 0 0 0 0 1 0 0 0 0 0 
4 1 0 0 0 1 1 1 0 0 0 0 0 0 0 0 0 0 0 0 0 0 0 0 
4 3 0 1 0 0 1 0 1 0 0 0 0 1 0 0 0 1 0 0 0 0 0 0 
4 1 0 0 0 1 0 1 0 1 0 0 0 1 0 0 0 0 0 0 0 0 0 0 
4 1 1 1 0 0 1 0 1 0 0 1 0 1 0 0 0 0 1 0 0 0 0 0 
4 2 0 0 0 1 0 1 0 0 0 0 0 0 0 0 0 0 0 0 0 0 0 1 
4 1 0 0 0 1 1 1 0 0 1 0 0 0 0 0 0 0 0 0 0 0 0 0 
4 1 0 1 0 0 0 0 0 0 0 0 0 1 0 0 0 1 0 0 0 0 0 0 
4 4 0 1 1 1 0 0 1 0 0 0 0 1 0 0 0 0 0 0 0 0 0 0 
4 2 1 1 1 1 0 0 0 0 0 0 0 1 0 0 0 0 1 0 0 0 0 0 
4 4 0 1 0 0 0 0 1 0 1 0 0 1 0 0 0 0 0 0 0 0 0 0 
4 3 0 0 0 0 0 1 0 0 0 0 0 0 0 0 0 0 0 1 0 0 0 0 
4 2 1 1 1 1 1 0 0 0 0 0 0 1 0 0 0 1 0 0 0 0 0 0 
4 2 0 1 0 0 0 0 1 0 0 0 0 1 1 0 0 0 0 0 0 0 0 0 
4 1 0 0 0 0 1 1 0 0 0 1 0 0 0 0 0 0 0 0 0 0 0 0 
4 3 1 1 0 0 1 0 0 0 0 0 0 1 0 0 0 0 0 0 0 0 0 0 
4 2 0 0 0 1 0 1 0 1 0 0 0 0 0 0 0 0 0 0 0 0 0 1 
4 1 0 0 0 0 0 1 0 0 0 1 0 0 0 0 0 0 0 0 0 0 0 1 
4 1 1 1 0 0 0 0 0 0 0 0 0 1 0 0 0 0 1 0 0 0 0 0 
4 1 0 0 0 1 0 1 0 0 0 1 0 0 0 0 0 0 0 0 0 0 0 0 
4 3 1 1 1 1 0 0 1 1 0 0 0 1 0 1 1 1 1 0 0 0 0 0 
4 3 0 0 0 0 1 1 0 0 1 0 0 0 0 0 0 0 0 0 0 0 0 0 
4 12 1 1 1 1 0 0 0 0 0 0 0 1 0 0 0 0 0 0 0 0 0 0 
4 1 0 0 0 1 1 1 0 1 0 0 0 1 0 0 0 0 0 0 0 0 0 0 
4 1 1 1 0 0 1 0 1 0 0 1 0 1 1 0 0 1 0 0 0 0 0 0 
4 1 0 1 1 1 1 0 1 1 0 0 0 1 0 1 1 1 1 0 0 0 0 0 
4 1 0 0 0 0 1 1 0 0 0 0 0 1 0 0 0 0 0 0 0 0 0 1 
4 3 0 0 0 0 0 1 0 0 0 0 0 1 0 0 0 0 0 0 0 0 0 0 
4 1 1 1 1 1 1 0 1 1 0 1 0 1 0 1 1 1 1 0 0 0 0 0 
4 1 0 0 0 0 0 1 0 0 0 0 0 0 0 0 0 0 0 0 0 0 0 1 
4 1 0 1 0 0 1 0 1 0 1 0 0 1 0 0 0 1 0 0 0 0 0 0 
4 1 1 1 1 1 0 0 1 0 0 1 0 1 1 0 0 0 1 0 0 0 0 0 
4 1 1 1 0 0 0 0 0 0 0 0 0 1 0 0 0 1 1 0 0 0 0 0 
4 1 0 0 0 1 0 1 0 0 0 0 0 0 0 0 0 0 0 1 0 0 0 0 
4 1 0 1 1 1 1 0 0 0 0 0 0 1 0 0 0 1 0 0 0 0 0 0 
4 1 0 1 0 0 0 0 1 0 0 1 0 1 0 0 0 0 0 0 0 0 0 0 
4 1 0 1 1 1 1 0 1 0 0 0 0 1 0 0 0 0 0 0 0 0 0 0 
4 1 0 0 0 0 0 1 0 0 1 0 0 1 0 0 0 0 0 0 0 0 0 1 
4 2 0 1 0 0 0 0 1 0 0 0 0 0 0 0 0 0 0 0 0 0 0 0 
4 1 0 1 1 1 1 0 1 0 0 0 0 1 0 0 0 1 0 0 0 0 0 0 
4 7 1 1 0 0 1 0 0 0 0 0 0 1 0 0 0 0 1 0 0 0 0 0 
4 1 1 1 0 0 0 0 1 0 0 0 0 1 0 0 0 1 0 0 0 0 0 0 
4 1 0 0 0 1 1 1 0 1 1 0 0 0 0 0 0 0 0 0 0 0 0 1 
4 1 0 0 0 1 0 1 0 1 0 0 0 0 0 0 0 0 0 0 0 0 0 0 
4 1 0 1 0 0 0 0 1 0 0 0 0 1 1 0 0 0 1 0 0 0 0 0 
4 1 0 1 0 0 0 0 1 0 0 0 0 1 0 0 0 1 0 0 0 0 0 0 
4 1 1 0 0 0 0 1 0 1 0 0 0 1 0 0 0 0 0 0 0 0 0 0 
4 2 0 1 0 0 0 0 0 0 0 0 0 0 0 0 0 0 0 0 0 0 0 0 
4 1 1 1 0 0 1 0 1 0 0 1 0 1 0 0 0 1 0 0 0 0 0 0 
4 4 0 1 1 1 0 0 0 0 0 0 0 1 0 0 0 0 1 0 0 0 0 0 
4 1 0 0 0 1 1 1 0 0 0 0 0 0 0 0 0 0 0 0 0 0 0 1 
4 1 0 1 0 0 0 0 0 0 0 1 0 1 0 0 0 0 0 0 0 0 0 0 
4 1 1 1 0 0 0 0 1 0 1 0 0 1 0 0 0 0 0 0 0 0 0 0 
3 1 0 0 0 1 1 1 0 1 0 0 0 0 0 0 0 0 0 0 0 0 0 1 
11 15 0 0 0 0 0 1 0 0 1 0 0 0 0 0 0 0 0 0 0 0 0 0 
11 2 0 1 0 0 0 0 0 0 0 0 0 0 0 0 0 0 0 0 0 0 0 0 
11 1 0 0 0 0 1 1 0 0 0 0 0 0 0 0 0 0 0 0 0 0 0 0 
11 4 0 0 0 0 0 1 0 0 0 0 0 0 0 0 0 0 0 0 0 0 0 0 
11 1 1 1 1 1 1 0 1 1 0 0 0 1 1 1 1 1 1 0 0 0 0 0 
7 26 0 1 0 0 0 0 1 0 0 0 0 1 0 0 0 0 0 0 0 0 0 0 
5 4 0 0 0 1 0 1 0 0 0 0 0 0 0 0 0 0 0 0 0 1 0 0 
5 2 0 1 0 0 0 0 1 0 0 0 0 1 0 0 0 0 0 0 0 1 0 0 
5 3 0 1 0 0 0 0 0 0 0 0 0 0 0 0 0 0 0 0 0 1 0 0 
5 1 0 0 0 1 1 1 0 0 0 0 0 0 0 0 0 0 0 0 0 1 0 0 
5 10 0 0 0 0 0 1 0 0 0 0 0 0 0 0 0 0 0 0 0 1 0 0 
9 5 0 1 1 1 1 0 1 0 0 0 0 1 0 0 0 0 0 0 0 0 0 0 
9 29 0 0 0 0 0 1 0 0 0 0 0 0 0 0 0 0 0 0 0 0 0 0 
9 1 1 1 1 1 1 0 1 0 0 1 0 1 0 0 0 1 1 0 0 0 0 0 
9 15 0 1 0 0 0 0 0 0 0 0 0 1 0 0 0 0 0 0 0 0 0 0 
9 8 0 0 0 1 0 1 0 0 0 0 0 1 0 0 0 0 0 0 0 0 0 0 
9 1 1 1 0 0 1 0 1 1 0 0 0 1 0 1 0 0 0 0 0 0 0 0 
9 4 0 1 1 1 0 0 1 0 0 0 0 1 0 0 0 0 0 0 0 0 0 0 
9 6 0 1 0 0 0 0 0 0 0 0 0 0 0 0 0 0 0 0 0 0 0 0 
2 1 0 1 1 1 0 0 1 1 0 0 0 1 0 1 1 1 1 0 1 0 0 0 
8 27 0 0 0 0 0 1 0 0 0 0 0 0 0 0 0 0 0 0 0 0 0 0 
2 1 1 1 0 0 1 0 0 0 0 0 0 1 0 0 0 0 0 0 1 0 0 0 
8 6 0 0 0 1 0 1 0 0 0 0 0 1 0 0 0 0 0 0 0 0 0 0 
2 5 0 1 0 0 0 0 1 0 0 0 0 1 0 0 0 0 0 0 1 0 0 0 
8 15 0 0 0 0 0 1 0 0 1 0 0 0 0 0 0 0 0 0 0 0 0 0 
2 1 1 1 1 1 1 0 1 1 0 0 0 1 1 1 1 1 1 0 1 0 0 0 
4 1 0 1 0 0 0 0 0 1 0 0 0 1 0 1 0 0 0 0 0 0 0 0 
4 1 0 0 0 0 1 1 0 0 0 0 0 1 0 0 0 0 0 0 0 0 0 0 
4 2 1 1 0 0 0 0 0 1 0 0 0 1 0 1 0 0 0 0 0 0 0 0 
9 2 0 0 0 0 0 1 0 0 0 0 0 1 0 0 0 0 0 0 0 0 0 0 
9 1 0 0 0 0 0 1 0 0 0 0 1 0 0 0 0 0 0 0 0 0 0 0 
9 1 1 1 0 0 0 0 1 0 0 0 0 1 0 0 0 0 0 0 0 0 0 0 
9 2 0 1 1 1 0 0 1 1 0 0 0 1 0 1 1 1 1 0 0 0 0 0 
9 6 0 1 0 0 0 0 1 0 0 0 0 1 0 0 0 0 0 0 0 0 0 0 
3 3 0 0 0 1 0 1 0 0 0 0 0 0 0 0 0 0 0 0 0 0 0 0 
9 1 1 1 1 1 0 0 0 0 0 0 0 1 0 0 0 0 1 0 0 0 0 0 
2 2 1 1 1 1 1 0 1 1 0 0 0 1 0 1 1 1 1 0 1 0 0 0 
2 3 0 1 0 0 0 0 0 0 0 0 0 1 0 0 0 0 0 0 1 0 0 0 
0 1 0 0 0 0 0 1 0 0 0 0 0 0 0 0 0 0 0 0 0 0 0 1 
2 1 0 1 0 0 1 0 0 0 0 0 0 1 0 0 0 0 0 0 1 0 0 0 
9 1 1 0 0 1 0 1 0 0 0 0 0 0 0 0 0 0 0 0 0 0 0 0 
9 2 0 1 0 0 1 0 1 0 0 0 0 1 0 0 0 0 0 0 0 0 0 0 
9 1 0 1 0 0 1 0 0 0 0 0 0 1 0 0 0 0 0 0 0 0 0 0 
9 2 0 0 0 1 0 1 0 0 0 0 0 0 0 0 0 0 0 0 0 0 0 0 
10 3 0 0 0 0 0 1 0 0 0 0 0 0 0 0 0 0 0 0 0 0 0 0 
1 1 1 1 1 1 1 0 1 0 0 0 0 1 1 0 0 0 1 0 0 0 0 0 
1 1 0 0 0 0 0 1 0 0 0 0 1 0 0 0 0 0 0 0 0 0 0 0 
1 6 0 1 0 0 0 0 0 0 0 0 0 1 0 0 0 0 0 0 0 0 0 0 
1 3 0 1 0 0 0 0 1 0 0 0 0 1 0 0 0 0 0 0 0 0 0 0 
1 2 0 0 0 0 0 1 0 0 0 0 0 0 0 0 0 0 0 0 0 0 0 0 
1 1 1 1 1 1 1 0 1 1 0 0 0 1 0 1 1 1 1 0 0 0 0 0 
1 4 0 0 0 1 0 1 0 0 0 0 0 1 0 0 0 0 0 0 0 0 0 0 
1 1 0 1 0 0 0 0 0 0 0 1 0 1 0 0 0 0 0 0 0 0 0 0 
1 1 0 0 0 0 0 1 0 0 0 0 1 0 0 0 0 0 0 1 0 0 0 0 
1 1 0 1 0 0 1 0 0 0 0 0 0 1 0 0 0 0 1 0 0 0 0 0 
1 1 1 1 0 0 0 0 0 0 0 1 0 1 0 0 0 0 0 0 0 0 0 0 
7 1 0 1 1 1 1 0 1 1 0 0 0 1 0 1 0 1 0 0 0 0 0 0 
7 2 0 1 0 0 0 0 1 0 0 0 0 0 0 0 0 0 0 0 0 0 0 0 
9 1 0 0 0 1 1 1 0 0 0 0 0 0 0 0 0 0 0 0 0 0 0 0 
9 1 1 1 1 1 0 0 1 1 0 0 0 1 0 1 1 1 1 0 0 0 0 0 
2 2 0 1 0 0 0 0 1 0 0 0 0 1 0 0 0 0 1 0 1 0 0 0 
2 1 1 1 0 0 1 0 1 1 0 1 0 1 0 1 0 0 0 0 1 0 0 0 
11 8 0 0 0 1 0 1 0 0 0 0 0 0 0 0 0 0 0 0 0 0 0 0 
11 1 0 1 0 0 0 0 1 0 0 0 0 1 0 0 0 1 0 0 0 0 0 0 
11 7 0 1 0 0 0 0 0 0 0 0 0 1 0 0 0 0 0 0 0 0 0 0 
11 3 0 0 0 1 0 1 0 0 0 0 0 1 0 0 0 0 0 0 0 0 0 0 
11 2 0 0 0 0 0 1 0 0 0 0 1 0 0 0 0 0 0 0 0 0 0 0 
11 1 0 1 1 1 0 0 1 1 0 0 0 1 1 1 1 1 1 0 0 0 0 0 
6 1 0 1 0 0 0 0 0 0 0 0 0 0 0 0 0 0 0 0 0 0 1 0 
3 8 0 0 0 0 0 1 0 0 0 0 0 0 0 0 0 0 0 0 0 0 0 0 
3 1 0 1 0 0 0 0 0 0 0 1 0 1 0 0 0 0 0 0 0 0 0 0 
3 1 0 1 0 0 1 0 1 0 0 0 0 1 0 0 0 1 0 0 0 0 0 0 
3 4 0 0 0 1 0 1 0 0 0 0 0 1 0 0 0 0 0 0 0 0 0 0 
3 2 0 1 0 0 0 0 1 0 0 0 0 1 0 0 0 0 0 0 0 0 0 0 
3 1 0 1 0 0 0 0 0 0 0 0 1 1 0 0 0 0 0 0 0 0 0 0 
3 3 0 0 0 0 0 1 0 0 0 0 0 0 0 0 0 0 0 1 0 0 0 0 
3 2 1 1 1 1 0 0 1 1 0 0 0 1 0 1 1 1 1 0 0 0 0 0 
3 1 0 0 0 0 1 1 0 0 1 0 0 0 0 0 0 0 0 0 0 0 0 0 
9 1 0 1 0 0 0 0 1 0 0 0 0 1 0 0 0 1 0 0 0 0 0 0 
9 1 1 1 0 0 0 0 0 0 0 0 0 1 0 0 0 0 1 0 0 0 0 0 
9 1 1 1 1 1 1 0 0 1 0 0 0 1 0 1 1 1 1 0 0 0 0 0 
8 3 0 0 0 1 0 1 0 0 0 0 0 0 0 0 0 0 0 1 0 0 0 0 
7 1 1 1 1 1 1 0 0 0 0 0 0 1 0 0 0 0 1 0 0 0 0 0 
7 1 0 1 1 1 1 0 1 1 0 0 0 1 1 1 1 1 1 0 0 0 0 0 
2 1 0 1 0 0 1 0 1 0 0 1 0 1 0 0 0 0 0 0 1 0 0 0 
5 6 0 0 0 1 0 1 0 0 0 0 0 1 0 0 0 0 0 0 0 1 0 0 
2 1 0 1 0 0 0 0 1 1 0 0 0 1 0 1 0 0 0 0 1 0 0 0 
5 1 1 1 1 1 0 0 1 0 0 0 0 1 0 0 0 0 0 0 0 1 0 0 
5 3 0 1 0 0 0 0 0 0 0 0 0 1 0 0 0 0 0 0 0 1 0 0 
5 1 1 1 1 1 1 0 0 0 0 0 0 1 0 0 0 1 1 0 0 1 0 0 
12 2 0 1 0 0 1 0 0 0 0 0 0 1 0 0 0 0 0 0 0 0 0 0 
5 1 0 0 0 1 0 1 0 0 0 0 0 0 0 0 0 0 0 1 0 1 0 0 
12 1 0 1 0 0 0 0 1 0 0 0 0 1 0 0 0 0 0 0 0 0 0 0 
12 2 1 1 1 1 1 0 1 1 0 0 0 1 0 1 1 1 1 0 0 0 0 0 
2 2 0 1 1 1 0 0 1 0 0 0 0 1 0 0 0 0 0 0 1 0 0 0 
2 2 0 1 0 0 0 0 0 0 0 0 0 1 0 0 0 1 0 0 1 0 0 0 
4 1 0 0 0 1 0 1 0 1 0 0 0 1 0 0 0 0 0 1 0 0 0 0 
4 1 0 0 0 1 1 1 0 0 0 0 0 1 0 0 0 0 0 0 0 0 0 0 
3 2 1 1 1 1 1 0 1 1 0 0 0 1 0 1 1 1 1 0 0 0 0 0 
7 13 0 1 0 0 0 0 0 0 0 0 0 1 0 0 0 0 0 0 0 0 0 0 
7 2 0 1 0 0 1 0 1 0 0 0 0 1 1 0 0 0 0 0 0 0 0 0 
7 1 1 1 1 1 0 0 1 0 0 0 0 1 0 0 0 0 0 0 0 0 0 0 
11 1 0 1 0 0 1 0 1 0 0 0 0 1 0 0 0 0 1 0 0 0 0 0 
11 1 0 1 0 0 0 0 1 1 0 0 0 1 0 1 0 0 0 0 0 0 0 0 
11 1 1 1 1 1 0 0 1 0 0 0 0 1 0 0 0 1 0 0 0 0 0 0 
11 3 0 1 0 0 0 0 1 0 0 0 0 1 0 0 0 0 0 0 0 0 0 0 
3 5 0 1 0 0 0 0 0 0 0 0 0 1 0 0 0 0 0 0 0 0 0 0 
3 1 0 1 0 0 1 0 0 0 0 0 0 1 0 0 0 0 0 0 0 0 0 0 
3 1 0 0 0 1 0 1 0 1 0 0 0 1 0 0 0 0 0 0 0 0 0 0 
3 2 0 0 0 0 0 1 0 0 0 0 1 0 0 0 0 0 0 0 0 0 0 0 
3 1 1 1 1 1 1 0 1 0 1 0 0 1 0 0 0 0 0 0 0 0 0 0 
9 2 1 1 1 1 1 0 1 1 0 0 0 1 0 1 1 1 1 0 0 0 0 0 
9 2 1 0 0 1 0 1 0 0 0 0 0 1 0 0 0 0 0 0 0 0 0 0 
3 1 1 1 1 1 0 0 1 1 1 0 0 1 0 1 1 1 1 0 0 0 0 0 
10 1 0 0 0 0 1 1 0 0 0 0 0 0 0 0 0 0 0 0 0 0 0 0 
4 1 0 1 0 0 1 0 1 1 0 0 0 1 0 1 0 0 1 0 0 0 0 0 
11 1 0 0 0 0 0 1 0 0 0 1 0 0 0 0 0 0 0 0 0 0 0 0 
7 1 0 1 0 0 1 0 1 0 1 0 0 1 0 0 0 0 0 0 0 0 0 0 
11 1 0 1 1 1 1 0 1 1 0 0 0 1 0 1 1 1 1 0 0 0 0 0 
3 1 0 1 1 1 1 0 1 0 0 0 0 1 0 0 0 0 0 0 0 0 0 0 
3 1 0 0 0 0 0 1 0 1 0 0 0 0 0 0 0 0 0 0 0 0 0 0 
3 1 0 1 1 1 0 0 1 0 0 0 0 1 0 0 0 0 0 0 0 0 0 0 
3 1 0 0 0 0 0 1 0 0 1 0 0 0 0 0 0 0 0 0 0 0 0 0 
3 1 0 1 0 0 0 0 1 0 0 0 0 1 1 0 0 0 0 0 0 0 0 0 
11 1 1 1 1 1 0 0 0 0 0 0 0 1 0 0 0 0 1 0 0 0 0 0 
11 2 0 0 0 0 1 1 0 1 0 1 0 1 0 0 0 0 0 0 0 0 0 0 
11 2 0 1 0 0 0 0 0 0 0 0 0 1 0 0 0 1 0 0 0 0 0 0 
4 1 0 0 0 0 1 1 0 1 0 0 0 0 0 0 0 0 0 0 0 0 0 0 
8 1 0 0 0 0 0 1 0 0 0 0 1 0 0 0 0 0 0 1 0 0 0 0 
9 1 0 1 1 1 0 0 0 0 0 0 0 1 0 0 0 0 0 0 0 0 0 0 
9 1 0 1 1 1 1 0 1 1 0 0 0 1 1 1 1 1 1 0 0 0 0 0 
9 2 0 0 0 0 0 1 0 0 0 0 0 0 0 0 0 0 0 1 0 0 0 0 
9 1 1 1 1 1 0 0 1 0 0 0 0 1 0 0 0 0 0 0 0 0 0 0 
9 1 0 1 0 0 0 0 1 0 0 1 0 1 0 0 0 0 0 0 0 0 0 0 
9 1 1 1 1 1 0 0 0 0 0 0 0 1 0 0 0 0 0 0 0 0 0 0 
9 1 0 0 0 0 1 1 0 0 0 0 0 0 0 0 0 0 0 0 0 0 0 0 
9 1 1 1 1 1 1 0 0 0 0 1 0 1 0 0 0 0 0 0 0 0 0 0 
2 1 0 1 0 0 1 0 1 1 0 0 0 1 1 1 0 0 0 0 1 0 0 0 
5 1 1 0 0 1 0 1 0 0 0 0 0 0 0 0 0 0 0 0 0 1 0 0 
5 1 0 0 0 0 0 1 0 0 0 0 1 0 0 0 0 0 0 0 0 1 0 0 
8 1 0 0 0 1 1 1 0 1 1 0 0 1 0 0 0 0 0 0 0 0 0 0 
7 2 1 1 1 1 1 0 1 1 0 0 0 1 0 1 1 1 1 0 0 0 0 0 
8 2 0 0 0 1 0 1 0 0 0 0 0 0 0 0 0 0 0 0 0 0 0 0 
7 3 1 1 1 1 1 0 1 0 0 0 0 1 0 0 0 0 0 0 0 0 0 0 
7 1 0 1 0 0 0 0 0 0 0 1 0 1 0 0 0 0 0 0 0 0 0 0 
11 1 0 0 0 0 0 1 0 0 0 0 0 0 0 0 0 0 0 0 0 0 0 1 
11 1 1 1 1 1 0 0 1 1 0 0 0 1 0 1 1 1 1 0 0 0 0 0 
1 1 1 0 0 0 0 1 0 0 0 0 1 0 0 0 0 0 0 0 0 0 0 0 
5 1 0 1 0 0 1 0 1 0 0 0 0 1 1 0 0 1 1 0 0 1 0 0 
7 1 1 1 0 0 0 0 1 0 0 0 0 1 0 0 0 0 0 0 0 0 0 0 
7 2 0 1 0 0 1 0 0 0 0 0 0 1 0 0 0 0 0 0 0 0 0 0 
4 1 1 1 0 0 0 0 0 0 0 1 0 1 0 0 0 0 0 0 0 0 0 0 
4 1 0 1 1 1 1 0 0 1 0 0 0 1 0 1 1 1 1 0 0 0 0 0 
4 1 0 0 0 0 0 1 0 1 0 0 0 0 0 0 0 0 0 0 0 0 0 0 
5 1 0 1 1 1 0 0 0 0 0 0 0 1 0 0 0 0 0 0 0 1 0 0 
5 1 1 1 0 0 1 0 1 0 0 0 0 1 0 0 0 1 0 0 0 1 0 0 
7 1 0 1 0 0 0 0 1 0 0 1 0 1 1 0 0 0 1 0 0 0 0 0 
8 2 1 0 0 1 1 1 0 1 1 0 0 1 0 0 0 0 0 0 0 0 0 0 
4 1 0 0 0 0 1 1 0 0 0 0 0 0 0 0 0 0 0 0 0 0 0 0 
4 1 1 1 0 0 0 0 0 0 0 0 0 1 1 0 0 0 0 0 0 0 0 0 
4 1 0 0 0 1 1 1 0 1 1 0 0 1 0 0 0 0 0 0 0 0 0 0 
8 1 1 0 0 1 0 1 0 1 0 0 0 1 0 0 0 0 0 0 0 0 0 0 
7 1 0 1 0 0 0 0 0 0 0 1 0 1 0 0 0 1 0 0 0 0 0 0 
7 1 1 1 1 1 1 0 1 0 0 0 0 1 0 0 0 0 1 0 0 0 0 0 
7 1 0 1 0 0 1 0 0 1 0 0 0 1 0 1 0 0 0 0 0 0 0 0 
7 1 1 1 0 0 0 0 0 0 0 0 0 1 0 0 0 1 0 0 0 0 0 0 
7 3 0 1 1 1 0 0 1 0 0 0 0 1 0 0 0 0 0 0 0 0 0 0 
2 1 0 1 0 0 0 0 1 1 0 0 0 1 0 1 0 0 1 0 1 0 0 0 
2 1 0 1 0 0 1 0 1 0 0 0 0 1 0 0 0 0 0 0 1 0 0 0 
2 1 0 1 1 1 0 0 1 0 0 0 0 1 0 0 0 1 0 0 1 0 0 0 
8 1 0 0 0 0 1 1 0 0 0 0 0 0 0 0 0 0 0 0 0 0 0 0 
1 1 0 1 0 0 0 0 0 0 0 0 0 0 0 0 0 0 0 0 0 0 0 0 
1 1 1 1 1 1 0 0 0 1 0 0 0 1 0 1 1 1 1 0 0 0 0 0 
1 1 0 0 0 1 0 1 0 0 0 0 0 0 0 0 0 0 0 0 0 0 0 0 
1 1 0 1 0 0 1 0 1 0 0 1 1 1 1 0 0 0 0 0 0 0 0 0 
10 1 0 0 0 1 0 1 0 1 0 0 0 1 0 0 0 0 0 0 0 0 0 0 
1 1 1 1 0 0 0 0 0 0 0 0 0 1 0 0 0 1 0 0 0 0 0 0 
12 1 0 1 0 0 1 0 1 0 0 0 0 1 0 0 0 0 0 0 0 0 0 0 
12 1 0 1 0 0 0 0 0 0 0 0 0 1 0 0 0 0 0 0 0 0 0 0 
8 1 0 0 0 0 1 1 0 1 0 0 0 0 0 0 0 0 0 0 0 0 0 0 
7 1 1 1 0 0 0 0 0 0 0 0 0 1 0 0 0 0 0 0 0 0 0 0 
3 1 0 1 1 1 1 0 1 1 0 0 0 1 0 1 1 1 1 0 0 0 0 0 
8 1 0 0 0 1 1 1 0 0 0 0 0 0 0 0 0 0 0 0 0 0 0 0 
2 1 1 1 1 1 0 0 1 1 0 0 0 1 0 1 1 1 1 0 1 0 0 0 
11 1 0 0 0 0 0 1 0 0 0 0 0 0 0 0 0 0 0 1 0 0 0 0 
4 1 1 0 0 1 0 1 0 1 0 0 0 1 0 0 0 0 0 0 0 0 0 0 
7 1 0 1 0 0 0 0 1 1 0 1 0 1 0 1 0 0 0 0 0 0 0 0 
7 1 0 1 0 0 0 0 1 0 0 0 0 1 0 0 0 0 1 0 0 0 0 0 
4 1 1 1 1 1 1 0 1 0 0 0 0 1 1 0 0 1 0 0 0 0 0 0 
0
1
2
3
4
3
5
1
6
7
8
9
10
11
12
0
3
13
14
15
15
16
17
16
18
19
20
14
21
22
23
5
1
0
24
25
26
3
6
27
28
3
8
29
30
31
32
33
34
12
25
35
5
9
8
36
37
38
7
0
39
0
9
21
33
40
41
9
42
43
0
44
45
12
11
3
46
0
7
25
9
47
40
12
5
24
25
7
0
1
48
49
50
3
0
9
13
51
7
0
33
0
52
46
31
53
54
5
3
13
3
0
43
8
55
0
12
22
54
0
1
56
9
20
12
5
57
20
9
58
59
5
9
60
0
61
0
7
62
7
5
63
9
5
9
60
64
0
12
22
65
5
9
66
3
0
12
8
60
67
68
3
69
9
8
12
0
1
70
7
20
71
48
5
1
6
9
72
3
0
1
0
7
22
73
9
74
31
0
3
13
75
76
3
47
9
5
12
22
7
0
9
77
0
49
78
46
3
8
3
79
80
76
7
22
3
0
9
58
59
5
7
22
81
82
3
50
0
7
0
1
0
58
59
5
9
22
7
0
83
84
21
5
3
78
3
5
1
85
12
86
65
87
9
53
7
48
7
53
87
3
8
7
5
88
5
9
13
31
89
7
90
91
92
93
94
93
95
96
92
97
98
99
100
101
97
102
103
102
97
104
105
104
106
107
108
109
104
106
107
110
104
111
112
113
114
115
116
117
112
114
20
65
60
3
118
12
78
9
87
119
120
107
110
104
103
121
106
122
123
104
124
125
126
110
104
106
104
127
104
106
107
106
107
106
104
128
129
130
131
104
125
104
103
104
125
132
133
104
124
134
135
97
97
136
137
138
139
140
141
142
140
143
144
145
146
112
147
112
148
149
116
78
3
46
9
78
135
125
150
106
104
151
104
106
107
106
107
152
153
154
155
95
156
157
158
159
92
160
161
162
126
163
164
165
164
166
167
168
169
106
104
109
104
170
107
171
103
104
106
104
172
112
173
97
112
174
97
173
97
112
175
112
115
116
176
129
177
178
98
100
102
179
102
180
102
181
102
180
98
182
183
184
185
112
115
112
186
112
187
112
186
152
114
78
188
5
189
0
112
190
112
191
114
192
114
191
193
92
156
157
194
154
195
92
196
158
197
157
191
92
190
161
198
126
199
200
198
201
202
161
198
161
203
104
106
121
109
125
204
106
103
104
110
104
192
205
161
198
164
97
191
206
60
9
207
3
60
208
209
191
95
210
95
97
161
211
212
198
167
213
214
215
161
168
167
164
182
92
216
217
218
154
156
92
115
128
92
115
3
8
60
3
8
3
60
219
85
220
221
110
204
125
104
222
223
110
104
224
104
133
112
116
203
104
225
223
226
227
106
104
228
104
187
229
177
100
177
180
230
191
231
191
232
149
112
191
116
233
97
234
191
116
235
112
236
154
156
92
197
237
238
92
139
143
139
239
140
143
139
177
240
102
109
102
241
177
242
3
243
3
244
3
0
8
3
60
245
48
102
246
99
98
247
177
248
102
235
112
112
97
249
97
112
97
112
233
116
97
112
60
112
8
3
120
3
0
250
87
251
252
0
49
78
234
97
191
253
97
116
254
255
116
97
256
173
257
258
112
191
249
191
258
116
97
114
259
260
112
261
262
263
143
139
264
141
139
265
266
267
268
136
269
270
136
185
112
97
97
116
258
271
97
112
272
97
201
273
161
165
274
129
275
116
97
97
116
97
154
156
92
13
276
156
154
8
277
51
7
25
3
60
3
40
116
191
235
116
278
154
279
242
92
218
154
197
92
60
217
156
92
280
