618 17 234 10 1 18
1 5 1
4 7 1
1 4 1
1 2 1
1 4 1
1 3 0
1 5 0
1 5 0
1 2 0
1 9 0
1 6 0
1 8 0
1 13 0
1 9 0
1 13 0
1 5 0
1 19 0
0 5 0 1 0 0 0 0 0 0 1 0 0 0 1 0 0 0 0 
1 1 1 0 0 1 0 0 0 1 0 0 0 0 0 1 0 0 0 
1 5 0 0 0 1 1 0 0 0 0 0 0 0 0 1 0 0 0 
1 1 0 1 1 0 0 0 1 0 1 0 0 0 0 1 0 0 0 
1 6 0 0 0 1 0 0 0 0 0 0 0 0 0 1 0 0 0 
2 5 0 1 1 0 1 1 0 0 1 0 0 0 0 0 0 0 0 
2 16 0 0 0 1 0 0 0 1 0 0 0 0 0 0 0 0 0 
2 1 1 1 1 0 0 1 1 0 1 0 0 0 0 0 0 0 0 
2 2 0 0 0 1 1 0 0 0 0 0 0 1 0 0 0 0 0 
2 22 0 1 0 0 0 1 0 0 1 0 0 0 0 0 0 0 0 
2 34 0 0 0 1 0 0 0 0 0 0 0 0 0 0 0 0 0 
2 1 0 0 0 1 1 0 1 0 1 0 0 0 0 0 0 0 0 
3 9 0 0 0 1 0 0 0 0 0 0 0 0 0 0 0 0 0 
3 1 0 0 0 1 1 0 0 0 0 0 0 1 0 0 0 0 0 
4 11 0 0 0 1 0 0 0 0 0 0 0 0 0 0 0 0 0 
5 24 0 0 0 1 0 0 0 0 0 0 0 0 0 0 0 1 0 
5 4 1 1 1 0 1 1 1 0 1 1 1 0 0 0 0 1 0 
2 14 0 0 0 1 0 0 0 0 0 0 0 1 0 0 0 0 0 
6 1 0 0 1 1 1 0 0 0 0 0 0 0 0 0 0 0 0 
5 4 0 1 0 0 0 1 0 0 1 0 0 0 0 0 0 1 0 
7 4 1 0 0 1 0 0 0 0 0 0 0 0 0 0 0 0 1 
8 6 0 1 0 0 0 0 0 0 0 0 0 0 0 0 0 0 0 
8 1 0 1 0 0 0 1 0 1 1 0 0 0 0 0 0 0 0 
4 1 0 1 1 0 1 0 1 0 1 0 0 0 0 0 0 0 0 
5 1 1 1 0 0 0 1 0 0 1 0 1 0 0 0 0 1 0 
4 7 0 0 0 1 0 0 0 1 0 0 0 0 0 0 0 0 0 
4 4 0 1 0 0 0 1 0 0 1 0 0 0 0 0 0 0 0 
4 1 0 0 1 1 0 0 0 0 0 0 0 1 0 0 0 0 0 
3 2 0 0 0 1 1 0 1 0 1 0 0 0 0 0 0 0 0 
0 1 0 1 0 0 0 0 0 0 0 0 0 0 1 0 0 0 0 
6 1 1 1 0 0 0 1 0 1 1 0 0 0 0 0 0 0 0 
6 15 0 0 0 1 0 0 0 0 0 0 0 0 0 0 0 0 0 
6 1 0 1 1 0 1 1 0 0 1 0 0 0 0 0 0 0 0 
5 4 0 1 0 0 0 0 0 0 1 0 0 0 0 0 0 1 0 
2 4 1 1 1 0 1 1 1 0 1 1 1 0 0 0 0 0 0 
2 28 0 1 0 0 0 0 0 0 1 0 0 0 0 0 0 0 0 
6 6 1 1 1 0 1 1 1 0 1 1 1 0 0 0 0 0 0 
3 2 0 0 0 1 0 0 0 0 0 0 0 1 0 0 0 0 0 
9 8 0 1 0 0 0 0 0 0 1 0 0 0 0 0 1 0 0 
1 2 0 0 0 1 0 0 0 1 0 0 0 0 0 1 0 0 0 
5 2 0 1 1 0 1 1 0 0 1 0 0 0 0 0 0 1 0 
6 1 1 1 0 0 0 0 1 0 1 0 0 0 0 0 0 0 0 
6 7 0 0 0 1 1 0 0 0 0 0 0 0 0 0 0 0 0 
6 2 0 1 0 0 0 1 0 1 1 0 0 0 0 0 0 0 0 
5 7 0 0 0 1 0 0 0 0 0 0 0 1 0 0 0 1 0 
0 6 1 1 1 0 1 1 1 0 1 1 1 0 1 0 0 0 0 
2 2 1 1 0 0 1 1 0 1 1 0 0 0 0 0 0 0 0 
7 1 0 0 1 1 0 0 0 0 0 0 0 0 0 0 0 0 1 
1 2 0 1 0 0 0 1 0 0 1 0 0 0 0 1 0 0 0 
10 9 0 0 0 1 0 0 0 0 0 0 0 0 0 0 0 0 0 
10 1 0 1 1 0 0 0 1 0 1 1 1 0 0 0 0 0 0 
4 1 1 1 0 0 0 1 0 1 1 0 0 0 0 0 0 0 0 
2 2 0 1 1 0 1 0 0 0 1 0 0 0 0 0 0 0 0 
1 1 1 1 0 0 0 1 0 0 1 0 0 0 0 1 0 0 0 
11 1 0 0 1 1 1 0 1 1 1 0 0 0 0 0 0 0 0 
11 1 0 0 0 1 0 0 0 0 0 0 0 1 0 0 0 0 0 
0 1 1 1 1 0 1 0 1 0 1 1 1 0 1 0 0 0 0 
9 1 1 1 1 0 1 1 1 0 1 0 0 0 0 0 1 0 0 
1 4 0 0 0 1 0 0 0 0 0 0 0 1 0 1 0 0 0 
5 2 0 1 0 0 0 0 0 0 0 0 0 0 0 0 0 1 0 
11 2 0 0 0 1 1 0 0 0 0 0 0 0 0 0 0 0 0 
2 3 0 1 1 0 0 1 0 1 1 0 0 0 0 0 0 0 0 
1 3 1 0 0 1 0 0 0 0 0 0 0 0 0 1 0 0 0 
0 1 0 1 0 0 0 1 0 0 0 0 0 0 1 0 0 0 0 
5 2 0 0 0 1 0 0 0 1 0 0 0 0 0 0 0 1 0 
2 1 1 1 1 0 0 1 0 0 1 0 1 0 0 0 0 0 0 
3 3 0 0 0 1 1 0 0 0 0 0 0 0 0 0 0 0 0 
10 3 0 1 0 0 0 1 0 0 1 0 0 0 0 0 0 0 0 
10 7 0 0 0 1 0 0 0 0 0 0 0 1 0 0 0 0 0 
10 1 1 1 1 0 1 1 1 0 1 0 0 0 0 0 0 0 0 
4 1 0 1 0 0 0 0 0 0 1 0 1 0 0 0 0 0 0 
9 2 0 1 1 0 1 1 0 0 1 0 0 0 0 0 1 0 0 
7 3 0 0 0 1 0 0 0 0 0 0 0 0 0 0 0 0 1 
0 1 0 1 0 0 0 1 0 1 1 0 0 0 1 0 0 0 0 
6 1 1 1 1 0 1 0 1 0 1 1 1 0 0 0 0 0 0 
6 3 0 1 0 0 0 1 0 0 1 0 0 0 0 0 0 0 0 
4 2 0 1 1 0 1 0 0 0 1 0 0 0 0 0 0 0 0 
4 4 0 1 0 0 0 1 0 1 1 0 0 0 0 0 0 0 0 
4 8 0 1 0 0 0 0 0 0 1 0 0 0 0 0 0 0 0 
4 7 0 0 0 1 0 0 0 0 0 0 0 1 0 0 0 0 0 
9 2 1 1 1 0 1 1 1 0 1 1 1 0 0 0 1 0 0 
4 2 0 1 0 0 0 0 0 0 0 0 0 0 0 0 0 0 0 
0 1 1 1 1 0 1 1 0 0 1 0 0 0 1 0 0 0 0 
4 1 0 1 1 0 1 1 1 0 1 1 1 0 0 0 0 0 0 
5 1 1 0 0 1 0 0 0 0 0 0 1 1 0 0 0 1 0 
1 3 0 1 0 0 0 0 0 0 1 0 0 0 0 1 0 0 0 
8 1 0 1 0 0 0 1 0 1 0 0 0 0 0 0 0 0 0 
3 1 0 0 1 1 0 0 1 0 1 0 0 0 0 0 0 0 0 
5 4 1 1 0 0 0 0 0 0 1 0 0 0 0 0 0 1 0 
6 1 0 0 1 1 0 0 0 1 0 0 0 0 0 0 0 0 0 
0 2 0 1 0 0 0 1 0 0 1 0 0 0 1 0 0 0 0 
3 1 0 0 0 1 1 0 1 0 0 0 0 0 0 0 0 0 0 
4 2 1 1 0 0 0 0 0 0 1 0 0 0 0 0 0 0 0 
8 1 0 0 0 1 0 0 0 0 0 0 1 1 0 0 0 0 0 
5 2 0 1 1 0 0 1 0 1 1 0 0 0 0 0 0 1 0 
7 2 0 0 0 1 1 0 0 0 0 0 0 0 0 0 0 0 1 
2 1 1 1 1 0 1 1 0 1 1 0 0 0 0 0 0 0 0 
1 1 1 1 1 0 1 1 1 0 1 1 1 0 0 1 0 0 0 
2 3 0 0 1 1 1 0 1 1 1 0 0 0 0 0 0 0 0 
5 1 0 1 0 0 0 1 0 0 0 0 0 0 0 0 0 1 0 
0 1 0 1 1 0 1 1 1 0 1 1 1 0 1 0 0 0 0 
4 3 0 0 1 1 0 0 0 1 0 0 0 0 0 0 0 0 0 
4 3 0 0 0 1 1 0 0 0 0 0 0 0 0 0 0 0 0 
10 3 1 0 1 1 0 0 1 0 1 0 0 0 0 0 0 0 0 
5 1 0 1 0 0 1 1 0 0 1 0 1 0 0 0 0 1 0 
2 2 0 1 1 0 0 0 0 0 1 0 0 0 0 0 0 0 0 
6 4 0 1 0 0 0 0 0 0 1 0 0 0 0 0 0 0 0 
6 1 0 0 0 1 0 0 0 0 0 0 0 1 0 0 0 0 0 
3 1 0 0 0 1 0 0 1 0 0 0 0 0 0 0 0 0 0 
2 1 1 0 1 1 0 0 0 1 0 0 0 0 0 0 0 0 0 
5 3 0 0 0 1 1 0 0 0 0 0 0 0 0 0 0 1 0 
1 1 1 0 1 1 0 0 0 1 0 0 0 0 0 1 0 0 0 
5 1 0 1 0 0 1 1 1 0 1 1 1 0 0 0 0 1 0 
11 1 0 0 0 1 0 0 0 0 0 0 0 0 0 0 0 0 0 
5 1 1 1 0 0 0 1 0 0 1 0 0 0 0 0 0 1 0 
10 1 0 1 1 0 0 0 0 0 1 0 1 0 0 0 0 0 0 
2 7 0 1 0 0 0 1 0 1 1 0 0 0 0 0 0 0 0 
2 1 1 0 0 1 0 0 0 0 0 0 0 0 0 0 0 0 0 
2 1 0 1 1 0 1 0 1 0 1 0 0 0 0 0 0 0 0 
7 4 0 0 0 1 0 0 0 0 0 0 0 1 0 0 0 0 1 
4 4 0 1 1 0 1 1 0 0 1 0 0 0 0 0 0 0 0 
4 1 1 1 0 0 0 1 0 0 1 0 1 0 0 0 0 0 0 
5 1 0 0 1 1 1 0 0 0 1 0 0 0 0 0 0 1 0 
4 3 0 1 0 0 0 1 0 0 0 0 0 0 0 0 0 0 0 
4 2 1 1 1 0 1 1 1 0 1 1 1 0 0 0 0 0 0 
1 2 0 1 1 0 1 1 0 0 1 0 0 0 0 1 0 0 0 
8 4 0 0 0 1 0 0 0 0 0 0 0 0 0 0 0 0 0 
8 3 0 1 0 0 0 0 0 0 1 0 0 0 0 0 0 0 0 
8 5 0 0 0 1 0 0 0 0 0 0 0 1 0 0 0 0 0 
2 3 0 1 0 0 0 1 0 0 0 0 0 0 0 0 0 0 0 
6 1 1 0 1 1 1 0 0 0 0 0 0 0 0 0 0 0 0 
6 1 0 1 0 0 0 0 1 0 1 0 0 0 0 0 0 0 0 
7 1 0 0 0 1 0 0 0 1 0 0 0 0 0 0 0 0 1 
9 4 0 1 0 0 0 1 0 0 1 0 1 0 0 0 1 0 0 
2 3 1 1 0 0 0 0 0 0 1 0 0 0 0 0 0 0 0 
2 2 0 0 0 1 1 0 0 0 0 0 0 0 0 0 0 0 0 
9 1 0 1 0 0 0 0 1 0 1 0 0 0 0 0 1 0 0 
2 1 1 1 1 0 1 0 0 0 1 0 0 0 0 0 0 0 0 
10 1 0 0 0 1 0 0 0 0 0 0 1 1 0 0 0 0 0 
10 1 0 1 1 0 1 1 1 0 1 1 1 0 0 0 0 0 0 
3 1 0 0 0 1 0 0 0 1 0 0 0 0 0 0 0 0 0 
0 1 0 1 1 0 1 0 0 0 1 0 0 0 1 0 0 0 0 
1 1 1 0 1 1 1 0 1 1 1 0 0 0 0 1 0 0 0 
6 3 0 0 0 1 0 0 0 1 0 0 0 0 0 0 0 0 0 
10 1 1 1 1 0 1 1 0 0 1 0 0 0 0 0 0 0 0 
4 1 0 1 1 0 0 1 0 0 1 0 0 0 0 0 0 0 0 
4 1 1 0 0 1 1 0 0 0 0 0 0 0 0 0 0 0 0 
5 1 0 0 1 1 0 0 1 0 1 0 0 0 0 0 0 1 0 
9 2 0 1 0 0 0 1 0 0 0 0 0 0 0 0 1 0 0 
0 1 1 1 0 0 1 1 0 0 1 0 0 0 1 0 0 0 0 
1 2 0 0 1 1 0 0 0 1 0 0 0 0 0 1 0 0 0 
4 1 0 1 1 0 0 1 0 1 1 0 0 0 0 0 0 0 0 
4 1 0 0 0 1 0 0 1 0 1 0 0 0 0 0 0 0 0 
4 1 0 1 0 0 0 1 0 0 1 0 1 0 0 0 0 0 0 
1 1 1 0 1 1 1 0 0 0 0 0 0 0 0 1 0 0 0 
5 2 0 0 0 1 0 0 1 0 0 0 0 0 0 0 0 1 0 
4 1 0 1 0 0 0 1 0 1 0 0 0 0 0 0 0 0 0 
2 1 0 0 1 1 1 0 0 0 0 0 0 0 0 0 0 0 0 
5 1 0 0 0 1 0 0 0 0 0 0 1 1 0 0 0 1 0 
8 3 0 1 0 0 0 1 0 0 0 0 0 0 0 0 0 0 0 
10 1 0 1 1 0 1 1 0 0 1 0 0 0 0 0 0 0 0 
1 2 0 1 0 0 0 0 0 0 0 0 0 0 0 1 0 0 0 
2 3 1 0 1 1 0 0 1 0 1 0 0 0 0 0 0 0 0 
2 2 0 1 0 0 0 1 0 1 0 0 0 0 0 0 0 0 0 
0 1 0 1 0 0 0 1 0 0 1 0 1 0 1 0 0 0 0 
2 7 0 1 0 0 0 0 0 0 0 0 0 0 0 0 0 0 0 
7 1 0 0 1 1 0 0 0 1 0 0 0 0 0 0 0 0 1 
6 1 1 1 0 0 1 1 1 0 1 1 1 0 0 0 0 0 0 
8 1 0 1 0 0 0 1 0 0 1 0 0 0 0 0 0 0 0 
6 1 1 1 0 0 0 1 0 0 1 0 0 0 0 0 0 0 0 
5 1 0 1 1 0 1 1 1 1 1 0 0 0 0 0 0 1 0 
10 1 0 1 0 0 0 0 0 0 1 0 0 0 0 0 0 0 0 
10 1 0 1 1 0 1 1 1 0 1 0 0 0 0 0 0 0 0 
3 1 1 0 0 1 0 0 0 1 0 0 0 0 0 0 0 0 0 
2 2 0 1 0 0 0 1 0 0 1 0 1 0 0 0 0 0 0 
5 1 0 1 1 0 1 1 1 0 1 1 1 0 0 0 0 1 0 
0 1 0 1 1 0 1 1 0 0 1 0 0 0 1 0 0 0 0 
10 3 0 0 0 1 0 0 0 1 0 0 0 0 0 0 0 0 0 
10 1 0 0 0 1 1 0 0 0 0 0 0 0 0 0 0 0 0 
2 1 0 1 1 0 0 1 0 0 1 0 1 0 0 0 0 0 0 
5 1 0 1 1 0 1 1 1 0 1 0 0 0 0 0 0 1 0 
4 1 1 1 1 0 1 0 1 0 1 0 0 0 0 0 0 0 0 
9 1 0 1 0 0 0 1 0 0 1 0 0 0 0 0 1 0 0 
10 2 0 1 1 0 0 0 0 0 1 0 0 0 0 0 0 0 0 
10 1 1 0 0 1 1 0 1 0 1 0 0 0 0 0 0 0 0 
1 1 0 0 0 1 0 0 1 0 0 0 0 0 0 1 0 0 0 
2 1 1 0 0 1 1 0 0 0 1 0 0 0 0 0 0 0 0 
2 1 0 1 1 0 0 1 0 0 1 0 0 0 0 0 0 0 0 
4 1 0 1 0 0 0 1 0 1 1 0 1 0 0 0 0 0 0 
7 1 0 0 0 1 1 0 0 1 0 0 0 0 0 0 0 0 1 
1 1 0 0 1 1 1 0 1 1 1 0 0 0 0 1 0 0 0 
5 1 0 0 1 1 0 0 0 0 0 0 0 0 0 0 0 1 0 
9 2 1 1 0 0 0 0 0 0 1 0 0 0 0 0 1 0 0 
5 1 1 1 0 0 1 0 1 0 1 1 1 0 0 0 0 1 0 
8 1 0 1 1 0 0 0 0 0 1 0 0 0 0 0 0 0 0 
8 1 0 0 0 1 0 0 0 1 0 0 0 0 0 0 0 0 0 
4 1 0 0 0 1 1 0 0 0 1 0 0 1 0 0 0 0 0 
2 3 1 1 0 0 0 1 0 0 1 0 0 0 0 0 0 0 0 
5 1 0 1 1 0 0 0 1 0 1 0 1 0 0 0 0 1 0 
0 1 0 1 0 0 0 1 0 1 0 0 0 0 1 0 0 0 0 
2 1 1 1 0 0 1 1 1 0 1 1 1 0 0 0 0 0 0 
11 2 0 0 1 1 0 0 0 1 0 0 0 0 0 0 0 0 0 
2 2 1 1 1 0 1 1 0 0 1 0 0 0 0 0 0 0 0 
1 1 0 1 0 0 0 1 0 1 0 0 0 0 0 1 0 0 0 
6 1 0 0 1 1 1 0 1 0 1 0 0 0 0 0 0 0 0 
8 1 1 0 0 1 0 0 0 0 0 0 0 0 0 0 0 0 0 
2 1 1 0 0 1 1 0 0 0 0 0 0 0 0 0 0 0 0 
2 1 0 1 1 0 0 0 0 0 0 0 0 0 0 0 0 0 0 
10 1 0 1 1 0 0 1 0 0 1 0 0 0 0 0 0 0 0 
10 1 1 1 0 0 0 0 0 0 1 0 0 0 0 0 0 0 0 
0 2 0 1 1 0 0 1 0 0 1 0 0 0 1 0 0 0 0 
5 1 0 1 0 0 0 0 0 0 1 0 1 0 0 0 0 1 0 
9 1 0 1 0 0 0 1 0 1 1 0 0 0 0 0 1 0 0 
2 1 0 1 0 0 1 1 0 0 1 0 0 0 0 0 0 0 0 
2 2 0 0 1 1 0 0 0 1 0 0 0 0 0 0 0 0 0 
2 1 1 1 0 0 1 0 0 0 1 0 0 0 0 0 0 0 0 
6 1 0 1 1 0 1 0 1 0 1 0 1 0 0 0 0 0 0 
6 1 1 0 0 1 0 0 0 0 0 0 0 0 0 0 0 0 0 
6 1 1 0 0 1 1 0 1 0 1 0 0 0 0 0 0 0 0 
5 1 0 1 1 0 0 0 0 0 1 0 1 0 0 0 0 1 0 
2 1 0 0 0 1 1 0 0 1 1 0 0 0 0 0 0 0 0 
2 1 1 1 1 0 0 0 1 0 1 0 0 0 0 0 0 0 0 
2 1 0 0 1 1 1 0 0 1 1 0 0 0 0 0 0 0 0 
8 1 1 1 0 0 0 1 0 0 0 0 0 0 0 0 0 0 0 
5 1 0 0 0 1 0 0 1 0 1 0 0 0 0 0 0 1 0 
9 1 0 1 0 0 0 0 0 0 0 0 0 0 0 0 1 0 0 
3 1 0 0 0 1 1 0 0 0 1 0 0 0 0 0 0 0 0 
10 1 0 0 1 1 0 0 0 1 0 0 0 0 0 0 0 0 0 
10 1 1 1 0 0 0 1 0 0 1 0 0 0 0 0 0 0 0 
0 1 0 1 0 0 1 1 0 0 1 0 0 0 1 0 0 0 0 
1 1 1 1 1 0 0 1 1 0 1 1 1 0 0 1 0 0 0 
2 1 0 0 0 1 1 0 0 0 1 0 0 0 0 0 0 0 0 
6 1 0 1 1 0 0 1 0 0 1 0 0 0 0 0 0 0 0 
5 1 1 0 0 1 1 0 1 0 1 0 0 0 0 0 0 1 0 
0
1
2
3
4
5
6
7
8
9
10
11
12
13
12
14
15
16
17
6
18
19
20
21
22
14
23
4
24
25
26
27
28
29
30
31
32
31
33
6
34
17
35
10
5
6
35
15
36
37
38
39
40
31
41
42
43
31
44
45
10
35
10
46
47
38
44
48
49
50
49
51
14
52
15
21
53
54
55
9
15
56
6
9
10
35
15
57
58
10
9
6
34
10
35
10
5
17
9
59
60
61
62
63
28
21
64
65
66
12
67
68
69
25
70
4
71
72
73
44
74
31
75
31
76
77
14
78
79
80
25
78
81
15
82
12
78
25
83
84
85
42
86
87
88
42
75
89
90
91
92
93
94
95
38
21
4
16
6
35
17
9
10
96
10
35
15
97
17
9
10
98
99
20
38
12
100
68
88
101
26
102
78
103
104
58
35
10
46
10
105
10
9
6
36
31
106
107
71
108
35
109
9
110
35
10
9
111
112
113
90
101
78
114
66
115
49
116
117
118
119
19
14
120
25
121
14
122
123
78
79
124
6
35
15
125
126
127
128
45
15
35
129
130
131
132
133
15
134
135
61
10
35
44
45
6
10
9
2
136
10
116
137
10
9
15
138
139
20
19
140
141
49
133
44
142
123
31
106
31
36
143
106
37
21
144
49
85
15
145
146
77
81
147
148
119
149
150
33
123
14
92
102
151
152
79
153
154
38
155
156
76
14
26
44
45
6
35
9
157
35
6
158
80
126
127
159
150
88
135
9
119
31
36
15
0
12
160
49
49
133
110
161
162
163
8
35
15
164
162
165
2
19
166
31
167
128
168
101
33
42
169
31
161
170
68
171
49
45
64
38
126
21
172
173
35
17
174
98
134
10
9
72
175
128
9
10
134
6
176
4
38
12
16
68
177
67
178
35
179
6
35
20
180
58
38
177
45
15
35
12
77
181
79
26
14
120
25
78
14
36
85
15
182
177
183
184
67
68
0
60
94
185
165
186
187
79
188
102
183
15
48
189
103
148
128
33
143
36
31
75
31
190
159
88
10
5
17
116
191
192
2
165
61
31
193
126
194
195
159
196
62
129
98
165
10
197
10
198
66
199
192
12
125
17
35
10
200
201
15
35
10
202
17
35
203
204
205
0
15
120
14
77
79
16
4
35
10
116
206
207
17
9
110
208
49
209
2
210
17
35
10
34
15
9
6
52
17
197
10
5
6
211
62
210
42
212
44
9
165
162
213
10
9
214
215
119
9
15
216
217
43
106
42
105
17
116
218
219
10
9
220
221
15
174
165
222
223
224
225
226
227
228
68
229
201
35
10
34
10
35
163
68
103
133
72
40
39
127
128
124
15
116
10
165
202
155
0
79
120
25
78
15
230
95
116
17
35
129
231
214
197
59
42
232
143
58
233
