508 20 159 12 2 49
1 4 1
1 6 1
1 3 1
1 3 1
1 8 1
1 2 1
1 8 1
1 10 1
1 6 0
1 3 0
1 7 0
1 9 0
1 4 0
1 9 0
1 25 0
1 20 0
1 4 0
1 5 0
1 50 0
1 50 0
11 3 1 0 1 0 0 0 0 0 0 0 0 0 0 0 0 0 0 0 0 0 
11 1 0 0 0 0 0 0 1 0 0 0 0 0 0 0 0 0 0 0 0 0 
11 6 0 0 0 1 0 0 0 0 0 0 0 0 0 0 0 0 0 0 0 0 
11 8 0 0 0 0 0 0 0 0 0 0 0 0 0 0 0 0 0 0 0 0 
11 1 0 0 1 0 0 1 0 0 0 0 0 0 0 0 0 0 0 0 0 0 
11 2 0 0 0 1 0 0 0 0 1 0 0 0 0 0 0 0 1 0 0 0 
11 2 0 0 0 0 1 0 0 0 0 0 0 0 0 0 0 0 0 0 0 0 
11 1 0 0 0 1 0 0 0 0 0 1 0 0 0 0 0 0 0 0 0 0 
11 1 1 1 0 0 0 1 1 0 0 0 0 0 0 0 0 1 0 0 0 0 
11 7 0 0 1 0 0 0 0 0 0 0 0 0 0 0 0 0 0 0 0 0 
11 2 0 0 0 1 0 0 0 0 0 0 0 0 0 0 0 0 0 1 0 0 
11 1 0 0 0 0 1 0 0 0 0 0 0 0 0 0 0 0 0 1 0 0 
11 1 1 1 0 0 0 0 1 0 0 0 0 0 0 0 0 0 1 1 0 0 
11 7 0 0 0 0 0 0 0 0 0 0 0 1 0 0 0 0 0 0 0 0 
11 4 0 0 0 1 0 0 0 0 0 0 0 1 0 0 0 0 0 0 0 0 
11 1 0 0 0 0 0 0 1 0 1 0 0 0 0 0 0 0 1 0 0 0 
11 3 0 0 0 0 0 0 0 0 0 0 0 0 1 0 0 0 0 0 0 0 
11 2 0 0 1 0 0 0 0 0 0 0 0 0 1 0 0 0 0 0 0 0 
11 1 1 1 0 1 0 0 1 0 0 0 0 1 0 0 0 0 1 0 0 0 
11 1 0 0 0 0 0 0 1 0 0 0 0 0 0 0 0 0 0 1 0 0 
11 1 1 1 0 1 0 0 0 0 1 0 0 0 0 0 0 0 1 1 0 0 
11 2 0 0 0 0 0 0 0 0 0 0 0 0 0 0 0 0 0 1 0 0 
10 6 0 0 0 0 0 0 0 0 0 0 0 0 0 0 0 0 0 0 0 0 
9 19 0 0 0 1 0 0 0 0 0 0 0 0 0 0 0 0 0 1 0 0 
11 1 1 1 0 0 0 1 0 0 0 0 0 0 0 0 0 0 1 0 0 0 
1 1 0 0 0 0 0 0 1 0 1 0 0 0 0 0 0 0 0 0 0 0 
10 4 0 0 1 0 0 0 0 0 0 0 0 0 0 0 0 0 0 0 0 0 
10 7 0 0 0 1 0 0 0 0 0 0 0 0 0 0 0 0 0 0 0 0 
10 1 1 0 1 0 0 0 0 0 0 0 0 0 0 0 0 0 0 0 0 0 
6 2 0 0 0 0 1 0 0 0 0 0 0 0 0 0 1 0 0 0 0 0 
6 5 0 0 0 0 0 0 0 0 0 0 0 0 0 0 1 0 0 0 0 0 
4 1 0 0 0 1 0 0 0 0 0 0 0 0 0 0 0 0 0 0 0 0 
1 1 1 1 0 0 0 0 1 0 0 0 0 0 0 0 0 0 1 0 0 0 
6 1 0 0 1 0 0 0 0 0 0 0 0 0 0 0 1 0 0 0 0 0 
6 1 0 0 0 1 0 0 0 0 0 0 0 0 0 0 1 0 0 0 0 0 
1 1 1 1 0 1 0 1 1 0 1 0 0 0 0 0 0 1 1 0 1 0 
8 77 0 0 0 0 0 0 0 0 0 0 0 0 0 0 0 0 0 0 0 0 
9 1 0 0 0 0 0 0 0 0 0 1 0 0 0 0 0 0 0 1 0 0 
9 1 0 0 0 0 0 0 0 0 1 0 0 0 0 0 0 0 0 1 0 0 
3 3 0 0 0 0 0 0 1 0 0 0 0 0 1 0 0 0 0 0 0 0 
3 2 0 0 0 0 0 0 1 0 1 0 0 0 1 0 0 0 1 0 0 0 
2 4 0 0 0 1 0 0 0 0 0 0 0 1 0 0 0 0 0 0 0 0 
2 2 0 0 0 0 0 0 1 0 0 0 0 1 0 0 0 0 1 0 0 0 
2 3 0 0 1 0 0 0 0 0 0 0 0 1 0 0 0 0 0 0 0 0 
12 8 0 0 0 1 0 0 0 0 0 0 0 0 0 0 0 0 0 0 0 0 
12 8 0 0 0 0 0 0 0 0 0 0 0 0 0 0 0 0 0 0 0 0 
12 2 0 0 0 1 0 0 0 0 1 0 0 0 0 0 0 0 1 0 0 0 
12 1 1 0 0 0 0 0 0 0 0 0 0 0 0 0 0 0 0 0 0 0 
12 1 0 0 1 0 0 0 0 0 0 0 0 0 0 0 0 0 0 0 0 0 
9 1 1 1 0 0 0 0 0 0 0 0 0 0 0 0 0 0 0 1 0 0 
3 17 0 0 1 0 0 0 0 0 0 0 0 0 1 0 0 0 0 0 0 0 
3 2 0 0 0 1 0 0 0 0 1 0 0 0 1 0 0 0 1 0 0 0 
3 9 0 0 0 0 1 0 0 0 0 0 0 0 1 0 0 0 0 0 0 0 
9 4 0 0 0 0 0 0 1 0 0 0 0 0 0 0 0 0 1 1 0 0 
9 3 0 0 1 0 0 0 0 0 0 0 0 0 0 0 0 0 0 1 0 0 
8 33 0 0 0 1 0 0 0 0 0 0 0 0 0 0 0 0 0 0 0 0 
8 2 1 1 0 0 0 0 1 0 0 0 0 0 0 0 0 1 1 0 0 0 
8 6 0 0 0 1 0 0 0 0 1 0 0 0 0 0 0 0 1 0 0 0 
8 2 0 0 0 0 0 0 0 1 0 0 0 0 0 0 0 0 0 0 0 0 
8 1 1 1 1 0 0 1 1 0 0 0 0 0 0 0 0 0 1 0 0 0 
8 1 0 0 0 1 0 0 1 0 0 0 0 0 0 0 0 0 1 0 0 0 
12 1 1 0 1 0 0 1 0 0 0 0 0 0 0 0 0 0 0 0 0 0 
1 1 0 0 0 0 0 0 1 0 0 0 0 0 0 0 0 0 0 0 0 0 
3 13 0 0 0 0 0 0 0 0 0 0 0 0 1 0 0 0 0 0 0 0 
3 10 0 0 0 1 0 0 0 0 0 0 0 0 1 0 0 0 0 0 0 0 
3 1 0 0 0 0 0 0 0 1 0 1 0 0 1 0 0 0 0 0 0 0 
12 2 0 0 1 1 0 1 0 0 1 0 0 0 0 0 0 0 1 0 0 0 
3 1 0 0 0 0 0 0 1 0 0 0 0 0 1 0 0 0 1 0 0 0 
3 1 0 0 0 1 0 1 0 0 1 0 0 0 1 0 0 0 1 0 0 0 
2 1 1 1 0 0 0 0 1 0 0 0 0 1 0 0 0 0 1 0 0 0 
8 1 1 1 0 1 0 0 1 0 0 0 0 0 0 0 0 0 1 0 0 0 
8 1 0 0 0 0 0 1 0 0 0 0 0 0 0 0 0 0 0 0 0 0 
9 2 0 0 0 1 0 0 0 0 0 0 0 0 0 0 0 0 1 1 0 0 
4 1 1 1 0 0 0 1 1 0 1 0 0 0 0 0 0 1 0 0 0 0 
0 10 0 0 0 1 0 0 0 0 0 0 1 0 0 0 0 0 0 0 0 0 
0 14 0 0 0 0 0 0 0 0 0 0 1 0 0 0 0 0 0 0 0 0 
0 7 0 0 1 0 0 0 0 0 0 0 1 0 0 0 0 0 0 0 0 0 
7 1 0 0 0 0 0 0 1 0 0 0 0 0 0 0 0 0 1 0 0 0 
8 1 0 0 0 0 0 1 0 0 0 0 0 0 0 0 0 0 1 0 0 0 
2 1 1 1 0 0 0 0 1 0 1 1 0 1 0 0 0 0 1 0 0 0 
4 1 1 1 0 0 0 0 1 0 0 0 0 0 0 0 0 1 0 0 0 0 
4 2 0 0 0 1 0 0 0 0 1 0 0 0 0 0 0 0 1 0 0 0 
4 6 0 0 0 0 0 0 0 0 0 0 0 0 0 0 0 0 0 0 0 0 
4 1 0 0 0 0 0 1 1 0 0 0 0 0 0 0 0 0 0 0 0 0 
4 1 1 1 0 1 0 0 0 0 0 0 0 0 0 0 0 0 0 0 0 0 
5 21 0 0 0 0 0 0 0 0 0 0 0 0 0 1 0 0 0 0 0 0 
9 1 0 0 1 1 0 0 0 0 0 0 0 0 0 0 0 0 0 1 0 0 
9 13 0 0 0 0 0 0 0 0 0 0 0 0 0 0 0 0 0 1 0 0 
8 2 0 0 1 0 0 1 0 0 0 0 0 0 0 0 0 0 0 0 0 0 
8 3 0 0 0 0 0 0 1 0 0 0 0 0 0 0 0 0 0 0 0 0 
1 1 1 1 0 0 0 0 1 0 0 0 0 0 0 0 0 1 1 0 0 0 
9 1 0 0 0 1 0 0 0 0 1 0 0 0 0 0 0 0 1 1 0 0 
3 2 1 0 1 0 0 0 0 0 0 0 0 0 1 0 0 0 0 0 0 0 
12 1 1 1 1 0 0 1 0 0 0 0 0 0 0 0 0 0 0 0 0 0 
0 1 0 0 0 1 0 0 0 0 0 0 1 0 0 0 0 0 1 0 0 0 
0 2 0 0 0 0 0 0 1 0 0 0 1 0 0 0 0 0 0 0 0 0 
0 1 0 0 0 1 0 0 0 0 1 0 1 0 0 0 0 0 1 0 0 0 
2 1 1 1 0 0 0 1 1 0 1 0 0 1 0 0 0 1 1 0 0 0 
3 1 0 0 0 0 0 0 0 1 0 0 0 0 1 0 0 0 0 0 0 0 
3 1 0 0 1 0 0 1 0 0 0 0 0 0 1 0 0 0 0 0 0 0 
8 1 0 0 0 1 0 0 0 0 0 0 0 0 0 0 0 0 1 0 0 0 
8 1 1 0 0 1 0 0 0 0 0 0 0 0 0 0 0 0 0 0 0 0 
0 1 0 0 0 0 0 1 0 0 1 0 1 0 0 0 0 0 0 0 0 0 
0 1 1 0 0 1 0 0 0 0 0 0 1 0 0 0 0 0 0 0 0 0 
0 1 1 1 0 1 0 0 0 0 0 1 1 0 0 0 0 0 0 0 0 0 
9 1 0 0 0 1 0 0 1 0 0 0 0 0 0 0 0 0 1 1 0 0 
2 2 0 0 0 0 0 0 1 0 0 0 0 1 0 0 0 0 0 0 0 0 
2 2 0 0 0 1 0 0 0 0 0 0 0 1 0 0 0 0 1 0 0 0 
4 1 1 1 0 1 0 0 0 0 1 0 0 0 0 0 0 0 1 0 0 0 
4 1 0 0 0 1 0 0 1 0 0 0 0 0 0 0 0 0 1 0 0 0 
0 1 1 0 0 0 0 0 0 0 0 0 1 0 0 0 0 0 0 0 0 0 
4 1 1 1 0 1 0 1 0 0 1 0 0 0 0 0 0 0 1 0 0 0 
4 1 0 0 0 0 0 0 1 0 0 0 0 0 0 0 0 0 0 0 0 0 
9 1 1 0 1 0 0 0 0 0 0 0 0 0 0 0 0 0 0 1 0 0 
9 1 0 0 0 1 0 1 1 0 1 0 0 0 0 0 0 0 1 1 0 0 
2 6 0 0 0 0 0 0 0 0 0 0 0 1 0 0 0 0 0 0 0 0 
2 1 0 0 1 1 0 1 0 0 1 0 0 1 0 0 0 0 1 0 0 0 
2 1 1 1 0 1 0 0 0 0 0 0 0 1 0 0 0 0 0 0 0 0 
2 1 0 0 0 1 0 0 0 0 1 0 0 1 0 0 0 0 1 0 0 0 
8 1 1 1 0 0 0 1 1 0 0 1 0 0 0 0 0 0 0 0 0 0 
8 1 1 0 1 0 0 0 0 0 0 0 0 0 0 0 0 0 0 0 0 0 
8 1 1 1 0 1 0 0 1 0 1 1 0 0 0 0 0 0 1 0 0 0 
8 1 0 0 1 0 0 0 0 0 0 0 0 0 0 0 0 0 0 0 0 0 
8 1 1 1 0 0 0 0 1 0 0 1 0 0 0 0 0 0 1 0 0 0 
10 1 0 0 1 0 0 1 0 0 0 0 0 0 0 0 0 0 0 0 0 0 
2 1 1 1 0 0 0 0 1 0 0 0 0 1 0 0 0 1 1 0 0 0 
10 1 0 0 1 1 0 1 0 0 0 0 0 0 0 0 0 0 0 0 0 0 
1 1 0 0 0 0 0 0 1 0 1 0 0 0 0 0 0 0 1 0 0 0 
5 5 0 0 0 1 0 0 0 0 0 0 0 0 0 1 0 0 0 0 0 0 
9 1 0 0 0 1 0 1 0 0 1 0 0 0 0 0 0 0 1 1 0 0 
9 1 1 1 0 1 0 0 0 0 0 0 0 0 0 0 0 0 0 1 0 0 
1 1 0 0 1 0 0 1 1 0 0 0 0 0 0 0 0 0 1 0 0 0 
5 1 0 0 0 1 0 1 0 0 0 0 0 0 0 1 0 0 0 0 0 0 
5 2 0 0 0 0 0 0 0 1 0 0 0 0 0 1 0 0 0 0 0 0 
6 1 0 0 0 1 0 0 1 0 1 0 0 0 0 0 1 0 0 0 1 0 
2 1 0 0 0 1 0 0 0 0 1 1 0 1 0 0 0 0 1 0 0 0 
2 1 0 0 0 0 0 1 1 0 0 0 0 1 0 0 0 0 0 0 0 0 
2 1 0 0 1 1 0 0 0 0 0 0 0 1 0 0 0 0 0 0 0 0 
2 1 0 0 0 1 0 0 1 0 0 0 0 1 0 0 0 0 1 0 0 0 
3 1 0 0 0 0 0 0 0 0 0 0 0 0 1 0 0 0 1 0 0 0 
3 1 1 0 0 0 1 0 0 0 1 0 0 0 1 0 0 0 0 0 0 0 
3 1 0 0 1 1 0 0 0 0 0 0 0 0 1 0 0 0 0 0 0 0 
3 1 0 0 0 1 0 0 0 0 0 0 0 0 1 0 0 0 1 0 0 0 
9 1 0 0 0 1 0 0 1 0 0 0 0 0 0 0 0 0 0 1 0 0 
3 1 1 0 1 0 0 1 0 0 0 0 0 0 1 0 0 0 0 0 0 0 
9 1 0 0 1 1 0 0 0 0 0 1 0 0 0 0 0 0 0 1 0 0 
10 1 0 0 1 1 0 1 0 0 1 0 0 0 0 0 0 0 1 0 0 0 
4 1 1 1 0 1 0 0 1 0 1 0 0 0 0 0 0 1 1 0 0 0 
8 2 1 1 0 1 0 0 0 0 1 0 0 0 0 0 0 0 1 0 0 0 
8 1 0 0 0 0 0 0 1 0 0 0 0 0 0 0 0 0 1 0 0 0 
11 1 1 1 0 1 0 0 0 0 0 1 0 0 0 0 0 0 0 0 0 0 
11 1 0 0 1 0 0 1 0 0 0 1 0 0 0 0 0 0 0 0 0 0 
1 1 1 1 0 1 0 1 1 0 0 0 0 0 0 0 0 0 1 0 0 0 
0 1 0 0 1 1 0 1 0 0 1 0 1 0 0 0 0 0 1 0 0 0 
8 1 0 0 0 0 0 0 1 0 0 1 0 0 0 0 0 0 0 0 0 0 
7 1 0 0 0 1 0 0 1 0 1 1 0 0 0 0 0 0 0 0 0 0 
8 1 0 0 0 1 0 1 0 0 0 0 0 0 0 0 0 0 0 0 0 0 
8 1 1 1 0 1 0 0 0 0 1 1 0 0 0 0 0 0 1 0 0 0 
1 1 1 1 0 1 0 0 1 0 1 0 0 0 0 0 0 0 1 0 0 0 
0
1
2
3
4
5
6
3
7
8
9
3
2
0
3
10
11
12
9
13
13
14
13
13
14
13
15
16
14
13
13
14
17
16
18
16
17
2
6
3
2
9
19
20
21
21
10
0
22
23
9
24
25
26
22
27
28
29
30
31
32
30
30
33
34
29
30
30
35
36
36
36
36
36
37
38
39
36
36
40
41
42
43
44
45
45
46
45
47
44
48
42
23
49
23
50
51
52
50
23
53
54
23
36
36
55
55
36
56
55
36
36
57
36
58
44
59
36
55
36
57
36
55
36
60
36
36
55
50
52
44
61
44
62
63
64
65
66
52
64
63
67
64
50
63
68
50
52
64
50
69
27
63
36
57
36
36
55
36
70
36
36
55
71
36
72
63
50
23
73
74
75
75
74
76
75
74
77
36
55
36
78
55
55
36
79
41
36
55
36
36
55
36
80
81
82
82
81
82
83
84
82
45
66
85
85
23
53
86
87
23
88
36
55
36
55
89
36
57
36
63
64
50
90
23
52
50
91
63
50
64
39
92
46
52
50
44
45
93
94
74
76
95
96
76
75
74
75
75
74
76
97
41
98
99
64
52
50
64
64
50
40
55
36
36
100
36
36
101
36
95
74
102
103
75
75
74
76
75
104
76
75
105
54
87
23
87
87
23
43
106
41
107
85
85
108
82
82
109
75
110
74
75
76
111
112
85
23
54
87
23
113
114
87
87
23
115
115
116
115
106
117
115
118
43
36
55
36
119
57
36
55
36
120
55
36
9
121
36
36
55
36
122
55
36
123
55
36
27
124
36
57
36
55
36
125
126
22
22
27
26
22
27
127
128
85
85
128
85
85
23
87
53
23
87
87
129
87
23
87
130
131
85
132
85
133
128
85
85
134
85
85
128
85
85
135
115
136
137
107
115
26
27
22
26
138
63
50
64
139
140
141
63
39
142
63
92
23
72
50
63
143
52
50
51
63
144
23
87
53
145
85
85
146
27
63
50
147
85
133
128
85
36
148
36
89
55
36
36
148
88
36
55
149
9
150
3
5
151
3
2
9
152
36
55
36
36
74
75
75
153
154
36
55
58
55
36
36
55
36
56
55
36
45
44
45
44
45
155
52
2
3
156
36
36
55
89
36
157
36
36
55
36
36
158
36
36
55
