854 14 201 15 1 29
1 5 1
1 30 1
1 7 1
3 4 1
1 14 1
1 4 1
1 2 1
16 24 1
4 5 1
1 8 1
2 3 1
1 22 0
1 3 0
1 6 0
4 2 0 0 0 0 0 0 1 0 1 0 1 0 1 0 
4 4 0 0 0 1 0 0 0 1 0 0 0 0 0 0 
4 1 0 0 0 0 0 1 1 0 1 1 1 0 0 0 
4 2 0 0 0 0 0 0 0 0 1 0 1 0 1 1 
4 2 0 0 0 1 0 0 1 1 0 0 0 0 0 0 
4 1 0 0 0 0 0 0 0 0 1 0 1 0 1 0 
4 25 0 0 0 0 0 0 0 0 1 0 1 0 0 0 
4 3 0 0 1 0 0 0 0 0 1 0 1 0 0 1 
4 1 0 0 0 1 0 0 1 1 0 1 0 0 1 0 
4 3 0 0 0 1 0 0 0 1 0 0 0 0 1 0 
4 3 0 0 0 0 0 0 1 0 1 0 1 1 0 0 
4 2 0 0 0 0 0 0 0 0 1 1 1 0 0 1 
4 1 0 0 0 0 0 1 1 0 1 0 1 0 0 0 
4 1 0 0 0 1 0 0 1 1 0 0 0 0 1 0 
3 31 0 0 0 0 0 0 0 0 1 0 1 0 0 0 
2 31 0 0 0 1 0 0 0 1 0 0 0 0 0 0 
2 11 0 0 0 0 0 0 1 0 1 0 1 0 0 0 
2 57 0 0 0 1 0 0 0 1 0 0 0 0 1 0 
2 13 0 0 0 0 0 0 0 0 1 0 1 0 0 0 
2 5 0 0 0 0 0 0 0 0 1 0 1 0 0 1 
10 2 0 0 0 0 0 0 1 0 1 1 1 0 0 0 
10 34 0 0 0 0 0 0 0 0 1 0 1 0 0 0 
1 12 0 0 0 0 0 0 1 0 1 0 1 1 0 0 
1 10 0 0 0 0 0 0 0 0 1 0 1 0 0 1 
2 2 0 0 0 0 0 1 1 0 1 1 1 0 0 0 
2 8 0 0 0 1 0 0 1 1 0 0 0 0 1 0 
2 4 0 0 0 1 0 0 0 1 0 0 0 0 0 1 
7 44 0 0 0 0 0 0 0 0 1 0 1 0 0 0 
2 2 0 0 1 0 0 0 0 0 1 1 1 0 0 1 
2 3 0 0 0 0 0 1 1 0 1 0 1 0 0 0 
2 11 0 0 0 1 0 0 0 1 0 0 0 0 1 1 
7 5 0 0 0 0 0 0 0 0 1 1 1 0 0 0 
11 13 0 0 0 0 0 0 1 0 1 0 1 1 0 0 
11 20 0 0 0 1 0 0 0 1 0 0 0 0 1 0 
5 7 0 0 0 1 0 0 0 1 0 0 0 0 1 0 
5 2 0 0 0 0 0 0 1 0 1 0 1 0 0 0 
5 1 0 0 1 0 0 0 0 0 1 0 1 0 0 1 
5 1 0 0 0 1 0 0 0 1 0 1 0 0 1 0 
8 32 0 0 0 0 0 0 0 0 1 0 1 0 0 0 
8 1 0 0 0 0 0 0 1 0 1 0 1 0 0 0 
8 3 0 0 0 1 0 0 0 1 0 0 0 0 1 0 
8 11 0 0 0 1 0 0 0 1 0 0 0 0 0 0 
8 4 0 0 0 0 0 0 0 0 1 0 1 0 1 0 
8 1 0 0 0 0 0 0 1 0 1 0 1 0 1 0 
8 1 0 0 0 0 0 0 0 0 1 0 1 0 0 1 
7 1 0 0 1 0 0 0 0 0 1 0 1 0 0 0 
7 1 0 0 0 0 0 0 1 0 1 0 1 0 1 0 
3 7 0 0 0 1 0 0 0 1 0 0 0 0 0 0 
11 4 0 0 0 1 0 0 0 1 0 0 0 0 1 1 
7 4 0 0 0 1 0 0 0 1 0 0 0 0 1 0 
7 2 0 0 0 0 0 0 1 0 1 0 1 0 0 0 
11 1 0 0 1 1 0 0 0 1 0 0 0 0 1 1 
1 9 0 0 0 0 0 0 1 0 1 0 1 0 0 0 
1 21 0 0 0 1 0 0 0 1 0 0 0 0 0 0 
1 2 0 0 0 0 0 1 1 0 1 0 1 0 1 0 
1 50 0 0 0 0 0 0 0 0 1 0 1 0 0 0 
1 5 0 0 1 0 0 0 0 0 1 0 1 0 1 1 
1 1 0 0 0 1 0 1 1 1 0 1 0 0 0 0 
1 3 0 0 0 1 0 0 0 1 0 0 0 0 1 1 
1 7 0 0 0 0 0 1 1 0 1 0 1 0 0 0 
10 9 0 0 0 0 0 0 1 0 1 0 1 0 0 0 
1 2 0 0 0 1 0 0 1 1 0 0 0 0 1 0 
10 1 0 0 0 1 0 0 0 1 0 1 0 0 1 1 
11 2 0 0 1 0 0 0 0 0 1 0 1 0 0 1 
1 2 0 0 0 1 1 0 1 1 0 0 0 0 0 0 
1 2 0 0 0 0 0 1 1 0 1 1 1 0 1 0 
2 4 0 0 1 0 0 0 0 0 1 0 1 0 1 1 
2 10 0 0 0 1 0 1 1 1 0 0 0 0 0 0 
2 6 0 0 0 0 0 0 0 0 1 0 1 0 1 0 
2 2 0 0 0 0 0 0 0 0 1 1 1 0 1 1 
8 2 0 0 1 0 0 0 0 0 1 0 1 0 0 1 
8 1 0 0 0 1 0 0 1 1 0 1 0 0 1 0 
5 1 0 0 0 1 0 0 1 1 0 0 0 0 1 0 
5 7 0 0 0 1 0 0 0 1 0 0 0 0 0 0 
7 2 0 0 1 0 0 0 0 0 1 0 1 0 1 1 
7 1 0 0 0 1 0 0 1 1 0 0 0 0 0 0 
11 1 0 0 0 0 0 0 0 0 1 0 1 0 1 1 
2 1 0 0 0 0 0 0 0 0 1 1 1 0 0 0 
1 2 0 0 1 0 0 0 0 0 1 0 1 0 0 1 
2 2 0 0 0 0 0 0 0 0 1 0 1 0 1 1 
2 4 0 0 0 0 0 0 1 0 1 0 1 0 1 0 
2 3 0 0 1 1 0 0 0 1 0 0 0 0 1 1 
3 4 0 0 0 1 0 0 0 1 0 0 0 0 1 0 
3 2 0 0 0 1 0 0 1 1 0 0 0 0 0 0 
3 1 0 0 0 0 0 0 0 0 1 0 1 0 0 1 
3 3 0 0 0 0 0 0 0 0 1 0 1 0 1 0 
3 2 0 0 0 0 0 1 1 0 1 1 1 0 0 0 
11 6 0 0 0 0 0 0 0 0 1 0 1 0 0 1 
11 1 0 0 0 0 0 0 1 0 1 0 1 0 0 0 
11 3 0 0 0 1 0 0 0 1 0 0 0 0 0 0 
11 7 0 0 0 0 0 0 0 0 1 0 1 0 1 0 
11 2 0 0 1 1 0 0 0 1 0 0 0 0 0 1 
12 10 0 0 0 0 0 0 0 0 1 0 1 0 0 0 
12 2 0 0 0 0 0 1 1 0 1 0 1 0 0 0 
11 1 0 0 0 0 0 0 0 0 1 0 1 0 0 0 
11 1 0 0 0 1 0 0 1 1 0 0 0 0 1 0 
3 1 0 0 0 0 0 0 0 0 1 1 1 0 0 1 
4 2 0 0 1 1 0 0 0 1 0 0 0 0 0 1 
4 5 0 0 0 1 1 0 1 1 0 0 0 0 0 0 
12 1 0 0 0 1 0 0 0 1 0 0 0 0 0 1 
8 1 0 0 0 0 0 1 1 0 1 0 1 0 1 0 
8 2 0 0 0 0 0 1 1 0 1 1 1 0 0 0 
1 1 0 0 1 0 0 0 0 0 1 0 1 0 1 0 
1 3 0 0 0 1 0 0 0 1 0 0 0 0 0 1 
1 2 0 0 0 1 0 0 0 1 0 1 0 0 1 0 
1 3 0 0 1 1 0 0 0 1 0 0 0 0 1 1 
3 1 0 0 0 1 0 1 1 1 0 1 0 0 0 0 
2 1 0 0 1 1 0 0 0 1 0 1 0 0 0 1 
7 4 0 0 0 1 0 0 0 1 0 0 0 0 0 0 
7 1 0 0 0 0 0 1 1 0 1 0 1 0 1 0 
7 2 0 0 0 1 0 0 0 1 0 0 0 0 0 1 
7 2 0 0 0 1 0 0 1 1 0 0 0 0 1 0 
7 1 0 0 0 0 0 0 0 0 1 0 1 0 0 1 
2 1 0 0 0 1 0 1 1 1 0 0 0 0 1 0 
10 2 0 0 0 0 0 1 1 0 1 0 1 0 0 0 
10 3 0 0 0 1 0 0 0 1 0 0 0 0 1 0 
2 1 0 0 0 1 0 1 1 1 0 1 0 0 1 0 
5 8 0 0 0 0 0 0 0 0 1 0 1 0 0 0 
13 1 0 0 1 1 0 0 0 1 0 0 0 0 1 1 
13 14 0 0 0 0 0 0 0 0 1 0 1 0 0 0 
13 2 0 0 0 0 0 0 1 0 1 0 1 1 0 0 
13 1 0 0 0 0 0 0 0 0 1 0 1 0 0 1 
13 6 0 0 0 1 0 0 0 1 0 0 0 0 1 0 
13 2 0 0 0 0 0 0 1 0 1 0 1 0 0 0 
13 1 0 0 0 1 0 0 0 1 0 0 0 0 1 1 
13 1 0 0 1 1 0 0 0 1 0 0 0 0 1 0 
12 2 0 0 0 1 0 0 1 1 0 0 0 0 0 0 
2 1 0 0 0 1 0 0 0 1 0 1 0 0 1 1 
12 7 0 0 0 1 0 0 0 1 0 0 0 0 0 0 
2 6 0 0 0 1 0 0 0 1 0 1 0 0 1 0 
13 1 0 0 1 0 0 0 0 0 1 0 1 0 0 1 
2 2 0 0 0 0 0 0 0 0 1 1 1 0 0 1 
2 1 0 0 0 1 0 0 1 1 0 0 0 0 0 0 
2 1 0 0 0 0 0 0 0 0 1 1 1 0 1 0 
12 3 0 0 0 0 0 0 0 0 1 0 1 0 0 1 
7 1 0 0 0 0 0 1 1 0 1 1 1 0 0 0 
7 1 0 0 0 1 0 0 0 1 0 0 0 0 1 1 
6 7 0 0 0 1 0 0 0 1 0 0 0 0 0 0 
6 4 0 0 0 0 0 0 0 0 1 0 1 0 0 0 
6 1 0 0 0 1 0 0 0 1 0 0 0 0 1 1 
6 1 0 0 1 0 0 0 0 0 1 0 1 0 1 0 
6 1 1 0 0 1 1 0 1 1 0 0 0 0 0 0 
6 1 0 0 0 0 0 0 1 0 1 0 1 1 0 0 
7 2 0 0 0 0 0 0 0 0 1 0 1 0 1 1 
3 2 0 0 0 1 0 0 1 1 0 0 0 0 1 0 
9 1 0 0 0 0 0 0 0 0 1 0 1 0 0 1 
3 1 0 0 0 1 0 0 1 1 0 1 0 0 0 0 
10 2 0 0 0 0 0 0 0 0 1 0 1 0 0 1 
4 1 0 1 0 0 0 0 0 0 1 0 1 0 0 0 
6 1 0 0 0 0 0 0 0 0 1 0 1 0 1 1 
6 4 0 0 0 1 0 0 0 1 0 0 0 0 1 0 
13 3 0 0 0 0 0 0 0 0 1 0 1 0 1 0 
13 1 0 0 0 1 0 0 0 1 0 0 0 0 0 1 
13 1 0 0 0 1 0 0 1 1 0 1 0 0 0 0 
7 1 0 0 0 0 0 1 1 0 1 0 1 0 0 0 
1 3 0 0 0 0 0 0 0 0 1 0 1 0 1 0 
1 2 0 0 0 1 0 1 1 1 0 0 0 0 0 0 
2 1 0 0 1 1 0 0 0 1 0 0 0 0 0 1 
0 1 0 0 0 1 1 0 1 1 0 0 0 0 0 0 
2 1 0 0 0 1 0 0 0 1 0 1 0 0 0 1 
6 2 0 0 0 0 0 0 0 0 1 0 1 0 0 1 
6 1 0 0 0 0 0 0 0 0 1 0 1 0 1 0 
3 1 0 0 0 1 0 1 1 1 0 0 0 0 0 0 
1 1 0 0 1 0 0 0 0 0 1 1 1 0 0 1 
9 1 0 0 0 1 0 1 1 1 0 0 0 0 0 0 
7 3 0 0 1 0 0 0 0 0 1 0 1 0 0 1 
7 1 0 0 0 0 0 0 1 0 1 0 1 1 0 0 
12 1 0 0 0 0 0 1 1 0 1 0 1 0 1 0 
12 1 0 0 1 0 0 0 0 0 1 0 1 0 0 1 
13 1 0 0 0 1 0 0 0 1 0 0 0 0 0 0 
8 1 0 0 1 1 0 0 0 1 0 0 0 0 1 1 
2 1 0 0 0 1 1 0 1 1 0 1 0 0 0 0 
1 1 0 0 0 1 0 0 1 1 0 1 0 0 0 0 
1 1 0 0 0 0 0 0 1 0 1 1 1 0 1 0 
7 1 0 0 0 0 0 0 0 0 1 0 1 0 1 0 
5 1 0 0 0 0 0 0 0 0 1 0 1 0 1 0 
4 2 0 0 0 0 0 0 0 0 1 0 1 0 0 1 
1 1 0 0 1 0 0 0 0 0 1 0 1 0 0 0 
1 1 0 0 0 1 0 0 0 1 0 1 0 0 0 1 
2 1 0 0 0 0 0 0 1 0 1 0 1 1 0 0 
1 2 0 0 0 1 0 0 0 1 0 0 0 0 1 0 
2 1 0 0 1 0 0 0 0 0 1 0 1 0 0 1 
6 1 0 0 0 0 0 0 1 0 1 0 1 0 0 0 
6 1 0 0 0 1 0 0 0 1 0 1 0 0 1 0 
6 1 0 0 0 1 0 0 1 1 0 0 0 0 0 0 
11 1 0 0 0 1 0 1 1 1 0 1 0 0 1 0 
3 1 0 0 1 0 0 0 0 0 1 0 1 0 0 1 
3 1 0 0 0 1 0 0 0 1 0 0 0 0 1 1 
3 1 0 0 0 0 0 1 1 0 1 0 1 0 0 0 
10 1 0 0 1 0 0 0 0 0 1 0 1 0 0 1 
9 1 0 0 0 0 0 0 1 0 1 0 1 0 0 0 
9 1 0 0 0 1 0 0 0 1 0 0 0 0 0 0 
1 1 0 0 0 0 0 0 1 0 1 0 1 0 1 0 
1 1 0 0 0 0 0 1 1 0 1 1 1 0 0 0 
8 1 0 0 0 1 0 0 0 1 0 0 0 0 1 1 
2 1 0 0 0 1 0 1 1 1 0 1 0 0 0 0 
3 1 0 0 1 1 0 0 0 1 0 0 0 0 0 0 
3 1 0 0 0 0 0 0 1 0 1 0 1 0 0 0 
11 1 0 0 0 1 0 0 0 1 0 0 0 0 0 1 
11 1 0 0 0 0 0 1 1 0 1 0 1 0 1 0 
11 1 0 0 0 0 0 0 0 0 1 1 1 0 0 1 
0
1
2
3
4
5
6
1
6
7
8
6
1
6
6
9
10
9
11
1
12
6
13
6
9
6
11
4
14
15
16
17
18
19
17
20
21
17
22
23
17
18
17
24
15
25
26
27
27
17
27
15
28
17
16
15
17
18
29
30
31
32
33
14
14
34
35
36
37
38
39
40
38
41
42
7
41
42
38
41
43
44
41
45
46
47
32
48
31
27
49
50
27
51
52
53
54
55
53
55
56
57
27
27
17
52
55
58
55
59
33
32
6
48
60
21
17
55
23
17
55
55
61
55
23
53
59
17
21
60
62
21
21
33
32
63
33
21
21
33
55
64
56
55
53
65
38
41
38
66
67
15
68
15
67
69
15
22
55
53
64
30
60
21
17
38
70
71
38
38
72
73
27
74
75
27
27
34
73
32
76
67
18
25
77
16
17
78
59
53
55
79
67
15
80
15
29
81
14
14
82
83
84
85
47
86
33
87
88
33
89
32
90
91
92
93
17
16
19
17
16
15
17
20
91
60
21
17
21
60
48
94
87
33
21
21
95
14
96
47
14
14
82
14
23
53
22
55
58
55
55
25
6
6
97
0
6
98
90
6
99
100
41
38
40
38
70
40
38
41
101
38
30
22
53
55
102
103
55
55
104
55
55
105
52
55
17
18
67
30
47
14
85
106
14
14
30
38
38
41
42
22
107
80
27
108
109
27
108
110
27
27
111
27
27
111
112
27
17
15
24
17
19
15
113
27
27
49
27
31
17
26
114
21
115
21
60
81
16
18
116
18
18
17
6
7
34
117
117
34
117
117
118
119
120
73
34
119
121
122
119
119
122
123
119
124
119
119
125
14
86
48
21
21
115
21
21
33
63
32
33
126
92
90
89
87
33
38
38
41
38
38
127
18
67
68
15
15
30
93
92
128
92
129
22
55
105
55
52
17
38
38
67
69
15
15
80
15
16
79
67
119
119
122
119
123
122
130
119
122
119
120
17
131
15
15
68
132
15
30
27
27
15
133
134
126
92
17
128
128
3
98
6
17
97
10
6
17
135
27
136
27
27
17
27
27
30
15
38
42
137
138
139
137
140
141
138
142
30
27
108
143
14
47
82
14
14
144
14
14
17
145
14
146
85
47
14
66
41
38
38
17
22
23
25
14
14
129
21
147
17
6
6
98
148
149
137
137
150
138
137
56
53
55
59
58
22
55
53
151
119
152
151
153
55
52
53
56
53
59
55
129
6
6
30
154
27
17
10
6
17
28
15
68
35
73
117
30
21
21
25
53
23
155
156
55
17
16
157
17
22
55
129
158
147
21
17
114
21
25
159
14
82
14
14
150
160
137
161
162
14
90
137
163
90
164
27
27
33
32
87
33
21
21
17
26
15
60
21
17
18
131
17
27
27
25
27
27
49
165
27
17
27
166
17
27
165
129
92
92
128
167
92
128
168
151
169
119
122
101
38
170
38
38
41
32
33
134
50
49
27
31
17
18
66
15
16
17
27
27
67
66
15
171
21
60
33
87
32
33
55
172
155
55
103
55
34
73
117
173
110
27
174
108
27
74
73
117
175
73
117
32
33
23
55
104
55
52
34
176
6
98
155
177
53
53
54
55
178
55
68
15
15
17
19
29
17
179
18
17
78
59
53
55
180
23
55
180
52
55
17
181
18
17
16
15
17
19
67
17
134
31
17
21
60
150
165
27
150
138
182
183
160
184
21
21
33
32
87
185
21
21
33
186
83
14
144
14
14
187
47
188
14
17
15
189
21
115
21
190
191
143
53
22
55
61
23
59
53
192
55
156
56
55
53
193
55
17
38
38
194
38
38
129
52
55
105
22
55
53
80
15
195
68
26
16
17
38
38
17
176
6
98
90
14
196
197
198
90
89
32
128
199
92
128
200
33
6
6
17
23
52
53
65
55
103
55
55
25
55
55
81
22
92
