451 5 42 15 2 39
1 5 1
1 40 1
1 2 1
1 2 1
1 21 0
1 2 0 0 0 1 0 
1 87 0 0 0 0 0 
1 3 0 0 1 0 1 
1 63 0 0 1 0 0 
1 4 0 0 0 0 1 
0 4 0 0 0 0 1 
3 38 0 0 1 0 0 
5 2 0 1 0 0 0 
5 18 0 0 0 0 0 
5 2 0 0 0 1 0 
3 1 0 0 0 0 1 
3 20 0 0 0 0 0 
3 1 1 0 1 0 0 
5 2 0 0 1 0 0 
6 27 0 0 1 0 0 
0 1 1 0 0 0 1 
0 40 0 0 0 0 0 
4 13 0 0 0 0 0 
4 4 1 0 0 0 0 
4 1 0 0 1 0 0 
6 5 0 0 0 0 0 
3 4 0 0 1 0 1 
8 31 0 0 1 0 0 
8 12 0 0 0 0 0 
0 5 0 0 1 0 0 
9 21 0 0 0 0 0 
8 1 1 0 0 0 0 
2 2 0 0 1 0 1 
9 1 1 0 0 0 0 
9 2 0 0 1 0 0 
9 2 1 0 1 0 0 
3 2 1 0 0 0 0 
0 6 1 0 0 0 0 
0 3 0 0 1 0 1 
1 4 1 0 0 0 0 
0 2 1 0 1 0 1 
7 3 1 0 0 0 0 
6 1 1 0 1 0 0 
7 6 0 0 0 0 0 
7 3 0 0 1 0 0 
1 1 1 0 1 0 0 
2 1 1 0 1 0 1 
0
1
0
1
1
1
2
1
3
1
1
3
1
1
1
1
3
1
1
1
1
1
1
1
1
3
4
2
4
2
4
1
1
1
1
1
1
4
5
6
7
6
8
9
8
8
8
6
10
6
11
6
8
6
8
6
11
12
8
8
13
8
8
8
8
9
8
14
8
8
13
8
14
15
16
14
17
17
18
19
17
14
17
14
20
14
17
6
11
21
11
6
17
17
3
1
3
1
3
1
3
1
1
22
23
22
5
14
20
14
16
16
24
16
16
14
16
14
5
14
17
14
17
14
17
18
17
17
22
25
25
22
18
22
25
25
22
23
26
22
23
22
1
3
1
3
1
3
1
3
1
3
1
3
1
3
1
27
28
27
25
29
25
30
25
6
25
25
6
31
6
25
25
6
11
6
11
6
11
6
16
6
16
24
32
16
33
16
16
14
32
14
20
14
20
14
18
17
14
16
16
22
23
22
16
22
32
33
16
24
16
22
32
24
16
3
1
3
1
3
34
3
1
3
1
3
16
16
35
16
6
16
6
11
6
25
29
25
25
22
23
22
25
22
25
22
16
6
11
6
11
6
16
16
16
35
16
22
16
22
23
22
23
22
23
22
16
14
20
14
16
14
32
14
16
24
16
33
32
14
16
14
16
14
16
16
14
16
14
16
6
16
6
16
6
11
6
11
6
11
21
8
6
7
6
11
11
6
11
6
31
6
11
6
11
6
25
30
25
6
11
21
25
22
23
22
23
22
36
1
3
1
3
1
3
1
1
3
1
1
3
1
3
1
37
38
39
38
3
1
40
1
3
1
3
1
3
1
3
1
3
1
3
25
25
3
1
3
1
3
1
3
1
3
1
3
1
3
1
3
38
36
22
23
22
23
22
36
39
38
39
38
22
38
22
1
3
1
21
8
6
11
6
1
3
1
3
1
3
34
3
1
3
1
3
1
3
1
41
1
3
1
3
1
3
1
3
34
3
1
3
1
22
1
3
1
1
3
1
3
1
3
34
3
1
3
1
3
16
5
22
