854 14 201 15 2 29
1 5 1
1 30 1
1 7 1
3 4 1
1 14 1
1 4 1
1 2 1
16 24 1
4 5 1
1 8 1
2 3 1
1 22 0
1 3 0
1 6 0
4 2 0 0 0 0 0 0 1 0 1 0 1 0 1 0 
4 4 0 0 0 1 0 0 0 1 0 0 0 0 0 0 
4 1 0 0 0 0 0 1 1 0 1 1 1 0 0 0 
4 2 0 0 0 0 0 0 0 0 1 0 1 0 1 1 
4 2 0 0 0 1 0 0 1 1 0 0 0 0 0 0 
4 1 0 0 0 0 0 0 0 0 1 0 1 0 1 0 
4 25 0 0 0 0 0 0 0 0 1 0 1 0 0 0 
4 3 0 0 1 0 0 0 0 0 1 0 1 0 0 1 
4 1 0 0 0 1 0 0 1 1 0 1 0 0 1 0 
4 3 0 0 0 1 0 0 0 1 0 0 0 0 1 0 
4 3 0 0 0 0 0 0 1 0 1 0 1 1 0 0 
4 2 0 0 0 0 0 0 0 0 1 1 1 0 0 1 
4 1 0 0 0 0 0 1 1 0 1 0 1 0 0 0 
4 1 0 0 0 1 0 0 1 1 0 0 0 0 1 0 
3 31 0 0 0 0 0 0 0 0 1 0 1 0 0 0 
2 57 0 0 0 1 0 0 0 1 0 0 0 0 1 0 
10 2 0 0 0 0 0 0 1 0 1 1 1 0 0 0 
10 34 0 0 0 0 0 0 0 0 1 0 1 0 0 0 
5 7 0 0 0 1 0 0 0 1 0 0 0 0 1 0 
5 8 0 0 0 0 0 0 0 0 1 0 1 0 0 0 
5 7 0 0 0 1 0 0 0 1 0 0 0 0 0 0 
5 2 0 0 0 0 0 0 1 0 1 0 1 0 0 0 
1 2 0 0 1 0 0 0 0 0 1 0 1 0 0 1 
1 3 0 0 0 0 0 0 0 0 1 0 1 0 1 0 
1 1 0 0 0 1 0 0 1 1 0 1 0 0 0 0 
1 50 0 0 0 0 0 0 0 0 1 0 1 0 0 0 
1 3 0 0 0 1 0 0 0 1 0 0 0 0 0 1 
1 1 0 0 1 0 0 0 0 0 1 0 1 0 1 0 
1 2 0 0 0 1 0 1 1 1 0 0 0 0 0 0 
11 20 0 0 0 1 0 0 0 1 0 0 0 0 1 0 
11 13 0 0 0 0 0 0 1 0 1 0 1 1 0 0 
11 1 0 0 0 0 0 0 0 0 1 0 1 0 1 1 
11 3 0 0 0 1 0 0 0 1 0 0 0 0 0 0 
11 1 0 0 0 1 0 1 1 1 0 1 0 0 1 0 
11 7 0 0 0 0 0 0 0 0 1 0 1 0 1 0 
11 4 0 0 0 1 0 0 0 1 0 0 0 0 1 1 
1 21 0 0 0 1 0 0 0 1 0 0 0 0 0 0 
1 7 0 0 0 0 0 1 1 0 1 0 1 0 0 0 
1 3 0 0 1 1 0 0 0 1 0 0 0 0 1 1 
1 9 0 0 0 0 0 0 1 0 1 0 1 0 0 0 
1 2 0 0 0 0 0 1 1 0 1 1 1 0 1 0 
1 5 0 0 1 0 0 0 0 0 1 0 1 0 1 1 
2 31 0 0 0 1 0 0 0 1 0 0 0 0 0 0 
2 3 0 0 0 0 0 1 1 0 1 0 1 0 0 0 
2 11 0 0 0 1 0 0 0 1 0 0 0 0 1 1 
7 1 0 0 1 0 0 0 0 0 1 0 1 0 0 0 
7 44 0 0 0 0 0 0 0 0 1 0 1 0 0 0 
7 1 0 0 0 0 0 0 1 0 1 0 1 1 0 0 
2 2 0 0 0 0 0 0 0 0 1 1 1 0 0 1 
2 10 0 0 0 1 0 1 1 1 0 0 0 0 0 0 
7 3 0 0 1 0 0 0 0 0 1 0 1 0 0 1 
2 4 0 0 0 0 0 0 1 0 1 0 1 0 1 0 
2 13 0 0 0 0 0 0 0 0 1 0 1 0 0 0 
2 1 0 0 0 1 0 0 1 1 0 0 0 0 0 0 
2 1 0 0 0 1 0 1 1 1 0 1 0 0 0 0 
2 5 0 0 0 0 0 0 0 0 1 0 1 0 0 1 
2 11 0 0 0 0 0 0 1 0 1 0 1 0 0 0 
1 3 0 0 0 1 0 0 0 1 0 0 0 0 1 1 
2 4 0 0 0 1 0 0 0 1 0 0 0 0 0 1 
2 6 0 0 0 1 0 0 0 1 0 1 0 0 1 0 
1 12 0 0 0 0 0 0 1 0 1 0 1 1 0 0 
1 10 0 0 0 0 0 0 0 0 1 0 1 0 0 1 
3 2 0 0 0 1 0 0 1 1 0 0 0 0 1 0 
3 7 0 0 0 1 0 0 0 1 0 0 0 0 0 0 
3 3 0 0 0 0 0 0 0 0 1 0 1 0 1 0 
3 1 0 0 1 1 0 0 0 1 0 0 0 0 0 0 
3 1 0 0 0 0 0 0 0 0 1 1 1 0 0 1 
0 1 0 0 0 1 1 0 1 1 0 0 0 0 0 0 
3 1 0 0 1 0 0 0 0 0 1 0 1 0 0 1 
3 2 0 0 0 1 0 0 1 1 0 0 0 0 0 0 
3 2 0 0 0 0 0 1 1 0 1 1 1 0 0 0 
3 4 0 0 0 1 0 0 0 1 0 0 0 0 1 0 
11 2 0 0 1 0 0 0 0 0 1 0 1 0 0 1 
11 6 0 0 0 0 0 0 0 0 1 0 1 0 0 1 
11 2 0 0 1 1 0 0 0 1 0 0 0 0 0 1 
8 32 0 0 0 0 0 0 0 0 1 0 1 0 0 0 
2 1 0 0 1 1 0 0 0 1 0 1 0 0 0 1 
1 2 0 0 0 0 0 1 1 0 1 0 1 0 1 0 
11 1 0 0 0 1 0 0 1 1 0 0 0 0 1 0 
11 1 0 0 0 0 0 0 0 0 1 1 1 0 0 1 
11 1 0 0 0 0 0 0 0 0 1 0 1 0 0 0 
11 1 0 0 0 0 0 1 1 0 1 0 1 0 1 0 
4 5 0 0 0 1 1 0 1 1 0 0 0 0 0 0 
2 2 0 0 1 0 0 0 0 0 1 1 1 0 0 1 
2 8 0 0 0 1 0 0 1 1 0 0 0 0 1 0 
4 1 0 1 0 0 0 0 0 0 1 0 1 0 0 0 
5 1 0 0 0 1 0 0 0 1 0 1 0 0 1 0 
1 2 0 0 0 1 0 0 1 1 0 0 0 0 1 0 
1 2 0 0 0 1 0 0 0 1 0 1 0 0 1 0 
2 2 0 0 0 0 0 0 0 0 1 1 1 0 1 1 
3 1 0 0 0 1 0 1 1 1 0 1 0 0 0 0 
10 9 0 0 0 0 0 0 1 0 1 0 1 0 0 0 
2 3 0 0 1 1 0 0 0 1 0 0 0 0 1 1 
13 14 0 0 0 0 0 0 0 0 1 0 1 0 0 0 
13 1 0 0 0 1 0 0 0 1 0 0 0 0 1 1 
13 2 0 0 0 0 0 0 1 0 1 0 1 1 0 0 
13 1 0 0 0 1 0 0 1 1 0 1 0 0 0 0 
13 3 0 0 0 0 0 0 0 0 1 0 1 0 1 0 
13 1 0 0 1 0 0 0 0 0 1 0 1 0 0 1 
13 6 0 0 0 1 0 0 0 1 0 0 0 0 1 0 
2 2 0 0 0 0 0 0 0 0 1 0 1 0 1 1 
2 1 0 0 0 0 0 0 0 0 1 1 1 0 1 0 
2 4 0 0 1 0 0 0 0 0 1 0 1 0 1 1 
7 1 0 0 0 0 0 1 1 0 1 1 1 0 0 0 
7 1 0 0 0 0 0 0 0 0 1 0 1 0 0 1 
7 4 0 0 0 1 0 0 0 1 0 0 0 0 0 0 
7 2 0 0 0 0 0 0 0 0 1 0 1 0 1 1 
6 4 0 0 0 1 0 0 0 1 0 0 0 0 1 0 
6 7 0 0 0 1 0 0 0 1 0 0 0 0 0 0 
6 1 0 0 0 0 0 0 0 0 1 0 1 0 1 1 
6 1 0 0 0 0 0 0 1 0 1 0 1 1 0 0 
6 4 0 0 0 0 0 0 0 0 1 0 1 0 0 0 
6 1 1 0 0 1 1 0 1 1 0 0 0 0 0 0 
6 1 0 0 0 0 0 0 1 0 1 0 1 0 0 0 
6 1 0 0 0 1 0 0 0 1 0 0 0 0 1 1 
10 3 0 0 0 1 0 0 0 1 0 0 0 0 1 0 
2 2 0 0 0 0 0 1 1 0 1 1 1 0 0 0 
8 1 0 0 0 0 0 0 0 0 1 0 1 0 0 1 
8 4 0 0 0 0 0 0 0 0 1 0 1 0 1 0 
8 11 0 0 0 1 0 0 0 1 0 0 0 0 0 0 
8 2 0 0 0 0 0 1 1 0 1 1 1 0 0 0 
13 2 0 0 0 0 0 0 1 0 1 0 1 0 0 0 
13 1 0 0 0 1 0 0 0 1 0 0 0 0 0 0 
10 1 0 0 0 1 0 0 0 1 0 1 0 0 1 1 
1 1 0 0 0 0 0 1 1 0 1 1 1 0 0 0 
13 1 0 0 0 0 0 0 0 0 1 0 1 0 0 1 
13 1 0 0 1 1 0 0 0 1 0 0 0 0 1 1 
7 4 0 0 0 1 0 0 0 1 0 0 0 0 1 0 
7 2 0 0 0 1 0 0 0 1 0 0 0 0 0 1 
7 1 0 0 0 0 0 0 0 0 1 0 1 0 1 0 
7 1 0 0 0 0 0 1 1 0 1 0 1 0 1 0 
2 1 0 0 0 0 0 0 1 0 1 0 1 1 0 0 
2 1 0 0 1 0 0 0 0 0 1 0 1 0 0 1 
2 1 0 0 0 1 0 1 1 1 0 1 0 0 1 0 
2 1 0 0 1 1 0 0 0 1 0 0 0 0 0 1 
2 6 0 0 0 0 0 0 0 0 1 0 1 0 1 0 
1 1 0 0 0 1 0 1 1 1 0 1 0 0 0 0 
1 2 0 0 0 1 1 0 1 1 0 0 0 0 0 0 
2 1 0 0 0 1 0 0 0 1 0 1 0 0 1 1 
10 1 0 0 1 0 0 0 0 0 1 0 1 0 0 1 
10 2 0 0 0 0 0 1 1 0 1 0 1 0 0 0 
4 2 0 0 1 1 0 0 0 1 0 0 0 0 0 1 
13 1 0 0 0 1 0 0 0 1 0 0 0 0 0 1 
13 1 0 0 1 1 0 0 0 1 0 0 0 0 1 0 
7 5 0 0 0 0 0 0 0 0 1 1 1 0 0 0 
7 2 0 0 0 1 0 0 1 1 0 0 0 0 1 0 
8 1 0 0 0 1 0 0 1 1 0 1 0 0 1 0 
8 2 0 0 1 0 0 0 0 0 1 0 1 0 0 1 
8 3 0 0 0 1 0 0 0 1 0 0 0 0 1 0 
8 1 0 0 0 0 0 0 1 0 1 0 1 0 0 0 
7 2 0 0 0 0 0 0 1 0 1 0 1 0 0 0 
7 2 0 0 1 0 0 0 0 0 1 0 1 0 1 1 
7 1 0 0 0 1 0 0 1 1 0 0 0 0 0 0 
7 1 0 0 0 0 0 0 1 0 1 0 1 0 1 0 
1 2 0 0 0 1 0 0 0 1 0 0 0 0 1 0 
2 1 0 0 0 1 0 1 1 1 0 0 0 0 1 0 
4 2 0 0 0 0 0 0 0 0 1 0 1 0 0 1 
1 1 0 0 1 0 0 0 0 0 1 0 1 0 0 0 
1 1 0 0 1 0 0 0 0 0 1 1 1 0 0 1 
10 2 0 0 0 0 0 0 0 0 1 0 1 0 0 1 
3 1 0 0 0 0 0 0 0 0 1 0 1 0 0 1 
1 1 0 0 0 1 0 0 0 1 0 1 0 0 0 1 
8 1 0 0 0 1 0 0 0 1 0 0 0 0 1 1 
8 1 0 0 1 1 0 0 0 1 0 0 0 0 1 1 
9 1 0 0 0 1 0 0 0 1 0 0 0 0 0 0 
9 1 0 0 0 0 0 0 1 0 1 0 1 0 0 0 
9 1 0 0 0 0 0 0 0 0 1 0 1 0 0 1 
9 1 0 0 0 1 0 1 1 1 0 0 0 0 0 0 
12 10 0 0 0 0 0 0 0 0 1 0 1 0 0 0 
12 7 0 0 0 1 0 0 0 1 0 0 0 0 0 0 
12 2 0 0 0 0 0 1 1 0 1 0 1 0 0 0 
12 3 0 0 0 0 0 0 0 0 1 0 1 0 0 1 
12 2 0 0 0 1 0 0 1 1 0 0 0 0 0 0 
7 1 0 0 0 1 0 0 0 1 0 0 0 0 1 1 
12 1 0 0 0 1 0 0 0 1 0 0 0 0 0 1 
12 1 0 0 0 0 0 1 1 0 1 0 1 0 1 0 
12 1 0 0 1 0 0 0 0 0 1 0 1 0 0 1 
5 1 0 0 0 1 0 0 1 1 0 0 0 0 1 0 
1 1 0 0 0 0 0 0 1 0 1 1 1 0 1 0 
8 1 0 0 0 0 0 1 1 0 1 0 1 0 1 0 
3 1 0 0 0 0 0 1 1 0 1 0 1 0 0 0 
3 1 0 0 0 1 0 0 0 1 0 0 0 0 1 1 
3 1 0 0 0 0 0 0 1 0 1 0 1 0 0 0 
3 1 0 0 0 1 0 0 1 1 0 1 0 0 0 0 
3 1 0 0 0 1 0 1 1 1 0 0 0 0 0 0 
6 1 0 0 0 0 0 0 0 0 1 0 1 0 1 0 
7 1 0 0 0 0 0 1 1 0 1 0 1 0 0 0 
6 1 0 0 0 1 0 0 1 1 0 0 0 0 0 0 
6 1 0 0 1 0 0 0 0 0 1 0 1 0 1 0 
6 2 0 0 0 0 0 0 0 0 1 0 1 0 0 1 
5 1 0 0 0 0 0 0 0 0 1 0 1 0 1 0 
5 1 0 0 1 0 0 0 0 0 1 0 1 0 0 1 
2 1 0 0 0 0 0 0 0 0 1 1 1 0 0 0 
2 1 0 0 0 1 0 0 0 1 0 1 0 0 0 1 
11 1 0 0 1 1 0 0 0 1 0 0 0 0 1 1 
8 1 0 0 0 0 0 0 1 0 1 0 1 0 1 0 
6 1 0 0 0 1 0 0 0 1 0 1 0 0 1 0 
11 1 0 0 0 0 0 0 1 0 1 0 1 0 0 0 
11 1 0 0 0 1 0 0 0 1 0 0 0 0 0 1 
2 1 0 0 0 1 1 0 1 1 0 1 0 0 0 0 
1 1 0 0 0 0 0 0 1 0 1 0 1 0 1 0 
0
1
2
3
4
5
6
1
6
7
8
6
1
6
6
9
10
9
11
1
12
6
13
6
9
6
11
4
14
15
16
17
18
19
20
21
20
22
23
24
25
25
26
25
27
28
25
29
30
31
32
33
34
30
35
25
36
37
25
38
39
25
36
40
25
36
41
25
42
15
43
42
44
45
46
15
46
47
15
48
49
15
46
46
15
50
46
42
51
52
53
44
54
52
15
42
42
55
15
42
56
15
16
17
15
25
39
57
25
25
15
52
58
59
25
25
36
60
61
62
14
14
63
14
64
65
14
66
63
14
14
62
14
14
67
68
69
14
14
69
14
70
71
14
72
29
30
32
29
73
29
34
30
74
75
75
15
56
42
15
76
56
15
25
37
36
25
41
36
25
77
36
61
25
29
30
29
78
79
80
29
81
73
29
29
30
6
82
3
6
15
83
52
84
6
85
18
19
19
86
19
20
19
61
87
25
25
57
25
37
88
60
25
38
39
42
51
42
56
89
42
52
15
14
14
71
14
14
90
14
14
71
14
14
63
91
17
92
42
15
56
42
15
93
94
95
93
96
97
98
99
93
93
15
42
100
52
42
101
42
43
102
42
56
15
42
56
17
44
91
17
15
103
104
84
46
46
105
46
106
105
46
107
108
108
109
110
108
111
112
108
113
114
17
91
115
17
42
102
42
116
15
91
17
15
49
117
118
119
75
120
92
121
122
97
93
99
93
17
123
17
17
15
91
17
44
25
39
36
124
61
87
25
60
99
93
125
99
93
121
99
93
93
126
46
46
127
46
128
129
46
105
130
46
44
42
43
15
131
15
132
133
15
52
52
15
55
49
15
17
17
15
134
135
52
15
25
25
136
22
23
137
61
60
15
135
49
138
56
15
17
17
115
139
140
115
17
17
82
6
0
141
6
59
49
93
97
142
93
95
143
93
93
99
17
91
44
46
46
84
144
106
49
15
52
15
46
50
145
46
46
29
30
73
29
73
30
29
75
75
146
75
147
148
75
119
75
149
44
17
17
59
46
46
127
150
151
152
46
46
59
52
58
51
42
46
153
58
25
40
36
60
25
26
39
154
39
25
137
41
39
36
84
25
37
15
48
42
135
155
17
17
44
60
25
38
25
25
15
6
6
82
156
6
15
157
37
88
61
25
36
25
25
26
77
25
36
60
158
18
19
21
18
17
159
18
14
14
63
64
160
63
14
63
70
14
44
91
17
15
55
15
25
36
25
57
25
25
36
23
37
161
25
60
15
42
49
102
56
42
135
42
116
100
84
46
46
15
50
105
144
127
46
46
44
75
75
148
75
75
162
75
75
119
75
75
163
75
75
164
165
166
167
6
29
30
74
29
168
168
169
170
171
169
168
168
169
168
171
172
46
173
46
46
15
135
42
49
89
42
42
84
17
17
15
168
172
171
169
168
169
170
168
174
168
169
168
175
169
176
91
18
25
61
177
19
20
178
25
36
60
41
20
75
179
119
75
118
119
75
92
15
17
17
84
14
180
63
181
182
14
183
64
14
184
185
108
46
151
108
144
46
145
46
128
186
46
15
6
156
15
46
144
15
10
141
6
6
82
6
6
187
188
189
108
140
17
107
17
159
84
17
17
15
83
42
51
52
42
135
58
56
15
49
52
59
55
46
127
46
46
15
7
6
82
6
10
20
190
191
20
19
18
91
17
44
15
39
25
154
61
60
15
15
192
56
15
55
14
71
14
14
15
46
46
193
15
46
46
29
46
73
29
30
32
34
30
194
75
75
35
75
75
148
120
75
119
147
195
119
119
75
75
107
189
111
196
111
60
36
41
37
36
25
39
36
25
35
150
144
107
111
75
35
197
29
34
198
34
30
29
34
72
29
73
29
30
34
42
199
102
119
75
118
119
75
75
119
118
61
36
25
25
28
36
61
200
36
60
25
49
59
7
6
