904 9 136 15 2 29
1 8 1
1 2 1
1 7 1
1 15 1
2 3 1
1 30 1
4 5 1
1 6 0
1 3 0
0 2 0 1 0 0 1 0 0 0 0 
0 117 0 0 0 0 0 0 1 0 1 
0 26 0 0 0 0 0 0 1 0 0 
0 13 0 0 0 0 1 0 0 0 1 
0 2 1 0 1 0 0 0 1 0 0 
1 7 0 1 0 0 1 0 0 1 0 
1 4 0 0 0 0 0 0 1 0 1 
1 1 0 0 0 0 1 0 0 0 1 
1 4 0 0 0 0 0 0 1 0 0 
2 22 0 0 0 0 0 0 1 0 1 
2 4 0 0 0 0 0 0 1 0 0 
3 7 0 0 0 0 1 0 0 0 0 
4 26 0 1 0 0 1 0 0 0 1 
4 22 0 0 0 0 0 0 1 0 0 
4 8 0 0 0 0 1 0 0 0 1 
4 1 1 0 1 0 0 0 1 0 0 
4 28 0 1 0 0 1 0 0 1 0 
4 36 0 0 0 0 0 0 1 0 1 
4 25 0 0 0 0 1 0 0 0 0 
4 1 0 0 1 0 1 0 0 0 1 
5 1 1 0 1 0 1 0 0 0 0 
6 113 0 0 0 0 1 0 0 0 1 
7 4 0 1 0 0 0 0 1 0 1 
7 69 0 0 0 0 0 0 1 0 1 
6 3 0 1 0 0 0 0 1 0 1 
6 29 0 0 0 0 0 0 1 0 1 
8 11 0 1 0 0 0 0 1 0 0 
9 8 0 0 0 0 0 0 1 0 1 
8 12 0 1 0 1 0 0 1 0 0 
10 6 0 0 0 0 0 0 1 0 0 
10 1 0 1 0 0 0 0 1 0 1 
1 1 0 1 0 0 1 0 0 0 1 
1 1 1 0 0 0 0 0 1 0 1 
9 6 0 1 0 0 1 0 0 0 0 
9 2 0 0 1 0 0 0 1 0 1 
9 6 0 0 0 0 1 0 0 0 0 
11 6 0 1 0 0 1 0 0 1 0 
11 14 0 0 0 0 0 0 1 0 1 
11 2 0 1 0 0 1 0 0 0 0 
11 1 0 1 0 0 1 0 0 0 1 
11 7 0 0 0 0 0 0 1 0 0 
8 8 0 0 1 0 1 0 0 0 0 
8 7 0 0 0 0 0 0 1 0 0 
8 15 0 0 0 0 1 1 0 0 0 
4 2 1 0 1 0 1 0 0 0 0 
4 10 0 1 0 0 1 0 0 0 0 
4 3 1 1 0 0 0 0 1 0 0 
4 3 0 0 1 0 0 0 1 0 1 
11 1 1 1 0 0 0 0 1 0 1 
12 6 0 0 1 0 1 0 0 0 0 
12 7 0 0 0 0 0 0 1 0 0 
11 1 0 1 0 0 0 0 1 0 1 
12 2 0 0 0 0 1 0 0 0 1 
12 1 1 1 0 0 0 0 1 0 1 
12 6 0 0 0 0 0 0 1 0 1 
12 1 0 1 0 0 1 0 0 0 0 
8 8 0 1 0 0 1 0 0 1 0 
13 3 0 0 0 0 0 0 1 0 1 
13 5 1 0 0 0 0 0 1 0 0 
2 3 0 0 0 0 1 0 0 0 1 
2 2 0 0 1 0 1 0 0 0 0 
11 1 0 0 1 0 0 0 1 0 0 
1 1 0 0 1 0 0 0 1 0 0 
1 1 1 1 0 0 0 0 1 0 1 
8 5 0 0 0 0 1 0 0 0 0 
8 1 0 0 0 0 0 0 1 0 1 
0 3 1 0 0 0 0 0 1 0 0 
0 1 0 0 1 0 1 0 0 0 1 
4 6 1 0 0 0 0 0 1 0 0 
4 3 0 1 0 0 0 0 1 0 1 
0 3 1 1 0 0 0 0 1 0 0 
6 1 0 0 0 0 1 0 0 0 0 
4 2 1 0 0 0 0 0 1 0 1 
4 5 0 0 1 0 1 0 0 0 0 
11 4 0 1 0 0 0 0 1 0 0 
4 3 1 0 0 0 1 0 0 0 0 
0 10 0 1 0 0 0 0 1 0 1 
10 4 0 0 0 0 1 0 0 0 0 
10 3 0 1 0 0 1 0 0 1 0 
3 3 0 0 1 0 1 0 0 0 0 
4 4 0 1 0 0 0 0 1 0 0 
9 1 1 0 1 0 1 0 0 0 0 
1 1 0 1 0 0 1 0 0 0 0 
1 3 0 0 0 0 1 0 0 0 0 
13 2 0 0 0 0 1 0 0 0 0 
0 1 1 1 0 0 0 0 1 0 1 
0 3 0 0 0 0 1 0 0 0 0 
0 4 0 1 0 0 1 0 0 1 0 
0 3 1 0 0 0 0 0 1 0 1 
6 1 1 1 0 0 0 0 1 0 1 
1 1 1 0 0 0 1 0 0 0 0 
1 1 0 1 0 0 0 0 1 0 0 
12 1 0 0 1 0 0 0 1 0 1 
12 2 0 1 0 0 1 0 0 1 0 
12 1 1 0 0 0 0 0 1 0 1 
3 2 0 0 0 0 1 0 0 0 1 
9 3 1 0 0 0 0 0 1 0 0 
11 2 0 0 1 0 0 0 1 0 1 
11 4 0 0 0 0 1 0 0 0 1 
11 1 1 0 0 0 0 0 1 0 1 
11 1 0 1 0 1 0 0 1 0 0 
7 2 0 0 0 0 1 0 0 0 1 
9 3 0 0 1 0 1 0 0 0 0 
9 1 0 0 0 0 0 0 1 0 0 
9 3 0 1 0 0 1 0 0 1 0 
9 1 0 0 1 0 1 0 0 0 1 
1 1 1 0 1 0 1 0 0 0 0 
12 1 1 0 0 0 1 0 0 0 1 
7 1 0 1 0 0 1 0 0 0 1 
10 4 0 0 0 0 0 0 1 0 1 
0 2 1 0 1 0 1 0 0 0 0 
2 1 0 1 0 0 0 0 1 0 0 
1 1 0 0 0 0 1 1 0 0 1 
1 2 0 1 0 0 0 0 1 0 1 
3 1 0 1 0 0 1 0 0 1 0 
0 2 1 0 0 0 1 0 0 0 0 
3 1 1 0 0 0 1 0 0 0 1 
4 1 1 1 0 0 0 0 1 0 1 
3 1 0 0 1 0 0 0 1 0 0 
2 4 0 0 0 0 1 0 0 0 0 
2 1 0 0 1 0 0 0 1 0 1 
6 1 1 0 0 0 0 0 1 0 1 
1 1 1 1 0 0 1 0 0 0 0 
10 1 0 0 1 0 0 0 1 0 1 
2 1 0 1 0 0 1 0 0 0 0 
2 1 0 0 1 0 1 0 0 0 1 
2 1 0 1 0 0 0 0 1 0 1 
2 1 0 1 0 1 0 0 1 0 0 
1 1 0 0 1 0 1 0 0 0 0 
4 1 0 0 1 0 0 0 1 0 0 
9 1 1 0 1 0 0 0 1 0 0 
7 1 0 0 0 0 0 0 1 0 0 
9 1 0 0 0 0 1 0 0 0 1 
9 1 0 0 1 0 0 0 1 0 0 
0 1 0 1 0 0 1 0 0 0 1 
12 1 0 0 1 0 0 0 1 0 0 
0
1
1
2
3
1
4
1
5
6
7
8
9
10
9
11
12
13
14
15
16
17
18
12
13
12
19
13
16
12
18
17
17
16
1
1
20
21
22
23
23
23
21
21
2
1
1
2
21
21
24
21
21
25
21
21
26
21
21
27
28
21
21
29
30
29
31
32
5
8
21
21
23
23
33
34
33
27
35
23
23
23
23
36
37
38
37
39
40
37
41
42
43
12
17
16
17
12
13
12
13
44
45
23
23
23
23
16
18
46
47
45
21
24
21
21
40
48
49
50
51
1
52
50
50
49
53
54
55
17
16
17
18
18
1
1
26
41
28
43
56
23
57
58
59
9
60
9
21
21
25
21
21
25
21
21
61
36
37
37
58
21
21
23
22
23
5
62
63
64
26
64
43
42
42
64
28
41
65
56
42
21
21
25
21
66
1
1
2
67
1
45
17
12
68
16
47
12
13
12
18
17
69
18
68
21
21
25
21
56
42
43
26
21
21
25
21
21
70
1
1
3
2
21
21
25
71
21
54
49
37
37
40
9
16
13
12
17
68
17
18
1
1
1
45
17
16
72
14
13
17
45
73
9
9
58
57
56
42
28
43
26
21
21
40
74
37
49
16
13
12
75
1
1
2
3
1
76
77
78
1
76
2
3
1
1
79
11
23
23
23
56
43
26
41
75
80
14
17
80
13
16
13
69
18
81
1
76
1
1
82
6
83
6
5
57
58
84
23
23
23
21
21
2
1
85
86
1
1
1
33
1
1
87
88
3
76
2
1
1
43
28
21
21
2
88
1
2
21
25
21
21
24
21
49
1
1
1
16
14
46
17
12
13
73
12
17
16
18
80
21
21
89
21
21
25
21
21
25
21
16
23
23
23
90
83
91
21
21
25
21
21
50
92
54
93
52
94
50
54
50
59
9
79
95
1
0
3
1
66
1
1
56
42
28
41
43
27
35
27
96
27
97
98
38
40
37
98
36
99
100
23
23
101
23
23
23
35
102
96
33
27
35
33
103
104
105
96
33
21
25
21
21
25
21
21
25
106
5
8
21
21
25
21
21
25
21
21
50
107
49
23
108
23
23
23
23
78
109
29
77
29
28
43
21
25
21
21
25
21
2
1
1
1
110
1
37
36
37
37
74
21
21
25
21
21
10
9
9
111
21
21
25
21
21
29
109
6
5
112
113
83
1
1
1
1
45
13
12
18
27
34
35
104
1
1
2
3
1
1
2
3
3
70
1
1
87
1
1
11
95
26
64
26
43
28
21
25
79
114
1
1
1
1
115
1
1
76
2
21
21
40
37
36
98
40
84
1
1
1
11
116
23
23
23
23
78
109
77
23
23
23
58
102
23
23
11
54
54
93
23
22
23
43
28
73
117
13
12
17
16
17
11
118
11
1
76
1
1
86
1
88
2
21
21
25
16
13
17
18
69
47
16
119
9
59
119
9
9
119
9
120
2
1
3
1
16
18
17
75
18
13
12
17
28
43
26
23
23
23
36
98
37
74
97
74
21
21
121
21
21
25
21
21
25
21
21
29
21
21
25
21
122
23
23
23
16
17
18
13
12
72
45
18
109
123
77
1
1
76
1
16
17
73
18
68
12
13
14
80
17
14
16
1
1
1
110
1
1
76
2
3
1
2
1
1
16
17
68
12
10
9
9
124
125
9
10
23
23
16
21
25
21
21
70
9
9
60
126
9
119
9
127
21
21
25
21
25
21
1
2
1
87
1
1
4
3
76
1
2
1
3
2
1
8
5
128
113
9
18
12
17
46
43
28
41
14
17
16
18
13
68
12
17
18
12
129
12
13
21
21
23
23
104
130
23
23
131
101
23
22
23
23
56
41
26
43
26
27
35
132
133
1
1
1
18
16
17
17
45
1
1
1
2
134
1
2
1
1
16
17
12
13
18
17
12
73
17
17
13
14
18
1
1
1
87
1
1
1
66
21
21
25
21
102
23
23
23
23
18
45
17
44
45
17
16
1
1
2
76
86
1
2
1
1
115
1
1
1
1
16
18
135
21
21
23
23
23
23
64
41
28
43
56
