974 11 168 15 2 99
2 3 1
4 9 1
1 5 1
1 100 1
1 8 1
1 30 1
1 2 1
1 4 1
1 10 1
1 5 0
1 9 0
4 34 1 0 0 0 0 0 0 0 0 0 0 
4 34 1 0 0 0 0 0 1 0 0 0 0 
4 22 0 1 0 0 0 0 0 0 0 0 0 
4 1 1 0 0 0 0 0 0 1 0 1 1 
4 6 0 1 1 0 0 0 1 0 1 0 0 
4 4 0 1 0 0 0 0 0 0 0 1 1 
4 2 0 1 0 0 1 0 1 1 0 0 0 
4 2 1 0 0 0 0 0 0 0 0 1 1 
4 2 0 1 0 0 0 0 1 0 1 0 0 
4 8 0 1 0 0 0 0 0 0 0 0 1 
4 8 0 1 0 0 0 0 1 0 0 0 0 
4 4 1 0 0 0 0 0 0 0 0 1 0 
4 1 1 0 0 0 0 0 1 0 0 0 1 
4 2 1 0 0 0 0 0 0 1 0 1 0 
4 1 1 0 0 0 0 0 1 1 0 0 0 
4 1 0 1 0 0 0 0 1 1 0 0 0 
4 1 0 1 0 0 1 0 0 0 0 1 1 
4 1 0 1 0 0 0 0 1 0 0 0 1 
4 1 0 1 0 0 0 0 0 1 0 1 1 
3 51 0 1 0 0 0 0 1 0 1 0 0 
0 16 0 1 0 0 0 0 0 0 0 0 0 
7 43 1 0 0 0 0 0 1 0 0 0 0 
7 3 0 1 0 0 0 0 0 0 0 1 1 
10 24 1 0 0 0 0 0 0 0 0 0 0 
10 2 0 1 0 0 1 0 1 0 0 0 0 
1 9 0 1 0 0 0 0 1 0 0 0 1 
1 58 1 0 0 0 0 0 1 0 0 0 0 
1 16 0 1 0 0 0 0 0 0 0 1 0 
1 2 1 0 0 0 1 0 1 1 0 0 0 
1 19 0 1 0 0 0 0 0 0 0 0 0 
1 5 0 1 0 0 0 0 0 0 0 0 1 
6 41 1 0 0 0 0 0 1 0 0 0 0 
6 20 1 0 0 0 0 0 0 0 0 0 0 
6 5 0 1 0 0 0 0 0 0 0 1 0 
3 10 0 1 1 0 0 0 1 0 1 0 0 
11 13 0 1 0 0 0 0 0 0 0 0 1 
11 1 1 0 0 0 1 0 1 0 0 0 0 
11 17 1 0 0 0 0 0 1 0 0 0 0 
11 2 0 1 0 0 0 0 0 0 0 1 0 
6 9 0 1 0 0 0 0 1 0 0 0 0 
6 1 0 1 0 0 1 0 0 0 0 1 0 
6 2 1 0 0 0 0 0 1 1 0 0 0 
6 1 1 0 0 0 0 0 1 0 0 0 1 
6 7 0 1 0 0 0 0 0 0 0 0 0 
10 12 1 0 0 0 0 0 0 0 0 1 0 
1 20 0 1 0 0 0 0 1 0 0 0 0 
1 1 1 0 0 0 0 0 0 0 0 0 1 
0 28 1 0 0 0 0 0 1 0 0 0 0 
0 3 1 0 0 0 0 0 0 1 0 1 0 
0 3 0 1 0 0 0 0 1 0 0 0 0 
0 4 1 0 0 0 0 0 0 0 0 0 0 
0 1 0 1 0 0 0 0 0 0 0 0 1 
0 1 1 0 0 0 1 0 1 1 0 0 0 
0 5 1 0 0 0 0 0 0 0 0 1 0 
7 5 1 0 0 0 0 0 0 0 0 1 0 
7 6 0 1 0 0 0 0 1 0 0 0 0 
7 18 1 0 0 0 0 0 0 0 0 0 0 
12 4 1 0 0 0 0 0 1 0 0 0 0 
11 3 1 0 0 0 0 0 0 0 0 1 0 
11 5 0 1 0 0 0 0 0 0 0 0 0 
11 1 1 0 0 0 0 0 0 0 0 0 1 
2 4 1 0 0 0 0 0 0 1 0 1 0 
2 28 1 0 0 0 0 0 1 0 0 0 0 
2 3 0 1 0 0 0 0 0 0 0 0 0 
2 1 0 1 0 0 0 0 1 0 0 0 1 
2 8 1 0 0 0 0 0 0 0 0 1 0 
2 2 0 1 0 0 0 0 1 1 0 0 0 
2 9 1 0 0 0 0 0 0 0 0 0 0 
2 3 0 1 0 0 0 0 0 0 0 1 0 
0 2 0 1 0 0 0 0 0 1 0 1 1 
3 29 1 0 0 0 0 0 0 0 0 0 0 
3 9 1 0 0 0 0 0 0 0 0 1 0 
1 10 1 0 0 0 0 0 0 0 0 0 0 
1 8 1 0 0 0 0 0 0 0 0 1 0 
6 1 1 0 0 0 1 0 1 1 0 0 0 
11 1 1 0 0 0 0 0 1 0 0 0 1 
6 1 1 0 0 0 1 0 0 1 0 1 0 
11 2 1 0 0 0 0 0 0 1 0 1 0 
9 5 0 1 0 0 0 0 1 0 0 0 0 
9 5 1 0 0 0 0 0 0 0 0 0 0 
1 2 0 1 0 0 0 0 0 0 0 1 1 
1 1 0 1 1 0 0 0 1 0 1 0 0 
1 3 1 0 0 0 0 0 0 1 0 1 0 
3 23 1 0 0 0 0 0 1 0 0 0 0 
10 22 1 0 0 0 0 0 1 0 0 0 0 
3 12 0 1 0 0 0 0 0 0 0 0 0 
3 1 1 0 0 0 0 0 0 1 0 1 1 
6 1 1 0 0 0 0 0 0 1 0 1 0 
6 1 0 1 0 0 0 0 1 1 0 0 0 
6 3 0 1 0 0 0 0 0 0 0 1 1 
5 1 0 1 0 0 0 0 0 1 0 1 0 
5 7 1 0 0 0 0 0 0 0 0 0 0 
5 1 0 1 0 0 0 0 1 0 0 0 0 
5 5 0 1 0 0 0 0 0 0 0 0 0 
5 3 0 1 0 0 0 0 0 0 0 1 0 
7 1 1 0 0 0 0 0 1 0 0 0 1 
9 1 1 0 0 0 0 0 0 0 0 1 0 
9 6 1 0 0 0 0 0 1 0 0 0 0 
9 3 0 1 0 0 0 0 0 0 0 1 0 
3 2 0 1 0 0 0 0 1 1 0 0 0 
3 1 1 0 0 0 0 0 1 0 0 0 1 
3 10 0 1 0 0 0 0 1 0 0 0 0 
0 1 0 1 1 0 0 0 1 0 1 0 0 
7 3 1 0 0 0 1 0 1 0 0 0 0 
2 1 0 1 0 0 1 0 0 1 0 1 1 
10 2 0 1 0 0 0 0 1 0 0 0 0 
10 5 0 1 0 0 0 0 0 0 0 0 0 
6 4 1 0 0 0 0 0 0 0 0 1 0 
6 1 0 1 0 0 0 0 0 0 0 0 1 
10 2 0 1 0 0 0 0 0 0 0 1 0 
11 1 0 1 0 0 0 0 0 1 0 1 1 
7 1 0 1 0 0 0 0 0 0 0 1 0 
7 1 1 0 0 0 1 0 0 0 0 0 0 
4 1 0 1 0 0 0 0 0 0 0 1 0 
1 8 0 1 0 0 0 0 1 1 0 0 0 
1 1 1 0 0 0 1 0 0 0 0 1 0 
1 2 0 1 0 0 0 0 1 0 1 0 0 
1 1 1 0 0 0 0 0 1 1 0 0 1 
1 1 0 1 0 0 1 0 1 0 0 0 0 
0 2 0 1 0 0 0 0 0 0 0 1 0 
6 1 1 0 0 0 0 0 0 1 0 1 1 
1 2 0 1 0 0 1 0 0 0 0 1 0 
1 2 1 0 0 0 0 0 1 0 0 0 1 
5 2 1 0 0 0 0 0 1 0 0 0 0 
8 3 0 1 0 0 0 0 0 0 0 0 1 
8 1 0 1 0 0 0 0 1 0 0 0 1 
2 3 1 0 0 0 1 0 1 0 0 0 0 
3 1 0 1 0 0 0 0 0 1 0 1 0 
7 1 0 1 0 0 1 0 0 1 0 1 0 
10 1 1 0 0 0 0 0 0 0 0 0 1 
9 2 0 1 0 0 0 0 0 0 0 0 0 
9 1 1 0 0 0 0 0 0 0 0 0 1 
3 2 1 0 0 0 0 0 0 1 0 1 0 
9 1 0 1 0 0 0 0 0 0 0 1 1 
2 2 0 1 0 0 0 0 0 0 0 0 1 
11 2 0 1 0 0 0 0 0 1 0 1 0 
7 1 0 1 0 0 0 0 1 1 0 0 0 
5 1 0 1 0 0 0 0 0 0 0 0 1 
1 1 1 0 0 0 0 0 0 0 0 1 1 
3 1 0 1 0 0 0 0 0 0 1 0 0 
5 1 0 1 0 0 0 0 1 1 0 0 0 
5 1 0 1 0 0 0 0 1 0 0 0 1 
5 1 0 1 0 0 0 0 1 0 1 0 0 
7 1 0 1 0 0 0 0 0 1 0 1 0 
10 2 0 1 0 0 0 0 0 1 0 1 0 
6 1 0 1 0 0 1 0 0 1 0 1 0 
7 1 1 0 0 0 0 0 0 1 0 1 0 
1 1 1 0 0 0 1 0 1 1 0 0 1 
1 1 0 1 0 0 0 0 0 1 0 1 1 
7 1 0 1 0 0 0 0 0 0 0 0 0 
7 1 0 1 0 0 0 0 1 0 0 0 1 
1 3 0 1 0 0 0 0 1 1 0 0 1 
1 1 1 0 0 0 1 0 0 1 0 1 1 
1 1 0 1 0 0 1 0 0 0 0 1 1 
8 1 0 1 0 0 0 0 0 0 0 1 1 
6 1 1 0 0 0 1 0 0 0 0 1 0 
10 1 1 0 0 0 0 0 0 0 0 1 1 
2 1 0 1 0 0 0 0 1 1 0 0 1 
2 2 0 1 0 0 0 0 1 0 0 0 0 
2 1 1 0 0 0 1 0 1 1 0 0 0 
3 1 0 1 0 0 0 0 0 0 0 1 0 
11 1 0 1 0 0 0 0 0 0 0 1 1 
1 1 0 1 0 0 1 0 1 0 0 0 1 
10 1 0 1 0 0 0 0 1 1 0 0 0 
1 1 0 1 0 0 1 0 0 0 0 0 1 
0 1 0 1 0 0 0 0 1 0 1 0 0 
11 1 1 0 0 0 0 0 0 0 0 0 0 
11 1 0 1 0 0 0 0 1 0 0 0 0 
0
1
2
3
1
2
0
1
0
4
5
1
0
6
7
1
5
1
2
1
2
1
2
1
0
8
0
1
9
1
2
1
2
1
0
4
0
10
0
11
6
9
1
0
4
0
10
0
1
5
12
2
1
2
0
4
13
1
2
0
1
9
1
2
1
13
4
0
9
1
2
14
0
10
0
15
7
4
0
1
0
10
0
16
17
0
0
8
0
1
18
1
2
0
1
2
1
11
19
20
21
22
21
23
24
23
19
23
25
26
27
26
28
29
26
27
26
30
31
32
31
33
31
32
34
32
31
33
31
31
35
36
37
38
19
31
32
39
31
40
41
42
43
31
32
19
44
26
29
45
46
26
27
26
23
19
47
48
49
50
47
51
52
20
47
20
47
53
19
0
1
9
21
54
55
56
55
56
34
54
21
2
57
0
10
2
1
9
1
0
19
58
37
59
37
35
37
38
37
60
19
53
47
20
47
49
48
47
20
47
53
49
47
50
19
61
62
63
64
65
62
66
67
62
68
62
67
62
20
47
69
47
20
47
70
19
71
26
45
72
25
73
26
29
31
31
33
31
43
74
19
58
75
59
37
35
31
76
39
32
19
32
31
33
31
35
37
59
37
77
19
70
78
79
26
80
26
29
26
72
81
26
27
26
30
26
26
27
26
70
19
70
45
65
62
25
82
26
29
83
70
19
71
62
30
45
73
26
45
23
84
44
34
70
83
85
83
85
83
85
83
86
19
70
83
85
31
87
39
32
31
88
89
31
32
39
32
31
90
31
19
91
92
91
25
54
21
93
21
21
94
21
93
95
56
19
96
78
79
97
78
98
83
70
99
70
34
100
70
101
70
101
71
101
70
83
20
47
53
102
47
20
103
54
55
56
21
2
62
62
104
62
67
19
23
45
30
84
44
105
23
84
106
84
44
19
32
31
89
39
31
43
31
107
39
32
31
108
31
32
19
23
84
109
84
106
84
23
45
44
21
35
21
21
110
19
62
63
62
65
45
56
21
22
21
111
21
112
19
2
21
21
5
1
0
10
0
62
113
62
62
9
84
44
19
23
84
114
115
25
26
29
26
82
116
72
26
27
117
72
118
26
119
45
32
31
34
120
31
39
32
31
121
26
72
45
29
122
44
114
91
57
93
123
93
19
53
47
20
47
47
69
47
20
47
20
47
50
19
61
62
124
125
67
62
68
126
124
62
70
19
71
45
0
62
2
1
0
10
11
1
9
19
83
127
83
70
101
83
70
101
71
34
85
21
21
128
21
56
25
73
114
23
23
25
27
84
23
19
23
84
109
84
129
130
97
98
97
79
78
98
97
131
19
70
101
132
83
85
83
79
78
133
97
130
97
79
19
61
126
134
62
67
66
68
62
65
19
67
62
135
37
35
21
56
136
54
21
19
56
21
94
103
93
21
137
21
56
19
44
26
114
29
26
138
114
56
21
139
21
21
94
103
91
140
91
141
91
123
142
91
21
143
21
21
35
84
144
84
23
26
27
45
32
31
145
31
35
21
56
19
21
146
45
26
29
122
27
26
26
29
26
27
147
26
29
45
26
70
19
70
83
148
26
29
26
27
21
149
21
56
55
56
21
150
23
84
144
84
23
34
26
73
151
29
26
26
27
26
29
26
73
19
85
26
152
29
26
29
26
73
114
29
26
26
153
26
29
26
70
19
70
45
44
57
35
37
59
57
71
34
56
55
56
21
154
21
21
27
114
32
31
43
31
155
19
70
26
27
45
72
151
23
84
106
84
44
19
59
37
37
35
37
58
114
47
20
47
47
119
47
50
19
20
84
156
24
23
84
106
84
23
25
11
10
2
1
0
19
32
31
89
31
32
39
107
31
43
31
19
65
126
157
67
62
63
62
65
158
67
159
35
19
65
158
65
62
85
83
70
101
70
99
71
34
70
83
85
83
160
62
134
62
67
34
61
62
2
1
0
151
73
26
121
26
45
70
19
56
21
161
21
56
55
21
22
21
56
19
107
31
43
39
107
31
43
31
32
31
33
41
31
2
19
0
26
30
26
27
26
72
45
82
162
23
106
84
85
83
70
19
132
101
70
101
83
85
83
70
101
71
83
124
19
70
26
27
26
29
26
72
25
44
19
23
105
23
23
163
44
26
164
45
72
116
73
26
45
72
28
80
47
20
47
165
48
47
20
47
166
167
77
37
35
37
135
37
37
35
19
71
83
85
83
