451 5 42 15 0 39
1 5 1
1 40 1
1 2 1
1 2 1
1 21 0
1 2 0 0 0 1 0 
1 87 0 0 0 0 0 
1 3 0 0 1 0 1 
1 63 0 0 1 0 0 
1 4 0 0 0 0 1 
0 4 0 0 0 0 1 
0 40 0 0 0 0 0 
0 6 1 0 0 0 0 
0 3 0 0 1 0 1 
0 5 0 0 1 0 0 
0 2 1 0 1 0 1 
9 21 0 0 0 0 0 
9 2 1 0 1 0 0 
6 27 0 0 1 0 0 
6 5 0 0 0 0 0 
5 18 0 0 0 0 0 
5 2 0 0 1 0 0 
5 2 0 1 0 0 0 
8 12 0 0 0 0 0 
8 31 0 0 1 0 0 
4 13 0 0 0 0 0 
4 4 1 0 0 0 0 
8 1 1 0 0 0 0 
1 4 1 0 0 0 0 
1 1 1 0 1 0 0 
2 1 1 0 1 0 1 
2 2 0 0 1 0 1 
3 38 0 0 1 0 0 
3 20 0 0 0 0 0 
3 4 0 0 1 0 1 
3 2 1 0 0 0 0 
3 1 0 0 0 0 1 
3 1 1 0 1 0 0 
0 1 1 0 0 0 1 
4 1 0 0 1 0 0 
7 3 0 0 1 0 0 
7 3 1 0 0 0 0 
7 6 0 0 0 0 0 
5 2 0 0 0 1 0 
6 1 1 0 1 0 0 
9 2 0 0 1 0 0 
9 1 1 0 0 0 0 
0
1
0
1
1
1
2
1
3
1
1
3
1
1
1
1
3
1
1
1
1
1
1
1
1
3
4
2
4
2
4
1
1
1
1
1
1
4
5
6
7
8
6
6
9
6
7
6
6
9
6
6
10
11
11
11
11
11
11
11
12
11
11
11
13
13
13
13
13
13
14
13
13
13
14
13
13
13
13
15
16
15
15
15
15
15
15
17
13
14
13
18
19
19
19
19
18
19
18
19
18
19
18
19
19
19
20
20
21
19
18
19
19
19
19
22
19
19
18
19
18
19
18
19
1
23
3
1
3
1
3
1
3
1
3
1
3
23
3
5
6
6
6
6
9
6
7
6
6
5
6
6
6
7
3
1
3
1
3
1
3
1
3
1
24
1
3
1
3
7
8
6
6
6
6
6
6
6
6
6
6
5
6
6
3
1
3
1
3
1
3
1
3
1
3
1
3
1
3
6
6
6
10
6
6
9
6
7
6
8
6
9
6
6
3
1
1
3
1
3
1
3
1
3
1
3
1
3
1
25
26
26
1
3
1
3
1
3
1
3
1
3
1
3
1
3
1
27
28
27
28
27
28
29
27
28
27
28
27
28
27
27
1
3
1
3
1
3
1
3
1
3
1
3
1
3
1
29
27
27
28
27
28
27
27
27
28
27
30
27
31
27
1
3
1
3
1
3
1
3
1
3
1
3
1
3
1
27
30
27
28
29
27
32
28
27
27
28
27
27
28
27
1
23
3
1
3
1
3
1
3
1
3
1
3
1
3
33
27
27
28
27
27
27
28
27
28
27
28
27
28
27
27
1
3
1
3
23
1
27
27
28
29
28
27
20
21
20
20
20
20
21
20
20
20
20
21
34
20
20
35
36
35
37
37
37
36
37
37
37
35
36
19
19
18
19
18
19
19
19
19
18
19
19
19
19
15
38
15
15
15
15
15
15
15
38
15
15
16
15
17
13
13
14
13
13
13
13
13
14
13
13
39
13
13
13
11
40
11
41
11
11
11
40
11
11
11
12
11
11
11
