854 14 201 15 0 29
1 5 1
1 30 1
1 7 1
3 4 1
1 14 1
1 4 1
1 2 1
16 24 1
4 5 1
1 8 1
2 3 1
1 22 0
1 3 0
1 6 0
4 2 0 0 0 0 0 0 1 0 1 0 1 0 1 0 
4 4 0 0 0 1 0 0 0 1 0 0 0 0 0 0 
4 1 0 0 0 0 0 1 1 0 1 1 1 0 0 0 
4 2 0 0 0 0 0 0 0 0 1 0 1 0 1 1 
4 2 0 0 0 1 0 0 1 1 0 0 0 0 0 0 
4 1 0 0 0 0 0 0 0 0 1 0 1 0 1 0 
4 25 0 0 0 0 0 0 0 0 1 0 1 0 0 0 
4 3 0 0 1 0 0 0 0 0 1 0 1 0 0 1 
4 1 0 0 0 1 0 0 1 1 0 1 0 0 1 0 
4 3 0 0 0 1 0 0 0 1 0 0 0 0 1 0 
4 3 0 0 0 0 0 0 1 0 1 0 1 1 0 0 
4 2 0 0 0 0 0 0 0 0 1 1 1 0 0 1 
4 1 0 0 0 0 0 1 1 0 1 0 1 0 0 0 
4 1 0 0 0 1 0 0 1 1 0 0 0 0 1 0 
3 31 0 0 0 0 0 0 0 0 1 0 1 0 0 0 
13 6 0 0 0 1 0 0 0 1 0 0 0 0 1 0 
13 14 0 0 0 0 0 0 0 0 1 0 1 0 0 0 
13 3 0 0 0 0 0 0 0 0 1 0 1 0 1 0 
13 1 0 0 0 1 0 0 1 1 0 1 0 0 0 0 
13 1 0 0 1 0 0 0 0 0 1 0 1 0 0 1 
13 2 0 0 0 0 0 0 1 0 1 0 1 1 0 0 
13 1 0 0 0 0 0 0 0 0 1 0 1 0 0 1 
0 1 0 0 0 1 1 0 1 1 0 0 0 0 0 0 
12 1 0 0 1 0 0 0 0 0 1 0 1 0 0 1 
12 7 0 0 0 1 0 0 0 1 0 0 0 0 0 0 
12 10 0 0 0 0 0 0 0 0 1 0 1 0 0 0 
12 2 0 0 0 1 0 0 1 1 0 0 0 0 0 0 
12 3 0 0 0 0 0 0 0 0 1 0 1 0 0 1 
12 2 0 0 0 0 0 1 1 0 1 0 1 0 0 0 
13 1 0 0 0 1 0 0 0 1 0 0 0 0 0 0 
8 32 0 0 0 0 0 0 0 0 1 0 1 0 0 0 
11 4 0 0 0 1 0 0 0 1 0 0 0 0 1 1 
11 13 0 0 0 0 0 0 1 0 1 0 1 1 0 0 
11 20 0 0 0 1 0 0 0 1 0 0 0 0 1 0 
11 2 0 0 1 0 0 0 0 0 1 0 1 0 0 1 
11 3 0 0 0 1 0 0 0 1 0 0 0 0 0 0 
11 7 0 0 0 0 0 0 0 0 1 0 1 0 1 0 
11 1 0 0 0 0 0 1 1 0 1 0 1 0 1 0 
11 1 0 0 0 1 0 0 0 1 0 0 0 0 0 1 
11 1 0 0 0 0 0 0 0 0 1 0 1 0 0 0 
11 2 0 0 1 1 0 0 0 1 0 0 0 0 0 1 
10 34 0 0 0 0 0 0 0 0 1 0 1 0 0 0 
10 3 0 0 0 1 0 0 0 1 0 0 0 0 1 0 
10 9 0 0 0 0 0 0 1 0 1 0 1 0 0 0 
10 2 0 0 0 0 0 0 0 0 1 0 1 0 0 1 
11 1 0 0 1 1 0 0 0 1 0 0 0 0 1 1 
11 1 0 0 0 0 0 0 1 0 1 0 1 0 0 0 
11 6 0 0 0 0 0 0 0 0 1 0 1 0 0 1 
11 1 0 0 0 1 0 1 1 1 0 1 0 0 1 0 
8 11 0 0 0 1 0 0 0 1 0 0 0 0 0 0 
8 4 0 0 0 0 0 0 0 0 1 0 1 0 1 0 
8 2 0 0 1 0 0 0 0 0 1 0 1 0 0 1 
11 1 0 0 0 1 0 0 1 1 0 0 0 0 1 0 
11 1 0 0 0 0 0 0 0 0 1 1 1 0 0 1 
10 2 0 0 0 0 0 0 1 0 1 1 1 0 0 0 
7 5 0 0 0 0 0 0 0 0 1 1 1 0 0 0 
7 44 0 0 0 0 0 0 0 0 1 0 1 0 0 0 
7 2 0 0 0 1 0 0 0 1 0 0 0 0 0 1 
7 1 0 0 0 0 0 0 1 0 1 0 1 0 1 0 
7 4 0 0 0 1 0 0 0 1 0 0 0 0 0 0 
7 2 0 0 0 1 0 0 1 1 0 0 0 0 1 0 
10 1 0 0 1 0 0 0 0 0 1 0 1 0 0 1 
10 2 0 0 0 0 0 1 1 0 1 0 1 0 0 0 
8 1 0 0 0 1 0 0 1 1 0 1 0 0 1 0 
8 1 0 0 1 1 0 0 0 1 0 0 0 0 1 1 
8 1 0 0 0 0 0 1 1 0 1 0 1 0 1 0 
6 1 0 0 0 1 0 0 0 1 0 0 0 0 1 1 
6 7 0 0 0 1 0 0 0 1 0 0 0 0 0 0 
6 1 0 0 0 1 0 0 1 1 0 0 0 0 0 0 
6 1 0 0 0 0 0 0 0 0 1 0 1 0 1 0 
6 1 0 0 0 0 0 0 1 0 1 0 1 1 0 0 
6 1 0 0 0 1 0 0 0 1 0 1 0 0 1 0 
6 2 0 0 0 0 0 0 0 0 1 0 1 0 0 1 
6 4 0 0 0 0 0 0 0 0 1 0 1 0 0 0 
6 1 0 0 0 0 0 0 1 0 1 0 1 0 0 0 
6 4 0 0 0 1 0 0 0 1 0 0 0 0 1 0 
8 1 0 0 0 0 0 0 1 0 1 0 1 0 1 0 
8 1 0 0 0 0 0 0 0 0 1 0 1 0 0 1 
8 2 0 0 0 0 0 1 1 0 1 1 1 0 0 0 
8 3 0 0 0 1 0 0 0 1 0 0 0 0 1 0 
7 4 0 0 0 1 0 0 0 1 0 0 0 0 1 0 
7 3 0 0 1 0 0 0 0 0 1 0 1 0 0 1 
7 1 0 0 0 0 0 0 0 0 1 0 1 0 1 0 
7 1 0 0 0 0 0 1 1 0 1 0 1 0 0 0 
5 1 0 0 0 1 0 0 1 1 0 0 0 0 1 0 
5 7 0 0 0 1 0 0 0 1 0 0 0 0 0 0 
5 1 0 0 0 0 0 0 0 0 1 0 1 0 1 0 
5 8 0 0 0 0 0 0 0 0 1 0 1 0 0 0 
5 7 0 0 0 1 0 0 0 1 0 0 0 0 1 0 
5 2 0 0 0 0 0 0 1 0 1 0 1 0 0 0 
7 1 0 0 0 1 0 0 0 1 0 0 0 0 1 1 
7 2 0 0 1 0 0 0 0 0 1 0 1 0 1 1 
4 5 0 0 0 1 1 0 1 1 0 0 0 0 0 0 
4 2 0 0 1 1 0 0 0 1 0 0 0 0 0 1 
7 2 0 0 0 0 0 0 0 0 1 0 1 0 1 1 
7 1 0 0 1 0 0 0 0 0 1 0 1 0 0 0 
7 2 0 0 0 0 0 0 1 0 1 0 1 0 0 0 
7 1 0 0 0 1 0 0 1 1 0 0 0 0 0 0 
7 1 0 0 0 0 0 0 1 0 1 0 1 1 0 0 
3 7 0 0 0 1 0 0 0 1 0 0 0 0 0 0 
3 2 0 0 0 0 0 1 1 0 1 1 1 0 0 0 
3 4 0 0 0 1 0 0 0 1 0 0 0 0 1 0 
3 1 0 0 1 0 0 0 0 0 1 0 1 0 0 1 
3 2 0 0 0 1 0 0 1 1 0 0 0 0 0 0 
3 3 0 0 0 0 0 0 0 0 1 0 1 0 1 0 
3 1 0 0 0 1 0 1 1 1 0 1 0 0 0 0 
7 1 0 0 0 0 0 0 0 0 1 0 1 0 0 1 
4 2 0 0 0 0 0 0 0 0 1 0 1 0 0 1 
2 6 0 0 0 1 0 0 0 1 0 1 0 0 1 0 
2 11 0 0 0 0 0 0 1 0 1 0 1 0 0 0 
2 31 0 0 0 1 0 0 0 1 0 0 0 0 0 0 
2 57 0 0 0 1 0 0 0 1 0 0 0 0 1 0 
2 4 0 0 1 0 0 0 0 0 1 0 1 0 1 1 
2 4 0 0 0 0 0 0 1 0 1 0 1 0 1 0 
2 11 0 0 0 1 0 0 0 1 0 0 0 0 1 1 
2 2 0 0 0 0 0 1 1 0 1 1 1 0 0 0 
2 2 0 0 0 0 0 0 0 0 1 0 1 0 1 1 
1 50 0 0 0 0 0 0 0 0 1 0 1 0 0 0 
1 7 0 0 0 0 0 1 1 0 1 0 1 0 0 0 
1 21 0 0 0 1 0 0 0 1 0 0 0 0 0 0 
1 5 0 0 1 0 0 0 0 0 1 0 1 0 1 1 
1 12 0 0 0 0 0 0 1 0 1 0 1 1 0 0 
1 10 0 0 0 0 0 0 0 0 1 0 1 0 0 1 
1 2 0 0 0 1 0 0 1 1 0 0 0 0 1 0 
1 1 0 0 0 0 0 1 1 0 1 1 1 0 0 0 
1 3 0 0 0 1 0 0 0 1 0 0 0 0 0 1 
1 9 0 0 0 0 0 0 1 0 1 0 1 0 0 0 
2 1 0 0 1 1 0 0 0 1 0 0 0 0 0 1 
2 13 0 0 0 0 0 0 0 0 1 0 1 0 0 0 
2 1 0 0 0 1 0 0 0 1 0 1 0 0 0 1 
2 5 0 0 0 0 0 0 0 0 1 0 1 0 0 1 
2 6 0 0 0 0 0 0 0 0 1 0 1 0 1 0 
2 10 0 0 0 1 0 1 1 1 0 0 0 0 0 0 
1 2 0 0 0 1 1 0 1 1 0 0 0 0 0 0 
1 2 0 0 0 0 0 1 1 0 1 0 1 0 1 0 
1 3 0 0 1 1 0 0 0 1 0 0 0 0 1 1 
2 1 0 0 0 1 0 0 0 1 0 1 0 0 1 1 
2 3 0 0 1 1 0 0 0 1 0 0 0 0 1 1 
2 1 0 0 0 1 0 0 1 1 0 0 0 0 0 0 
1 2 0 0 0 1 0 1 1 1 0 0 0 0 0 0 
1 3 0 0 0 0 0 0 0 0 1 0 1 0 1 0 
1 2 0 0 0 0 0 1 1 0 1 1 1 0 1 0 
1 3 0 0 0 1 0 0 0 1 0 0 0 0 1 1 
2 1 0 0 1 1 0 0 0 1 0 1 0 0 0 1 
2 3 0 0 0 0 0 1 1 0 1 0 1 0 0 0 
2 2 0 0 0 0 0 0 0 0 1 1 1 0 1 1 
1 1 0 0 0 0 0 0 1 0 1 1 1 0 1 0 
2 2 0 0 1 0 0 0 0 0 1 1 1 0 0 1 
2 1 0 0 0 0 0 0 0 0 1 1 1 0 1 0 
1 1 0 0 1 0 0 0 0 0 1 0 1 0 1 0 
1 1 0 0 0 1 0 1 1 1 0 1 0 0 0 0 
2 4 0 0 0 1 0 0 0 1 0 0 0 0 0 1 
2 8 0 0 0 1 0 0 1 1 0 0 0 0 1 0 
1 1 0 0 1 0 0 0 0 0 1 1 1 0 0 1 
2 1 0 0 0 0 0 0 0 0 1 1 1 0 0 0 
1 2 0 0 0 1 0 0 0 1 0 1 0 0 1 0 
2 2 0 0 0 0 0 0 0 0 1 1 1 0 0 1 
1 1 0 0 1 0 0 0 0 0 1 0 1 0 0 0 
1 1 0 0 0 1 0 0 0 1 0 1 0 0 0 1 
1 1 0 0 0 0 0 0 1 0 1 0 1 0 1 0 
1 2 0 0 0 1 0 0 0 1 0 0 0 0 1 0 
1 2 0 0 1 0 0 0 0 0 1 0 1 0 0 1 
2 1 0 0 1 0 0 0 0 0 1 0 1 0 0 1 
1 1 0 0 0 1 0 0 1 1 0 1 0 0 0 0 
2 1 0 0 0 1 0 1 1 1 0 0 0 0 1 0 
2 1 0 0 0 1 0 1 1 1 0 1 0 0 0 0 
2 1 0 0 0 1 1 0 1 1 0 1 0 0 0 0 
3 1 0 0 1 1 0 0 0 1 0 0 0 0 0 0 
3 1 0 0 0 1 0 0 1 1 0 1 0 0 0 0 
3 1 0 0 0 1 0 0 0 1 0 0 0 0 1 1 
3 1 0 0 0 0 0 0 1 0 1 0 1 0 0 0 
3 2 0 0 0 1 0 0 1 1 0 0 0 0 1 0 
2 1 0 0 0 0 0 0 1 0 1 0 1 1 0 0 
2 1 0 0 0 1 0 1 1 1 0 1 0 0 1 0 
3 1 0 0 0 0 0 0 0 0 1 1 1 0 0 1 
3 1 0 0 0 1 0 1 1 1 0 0 0 0 0 0 
3 1 0 0 0 0 0 1 1 0 1 0 1 0 0 0 
3 1 0 0 0 0 0 0 0 0 1 0 1 0 0 1 
4 1 0 1 0 0 0 0 0 0 1 0 1 0 0 0 
5 1 0 0 0 1 0 0 0 1 0 1 0 0 1 0 
5 1 0 0 1 0 0 0 0 0 1 0 1 0 0 1 
6 1 0 0 0 0 0 0 0 0 1 0 1 0 1 1 
6 1 1 0 0 1 1 0 1 1 0 0 0 0 0 0 
6 1 0 0 1 0 0 0 0 0 1 0 1 0 1 0 
7 1 0 0 0 0 0 1 1 0 1 1 1 0 0 0 
7 1 0 0 0 0 0 1 1 0 1 0 1 0 1 0 
8 1 0 0 0 1 0 0 0 1 0 0 0 0 1 1 
8 1 0 0 0 0 0 0 1 0 1 0 1 0 0 0 
9 1 0 0 0 1 0 1 1 1 0 0 0 0 0 0 
9 1 0 0 0 0 0 0 0 0 1 0 1 0 0 1 
9 1 0 0 0 0 0 0 1 0 1 0 1 0 0 0 
9 1 0 0 0 1 0 0 0 1 0 0 0 0 0 0 
10 1 0 0 0 1 0 0 0 1 0 1 0 0 1 1 
11 1 0 0 0 0 0 0 0 0 1 0 1 0 1 1 
12 1 0 0 0 0 0 1 1 0 1 0 1 0 1 0 
12 1 0 0 0 1 0 0 0 1 0 0 0 0 0 1 
13 1 0 0 1 1 0 0 0 1 0 0 0 0 1 0 
13 2 0 0 0 0 0 0 1 0 1 0 1 0 0 0 
13 1 0 0 0 1 0 0 0 1 0 0 0 0 0 1 
13 1 0 0 0 1 0 0 0 1 0 0 0 0 1 1 
13 1 0 0 1 1 0 0 0 1 0 0 0 0 1 1 
0
1
2
3
4
5
6
1
6
7
8
6
1
6
6
9
10
9
11
1
12
6
13
6
9
6
11
4
14
15
16
17
18
19
16
15
20
16
15
21
16
15
16
17
22
23
24
25
26
27
28
24
25
25
24
27
24
17
16
29
15
16
30
31
32
33
34
33
35
36
37
38
32
36
33
39
40
33
41
41
41
41
42
41
41
41
43
44
41
43
41
41
43
45
32
33
46
33
32
47
48
36
47
35
33
33
32
31
30
49
50
30
49
50
30
51
49
30
50
30
49
30
30
33
32
40
33
47
36
33
32
36
52
53
33
32
47
33
41
41
41
54
42
41
41
43
41
41
41
54
41
41
41
31
32
33
33
32
31
55
56
56
56
56
57
58
56
59
56
56
56
60
56
55
43
61
41
62
41
43
41
41
44
30
49
30
30
63
30
30
64
30
30
30
49
65
30
30
66
67
68
69
70
71
72
73
67
74
75
30
51
49
76
30
49
50
30
49
77
78
79
30
30
79
56
56
80
56
81
56
56
82
59
56
83
56
57
55
56
84
85
86
87
85
88
87
89
88
87
85
85
88
56
56
56
90
56
56
80
56
56
91
56
56
80
56
56
92
7
6
6
3
6
10
6
6
0
93
6
6
6
92
56
94
55
56
59
95
96
94
56
56
97
56
56
98
91
99
14
100
99
14
14
101
14
102
103
14
99
14
104
105
106
56
59
56
56
92
107
6
108
109
110
111
112
110
110
113
110
114
110
115
116
110
111
117
118
119
120
121
119
117
118
122
123
117
124
125
117
126
111
127
111
128
110
111
128
129
111
110
130
131
132
110
111
117
122
133
117
117
120
119
117
134
119
121
117
135
117
117
111
132
136
128
109
137
110
110
113
110
111
116
132
108
138
117
120
139
117
140
121
125
141
117
119
117
126
142
117
118
111
143
111
109
111
114
110
144
111
110
110
145
111
132
111
121
117
142
117
117
119
146
122
133
117
135
117
119
117
121
111
110
147
111
113
110
111
114
109
111
128
132
148
114
110
118
149
119
140
122
150
117
121
119
126
120
119
118
117
117
108
151
109
111
152
128
110
111
111
130
111
115
110
111
114
126
117
119
117
119
153
126
119
134
119
121
122
123
117
117
152
111
154
151
111
111
128
110
152
112
110
111
128
144
111
122
117
119
141
117
119
120
117
126
142
121
117
155
122
126
111
111
132
128
137
128
131
110
132
111
156
111
131
132
114
157
119
140
121
158
159
117
119
117
160
161
126
119
118
117
152
111
162
108
144
131
111
151
111
109
111
111
130
108
111
121
117
119
161
117
117
163
117
122
160
117
117
125
117
118
111
111
110
147
111
109
110
114
164
128
111
152
110
156
111
121
117
119
122
117
139
117
117
135
117
117
155
117
122
126
111
132
111
130
110
111
131
132
128
112
111
165
110
113
114
121
110
152
111
109
137
166
128
111
130
152
110
131
111
151
108
14
167
14
104
99
14
14
168
14
169
170
14
171
14
14
111
145
172
111
111
109
110
114
111
109
111
173
128
111
114
14
14
14
99
14
174
175
14
14
101
176
14
101
14
14
114
109
112
152
14
14
171
14
14
99
100
14
103
177
14
101
99
14
104
92
6
107
6
6
6
6
93
6
6
10
178
92
6
7
88
85
87
179
87
85
88
87
87
88
87
180
88
89
85
75
73
73
67
181
67
67
182
183
73
67
75
72
67
75
56
96
80
81
184
56
56
56
56
60
81
56
56
55
185
30
30
49
30
30
49
78
30
186
30
30
187
79
30
30
188
189
190
191
43
41
41
43
41
41
41
41
192
41
41
42
43
41
62
33
32
47
33
34
36
33
35
36
47
33
32
193
33
32
25
24
194
25
26
25
27
24
25
28
24
25
195
25
25
196
197
16
198
16
16
15
16
16
199
197
16
200
16
20
