434 6 39 15 2 99
1 40 1
1 100 1
1 3 1
1 3 1
1 5 0
1 18 0
0 11 0 0 0 0 0 0 
0 3 0 0 1 0 0 0 
1 6 0 0 1 0 0 1 
1 36 0 0 0 0 0 0 
1 2 0 0 1 0 1 0 
1 1 0 0 0 0 1 0 
1 9 0 0 1 0 0 0 
2 71 0 0 0 0 0 0 
2 8 0 0 1 0 0 0 
3 121 0 0 0 0 0 0 
2 6 0 0 1 0 0 1 
2 3 0 0 0 0 1 0 
3 10 0 0 0 0 1 0 
3 10 0 0 1 0 0 0 
4 25 0 0 0 0 0 0 
4 2 0 0 0 0 1 0 
5 13 0 0 0 0 0 0 
5 11 0 0 0 1 0 0 
1 3 0 0 1 0 1 1 
6 5 0 0 1 0 0 0 
6 29 0 0 0 0 0 0 
7 1 0 1 0 0 0 0 
5 1 1 0 0 1 0 0 
8 1 0 0 1 0 1 1 
9 2 0 0 0 0 0 0 
9 1 0 0 1 0 0 0 
10 7 0 0 0 0 0 0 
5 7 1 0 0 0 0 0 
6 3 0 0 0 0 1 0 
5 7 0 0 0 0 1 0 
11 3 0 1 0 0 0 0 
1 1 0 0 0 0 0 1 
2 1 0 0 1 0 1 0 
1 1 0 0 0 0 1 1 
4 5 0 0 1 0 0 0 
2 1 0 0 1 0 1 1 
2 1 0 0 0 0 1 1 
2 2 0 0 0 0 0 1 
0 4 0 0 0 0 1 0 
0
0
1
0
0
0
0
2
3
3
4
3
3
2
3
3
5
6
3
3
3
2
7
7
7
7
7
7
8
7
7
7
7
8
9
9
9
9
9
10
7
11
7
8
7
9
9
9
9
12
9
9
9
13
9
9
9
12
9
9
14
14
15
16
17
16
16
16
18
9
9
9
9
9
9
9
9
12
9
13
9
9
9
19
20
20
20
20
20
20
20
20
19
21
11
7
7
10
7
22
23
9
9
9
9
13
9
9
9
12
9
9
9
9
9
9
19
20
20
20
24
25
24
9
9
12
9
9
9
9
9
9
9
12
9
26
26
26
26
26
26
26
27
17
20
20
20
20
20
20
28
20
19
20
17
29
16
2
3
3
6
3
3
3
6
30
3
6
3
3
3
3
3
4
31
3
6
3
3
2
29
17
16
27
17
29
7
7
7
7
7
7
7
32
7
7
7
10
7
7
12
9
9
9
9
9
12
9
9
13
9
9
12
9
3
2
3
3
3
3
6
3
3
6
3
3
6
33
14
14
14
14
34
14
14
14
14
34
14
14
34
14
14
16
29
17
27
16
17
9
9
9
12
9
9
9
9
9
9
9
9
35
7
7
7
7
36
7
8
7
20
20
19
28
20
7
7
7
7
7
7
7
7
37
29
16
27
9
9
9
9
9
13
9
9
9
9
9
9
30
9
9
9
9
9
9
10
7
7
7
7
7
7
7
8
7
7
8
7
7
3
6
3
3
18
3
27
17
13
9
9
13
9
9
9
13
9
9
38
0
0
1
38
9
9
9
9
9
9
9
9
9
9
9
9
9
14
15
14
14
34
14
14
14
34
14
7
10
7
7
16
17
29
16
16
17
27
38
1
0
0
0
38
7
7
37
7
7
7
8
14
14
14
14
7
7
7
8
11
7
7
7
7
7
7
10
7
20
20
20
28
20
20
20
20
9
13
9
9
9
9
9
29
27
17
16
30
9
13
9
9
9
9
18
