904 9 136 15 0 29
1 8 1
1 2 1
1 7 1
1 15 1
2 3 1
1 30 1
4 5 1
1 6 0
1 3 0
0 2 0 1 0 0 1 0 0 0 0 
0 117 0 0 0 0 0 0 1 0 1 
0 26 0 0 0 0 0 0 1 0 0 
0 13 0 0 0 0 1 0 0 0 1 
0 2 1 0 1 0 0 0 1 0 0 
1 7 0 1 0 0 1 0 0 1 0 
1 4 0 0 0 0 0 0 1 0 1 
1 1 0 0 0 0 1 0 0 0 1 
1 4 0 0 0 0 0 0 1 0 0 
2 22 0 0 0 0 0 0 1 0 1 
2 4 0 0 0 0 0 0 1 0 0 
3 7 0 0 0 0 1 0 0 0 0 
4 26 0 1 0 0 1 0 0 0 1 
4 22 0 0 0 0 0 0 1 0 0 
4 8 0 0 0 0 1 0 0 0 1 
4 1 1 0 1 0 0 0 1 0 0 
4 28 0 1 0 0 1 0 0 1 0 
4 36 0 0 0 0 0 0 1 0 1 
4 25 0 0 0 0 1 0 0 0 0 
4 1 0 0 1 0 1 0 0 0 1 
0 3 0 0 0 0 1 0 0 0 0 
0 3 1 0 0 0 0 0 1 0 1 
0 10 0 1 0 0 0 0 1 0 1 
4 2 1 0 1 0 1 0 0 0 0 
4 10 0 1 0 0 1 0 0 0 0 
4 1 0 0 1 0 0 0 1 0 0 
5 113 0 0 0 0 1 0 0 0 1 
5 29 0 0 0 0 0 0 1 0 1 
5 3 0 1 0 0 0 0 1 0 1 
0 3 1 1 0 0 0 0 1 0 0 
0 2 1 0 0 0 1 0 0 0 0 
4 3 0 0 1 0 0 0 1 0 1 
4 3 1 0 0 0 1 0 0 0 0 
4 6 1 0 0 0 0 0 1 0 0 
0 1 0 1 0 0 1 0 0 0 1 
4 4 0 1 0 0 0 0 1 0 0 
4 3 1 1 0 0 0 0 1 0 0 
6 69 0 0 0 0 0 0 1 0 1 
6 4 0 1 0 0 0 0 1 0 1 
0 4 0 1 0 0 1 0 0 1 0 
4 2 1 0 0 0 0 0 1 0 1 
7 15 0 0 0 0 1 1 0 0 0 
7 12 0 1 0 1 0 0 1 0 0 
7 5 0 0 0 0 1 0 0 0 0 
7 11 0 1 0 0 0 0 1 0 0 
7 8 0 1 0 0 1 0 0 1 0 
7 1 0 0 0 0 0 0 1 0 1 
7 8 0 0 1 0 1 0 0 0 0 
7 7 0 0 0 0 0 0 1 0 0 
5 1 1 1 0 0 0 0 1 0 1 
4 3 0 1 0 0 0 0 1 0 1 
4 5 0 0 1 0 1 0 0 0 0 
6 1 0 1 0 0 1 0 0 0 1 
4 1 1 1 0 0 0 0 1 0 1 
0 2 1 0 1 0 1 0 0 0 0 
8 6 0 1 0 0 1 0 0 1 0 
8 14 0 0 0 0 0 0 1 0 1 
8 4 0 0 0 0 1 0 0 0 1 
8 7 0 0 0 0 0 0 1 0 0 
8 1 0 1 0 0 0 0 1 0 1 
8 2 0 1 0 0 1 0 0 0 0 
8 2 0 0 1 0 0 0 1 0 1 
8 1 1 1 0 0 0 0 1 0 1 
5 1 0 0 0 0 1 0 0 0 0 
0 3 1 0 0 0 0 0 1 0 0 
6 2 0 0 0 0 1 0 0 0 1 
2 4 0 0 0 0 1 0 0 0 0 
2 1 0 1 0 1 0 0 1 0 0 
2 1 0 0 1 0 1 0 0 0 1 
2 3 0 0 0 0 1 0 0 0 1 
2 2 0 0 1 0 1 0 0 0 0 
9 3 0 0 1 0 1 0 0 0 0 
9 3 0 1 0 0 1 0 0 1 0 
9 3 1 0 0 0 0 0 1 0 0 
9 6 0 1 0 0 1 0 0 0 0 
9 2 0 0 1 0 0 0 1 0 1 
9 8 0 0 0 0 0 0 1 0 1 
9 6 0 0 0 0 1 0 0 0 0 
9 1 1 0 1 0 1 0 0 0 0 
6 1 0 0 0 0 0 0 1 0 0 
8 1 1 0 0 0 0 0 1 0 1 
8 1 0 1 0 1 0 0 1 0 0 
8 4 0 1 0 0 0 0 1 0 0 
8 1 0 0 1 0 0 0 1 0 0 
10 1 0 0 1 0 0 0 1 0 1 
10 7 0 0 0 0 0 0 1 0 0 
10 6 0 0 0 0 0 0 1 0 1 
10 1 0 1 0 0 1 0 0 0 0 
10 1 1 0 0 0 1 0 0 0 1 
10 6 0 0 1 0 1 0 0 0 0 
10 1 0 0 1 0 0 0 1 0 0 
10 2 0 1 0 0 1 0 0 1 0 
0 1 1 1 0 0 0 0 1 0 1 
0 1 0 0 1 0 1 0 0 0 1 
1 1 1 1 0 0 1 0 0 0 0 
1 1 0 0 1 0 0 0 1 0 0 
1 1 0 1 0 0 1 0 0 0 1 
1 3 0 0 0 0 1 0 0 0 0 
1 1 0 1 0 0 0 0 1 0 0 
1 1 1 0 0 0 1 0 0 0 0 
1 1 1 1 0 0 0 0 1 0 1 
1 1 0 0 1 0 1 0 0 0 0 
5 1 1 0 0 0 0 0 1 0 1 
2 1 0 0 1 0 0 0 1 0 1 
2 1 0 1 0 0 0 0 1 0 0 
9 1 1 0 1 0 0 0 1 0 0 
9 1 0 0 0 0 1 0 0 0 1 
9 1 0 0 1 0 1 0 0 0 1 
9 1 0 0 0 0 0 0 1 0 0 
9 1 0 0 1 0 0 0 1 0 0 
8 1 0 1 0 0 1 0 0 0 1 
10 1 1 0 0 0 0 0 1 0 1 
10 2 0 0 0 0 1 0 0 0 1 
10 1 1 1 0 0 0 0 1 0 1 
2 1 0 1 0 0 1 0 0 0 0 
2 1 0 1 0 0 0 0 1 0 1 
11 3 0 1 0 0 1 0 0 1 0 
11 6 0 0 0 0 0 0 1 0 0 
11 4 0 0 0 0 0 0 1 0 1 
11 4 0 0 0 0 1 0 0 0 0 
11 1 0 0 1 0 0 0 1 0 1 
11 1 0 1 0 0 0 0 1 0 1 
1 1 1 0 1 0 1 0 0 0 0 
1 1 0 1 0 0 1 0 0 0 0 
1 1 0 0 0 0 1 1 0 0 1 
1 2 0 1 0 0 0 0 1 0 1 
1 1 1 0 0 0 0 0 1 0 1 
3 3 0 0 1 0 1 0 0 0 0 
3 1 0 0 1 0 0 0 1 0 0 
3 1 0 1 0 0 1 0 0 1 0 
3 2 0 0 0 0 1 0 0 0 1 
3 1 1 0 0 0 1 0 0 0 1 
12 5 1 0 0 0 0 0 1 0 0 
12 3 0 0 0 0 0 0 1 0 1 
12 2 0 0 0 0 1 0 0 0 0 
13 1 1 0 1 0 1 0 0 0 0 
0
1
1
2
3
1
4
1
5
6
7
8
9
10
9
11
12
13
14
15
16
17
18
12
13
12
19
13
16
1
1
20
1
1
21
1
22
2
1
3
2
1
1
1
16
23
17
12
18
17
18
12
13
18
24
25
16
18
13
26
26
27
26
26
27
26
26
26
26
28
26
26
26
26
29
1
1
2
3
1
2
1
22
30
1
1
2
1
1
18
16
31
17
32
17
12
18
17
12
18
17
18
16
33
26
26
26
27
26
26
27
26
26
26
27
26
26
26
26
1
1
1
1
34
1
1
1
2
3
21
1
2
1
1
16
17
35
14
36
18
16
13
12
14
35
17
14
33
16
37
38
37
37
37
37
37
37
37
37
37
38
37
37
37
26
26
27
26
26
28
26
26
27
26
26
26
27
26
26
1
1
1
1
39
1
1
2
3
1
1
4
1
1
1
16
17
24
17
32
12
17
18
17
16
14
13
12
40
24
41
42
43
44
41
45
46
44
44
47
42
48
45
41
42
1
1
1
1
20
1
1
2
1
1
39
1
1
2
1
26
26
26
27
26
26
49
26
26
27
26
26
27
26
26
33
16
14
50
51
12
13
12
13
12
17
32
17
17
16
1
1
2
1
1
2
3
1
2
22
21
3
22
1
2
37
37
37
37
37
37
37
37
37
37
52
37
37
37
37
16
18
17
12
18
53
51
12
17
16
18
17
18
16
13
26
26
27
26
26
27
26
26
26
27
26
26
27
26
26
29
1
1
2
3
22
2
1
1
54
1
1
2
1
1
55
56
57
58
59
58
60
61
57
58
56
62
58
55
56
41
42
43
44
47
44
43
45
48
41
48
44
47
42
41
33
24
17
16
17
12
51
35
18
12
17
16
33
12
13
26
26
27
26
26
27
26
26
27
26
26
27
63
26
26
1
64
22
1
20
1
1
2
1
1
3
1
2
1
1
16
23
13
17
12
18
17
12
13
17
16
51
50
17
16
37
37
37
37
37
37
37
65
37
37
37
37
37
37
37
66
9
9
9
67
68
9
10
69
9
10
9
9
70
69
1
2
1
1
39
1
1
1
1
30
1
1
2
1
1
71
72
73
74
75
76
77
75
74
77
76
78
72
76
71
26
27
26
26
27
26
26
26
27
26
26
27
26
26
26
36
13
16
18
35
17
24
14
36
17
51
50
13
18
16
1
1
1
64
1
3
1
1
2
1
3
64
22
1
1
41
42
47
45
48
44
41
44
43
44
48
45
47
42
41
26
26
26
26
26
28
26
26
26
27
26
26
27
26
26
33
16
31
12
18
17
18
13
12
13
12
17
24
17
16
1
1
1
1
0
1
1
22
2
3
1
29
1
1
39
37
37
37
37
37
37
37
37
37
37
37
37
79
38
37
55
61
80
60
56
58
56
81
57
82
56
83
55
56
82
26
26
26
27
26
26
26
27
26
26
26
26
27
26
26
13
16
14
13
12
31
18
12
17
24
17
12
18
13
16
84
85
86
87
88
85
86
89
86
85
90
85
91
86
89
1
1
2
1
1
3
92
1
2
1
93
1
1
22
1
94
6
5
95
96
97
98
99
8
5
97
6
100
101
5
17
13
18
24
17
24
40
18
24
17
16
13
26
26
27
26
26
26
26
26
26
26
26
102
26
41
42
47
45
48
44
43
42
48
45
47
44
41
42
41
1
22
1
1
54
37
37
37
37
37
37
37
37
38
65
37
37
37
37
37
66
9
9
66
9
103
10
69
9
9
104
9
66
9
9
105
74
76
106
72
76
77
107
73
74
76
108
77
77
109
56
56
55
56
82
56
82
57
58
55
56
56
58
110
56
41
42
47
41
42
45
41
37
37
89
111
89
112
85
85
85
89
86
86
91
112
113
89
9
9
114
9
115
9
70
9
116
117
118
117
119
120
117
118
121
119
117
119
116
118
119
5
8
122
123
8
124
125
97
125
6
5
126
5
71
76
74
77
76
74
73
127
11
11
11
128
129
130
131
11
127
11
130
11
127
117
118
117
116
132
132
132
133
134
133
134
133
132
132
135
