451 5 42 15 1 39
1 5 1
1 40 1
1 2 1
1 2 1
1 21 0
1 2 0 0 0 1 0 
1 87 0 0 0 0 0 
1 3 0 0 1 0 1 
1 63 0 0 1 0 0 
1 4 0 0 0 0 1 
0 4 0 0 0 0 1 
3 38 0 0 1 0 0 
3 2 1 0 0 0 0 
0 40 0 0 0 0 0 
0 5 0 0 1 0 0 
6 27 0 0 1 0 0 
0 6 1 0 0 0 0 
4 13 0 0 0 0 0 
4 4 1 0 0 0 0 
6 5 0 0 0 0 0 
0 3 0 0 1 0 1 
5 2 0 1 0 0 0 
5 2 0 0 0 1 0 
5 18 0 0 0 0 0 
2 2 0 0 1 0 1 
5 2 0 0 1 0 0 
7 6 0 0 0 0 0 
7 3 0 0 1 0 0 
7 3 1 0 0 0 0 
0 1 1 0 0 0 1 
3 1 1 0 1 0 0 
3 20 0 0 0 0 0 
8 31 0 0 1 0 0 
8 12 0 0 0 0 0 
8 1 1 0 0 0 0 
9 21 0 0 0 0 0 
9 2 0 0 1 0 0 
2 1 1 0 1 0 1 
3 4 0 0 1 0 1 
1 4 1 0 0 0 0 
3 1 0 0 0 0 1 
9 2 1 0 1 0 0 
0 2 1 0 1 0 1 
4 1 0 0 1 0 0 
9 1 1 0 0 0 0 
6 1 1 0 1 0 0 
1 1 1 0 1 0 0 
0
1
0
1
1
1
2
1
3
1
1
3
1
1
1
1
3
1
1
1
1
1
1
1
1
3
4
2
4
2
4
1
1
1
1
1
1
4
5
6
7
6
8
9
8
10
11
8
9
8
10
12
12
13
10
14
10
8
15
8
8
3
1
3
1
3
1
10
16
17
18
10
14
10
18
10
18
10
12
12
10
18
19
18
10
18
10
18
10
18
20
18
18
10
21
10
21
22
23
22
21
22
21
19
1
3
1
3
1
3
1
3
1
1
3
1
3
23
3
1
3
1
1
3
1
3
1
3
1
3
1
3
8
24
6
18
6
18
17
18
25
26
6
18
27
28
27
28
27
29
28
27
28
27
28
27
30
27
30
31
30
30
32
30
27
28
27
30
27
28
27
12
12
6
26
6
26
6
13
27
28
27
21
33
1
3
1
3
1
3
1
3
34
1
1
3
1
3
1
27
23
21
27
8
15
8
27
28
27
8
8
27
28
27
1
3
34
3
1
3
1
3
1
3
1
3
1
3
5
3
1
3
1
3
1
3
1
3
1
3
1
3
1
3
11
27
8
8
9
8
8
15
11
3
1
3
1
3
1
1
1
3
1
6
26
6
26
6
8
6
8
6
35
6
11
8
6
26
6
26
6
30
27
28
27
30
30
36
30
30
30
27
8
9
8
37
8
27
12
38
12
27
28
27
12
13
6
26
6
26
6
13
6
12
6
26
33
30
31
30
6
30
30
6
30
6
30
39
6
26
6
1
3
1
3
34
3
1
3
1
33
8
27
8
27
11
27
8
8
8
8
27
30
36
30
30
6
26
6
26
26
6
26
6
26
6
26
6
26
6
8
37
8
8
8
10
18
18
20
16
10
14
10
14
10
8
10
11
10
8
10
8
10
8
10
8
10
8
5
9
8
8
40
1
3
1
3
1
3
1
3
1
3
1
3
1
3
1
6
12
33
7
6
12
10
14
10
12
6
26
26
6
18
18
3
1
3
1
3
1
3
1
3
34
3
1
3
1
41
5
27
