372 6 48 15 2 99
1 5 1
1 2 1
8 10 1
1 100 1
1 20 1
1 2 1
6 24 0 0 1 0 0 0 
6 36 0 1 0 0 0 0 
6 41 0 0 0 0 0 0 
6 1 1 0 0 0 0 0 
6 2 1 0 1 0 0 0 
6 4 0 1 1 0 0 0 
6 1 0 0 0 1 1 0 
6 3 0 0 0 0 0 1 
6 1 1 1 0 0 0 0 
5 10 0 0 0 0 0 0 
2 15 0 0 0 0 0 0 
1 3 1 1 1 0 0 0 
2 9 0 1 0 0 0 0 
0 5 0 1 1 0 0 0 
0 13 1 0 1 0 0 0 
0 15 0 0 1 0 0 0 
0 26 0 0 0 0 0 0 
0 13 0 1 0 0 0 0 
11 13 0 0 0 0 0 0 
1 1 0 1 1 0 0 0 
1 1 1 0 1 0 0 0 
11 1 0 0 0 0 1 0 
11 1 1 0 1 0 0 0 
11 1 0 0 1 0 0 0 
10 32 0 0 1 0 0 0 
5 16 0 1 0 0 0 0 
5 5 1 0 1 0 0 0 
5 14 0 0 1 0 0 0 
5 1 1 1 0 0 0 0 
9 10 0 1 0 0 0 0 
2 1 0 0 1 0 0 0 
0 1 1 1 0 0 0 0 
10 3 1 0 1 0 0 0 
3 2 0 0 1 0 0 0 
3 3 0 0 0 0 0 0 
10 2 1 1 1 0 0 0 
3 1 0 0 1 0 0 1 
8 10 0 0 0 0 0 0 
8 4 0 0 1 0 0 0 
8 2 0 1 0 0 0 0 
8 1 0 1 1 0 0 0 
5 3 0 1 1 0 0 0 
5 4 1 1 1 0 0 0 
4 6 0 0 0 0 0 0 
4 4 0 0 1 0 0 0 
7 2 1 1 1 0 0 0 
7 4 0 0 1 0 0 0 
0 1 1 0 0 0 0 0 
0
1
2
3
1
0
0
0
1
0
1
0
1
0
1
0
1
0
0
0
0
0
0
1
1
2
1
2
2
1
2
1
2
1
4
5
2
2
1
2
1
2
1
0
1
0
1
2
1
0
1
2
1
6
2
1
0
1
2
4
1
2
1
2
2
2
1
2
5
2
7
2
7
2
7
2
1
2
1
0
1
0
1
2
1
2
5
2
1
2
5
2
1
2
2
8
0
1
9
10
11
10
12
10
10
13
14
15
16
13
16
16
17
15
13
14
16
18
18
18
18
18
11
0
2
0
19
20
10
12
10
12
10
10
12
18
18
21
18
22
18
23
18
18
18
18
11
24
24
24
24
24
24
25
26
25
27
25
27
28
27
9
25
9
26
27
25
27
29
14
17
15
17
15
16
14
10
10
10
12
30
12
10
12
10
10
12
10
12
14
16
16
17
15
31
16
15
17
15
17
14
16
15
16
29
32
24
24
33
34
29
24
24
24
35
24
24
24
24
34
34
33
36
14
16
15
17
16
15
14
16
37
38
39
37
38
37
37
40
37
38
25
27
9
41
9
25
26
25
27
27
25
27
42
27
25
24
24
29
26
41
43
44
44
43
43
43
43
43
44
44
42
9
41
9
25
24
24
24
35
24
24
24
24
2
2
2
2
2
45
46
46
46
46
29
14
29
37
38
37
29
27
42
27
25
27
25
26
9
25
9
25
27
25
9
42
15
16
16
17
16
16
16
14
13
15
16
16
16
17
14
29
24
24
29
16
15
17
15
47
16
17
16
15
14
16
13
16
17
14
2
2
1
0
2
1
2
45
37
39
37
37
29
32
24
24
24
24
32
24
24
17
