434 6 39 15 0 99
1 40 1
1 100 1
1 3 1
1 3 1
1 5 0
1 18 0
0 11 0 0 0 0 0 0 
0 3 0 0 1 0 0 0 
1 6 0 0 1 0 0 1 
1 36 0 0 0 0 0 0 
1 2 0 0 1 0 1 0 
1 1 0 0 0 0 1 0 
1 9 0 0 1 0 0 0 
2 71 0 0 0 0 0 0 
2 8 0 0 1 0 0 0 
3 121 0 0 0 0 0 0 
2 6 0 0 1 0 0 1 
2 3 0 0 0 0 1 0 
3 10 0 0 0 0 1 0 
3 10 0 0 1 0 0 0 
4 25 0 0 0 0 0 0 
4 2 0 0 0 0 1 0 
5 13 0 0 0 0 0 0 
5 11 0 0 0 1 0 0 
1 3 0 0 1 0 1 1 
6 5 0 0 1 0 0 0 
6 29 0 0 0 0 0 0 
7 1 0 1 0 0 0 0 
2 1 0 0 1 0 1 1 
2 2 0 0 0 0 0 1 
2 1 0 0 1 0 1 0 
8 3 0 1 0 0 0 0 
1 1 0 0 0 0 1 1 
2 1 0 0 0 0 1 1 
5 1 1 0 0 1 0 0 
5 7 0 0 0 0 1 0 
5 7 1 0 0 0 0 0 
4 5 0 0 1 0 0 0 
6 3 0 0 0 0 1 0 
1 1 0 0 0 0 0 1 
0 4 0 0 0 0 1 0 
9 7 0 0 0 0 0 0 
10 1 0 0 1 0 0 0 
10 2 0 0 0 0 0 0 
11 1 0 0 1 0 1 1 
0
0
1
0
0
0
0
2
3
3
4
3
3
2
3
3
5
6
3
3
3
2
7
7
7
7
7
7
8
7
7
7
7
8
9
9
9
9
9
10
7
11
7
8
7
9
9
9
9
12
9
9
9
13
9
9
9
12
9
9
14
14
15
16
17
16
16
16
18
9
9
9
9
9
9
9
9
12
9
13
9
9
9
19
20
20
20
20
20
20
20
20
19
21
11
7
7
10
7
9
9
9
9
9
9
9
12
9
9
9
9
13
9
9
22
7
7
7
7
7
8
7
7
8
7
7
10
7
7
9
13
9
9
9
12
9
9
9
9
9
9
9
9
9
23
24
7
7
7
8
7
7
7
7
7
7
7
10
7
9
9
12
9
9
9
9
12
9
9
9
9
9
9
9
25
18
3
3
6
3
3
4
3
3
3
6
3
3
6
26
9
9
9
9
9
9
9
12
9
13
9
9
9
9
9
7
7
10
7
7
7
7
7
7
7
7
7
7
7
27
13
9
9
9
13
9
9
9
9
9
9
9
9
9
9
28
29
16
17
16
30
17
29
16
17
16
16
29
17
30
9
9
9
9
9
9
9
9
9
13
9
9
9
12
13
25
14
31
14
15
14
14
14
31
14
14
14
31
14
14
14
2
3
3
6
3
3
2
3
3
6
3
3
3
3
18
7
7
7
8
7
7
7
7
7
7
7
7
7
8
23
20
20
32
20
20
20
20
20
20
20
20
19
32
20
20
9
9
9
9
9
9
9
9
12
9
9
9
9
9
9
7
7
7
7
10
7
7
11
7
7
9
13
30
17
29
30
17
16
16
17
29
16
17
16
29
17
30
25
2
3
3
6
3
3
6
3
3
3
6
3
33
14
14
31
14
14
14
31
14
14
14
14
14
14
14
20
20
20
20
19
32
20
20
20
19
20
20
30
29
17
30
0
0
34
0
0
34
1
0
34
1
34
35
35
35
35
35
35
35
36
37
37
38
