278 5 19 10 2 14
1 2 1
1 2 1
1 15 1
1 2 1
1 5 0
2 71 0 0 0 0 0 
2 5 0 0 0 0 1 
2 3 1 0 0 1 0 
1 23 0 0 0 0 0 
0 87 0 0 0 0 0 
8 22 0 0 0 0 0 
6 1 0 0 0 0 1 
7 6 0 0 0 0 0 
1 4 1 0 0 1 0 
6 8 0 0 0 0 0 
0 3 0 0 0 0 1 
5 1 1 0 0 1 0 
5 23 0 0 0 0 0 
0 2 1 0 0 1 0 
8 1 1 0 0 1 0 
4 15 0 0 0 0 0 
3 1 1 0 0 1 0 
3 1 0 0 0 0 0 
4 1 1 0 0 1 0 
0
0
0
0
1
0
0
1
1
0
0
2
0
3
4
4
5
5
4
4
6
7
3
3
8
9
0
0
1
0
0
0
0
0
0
4
10
4
11
12
4
13
4
4
4
4
10
4
0
0
0
0
5
14
5
0
0
5
0
0
1
0
12
12
12
12
5
12
5
3
3
4
4
4
0
4
0
0
4
4
10
4
4
15
15
15
15
15
12
4
4
4
4
4
2
4
0
0
0
0
0
0
0
7
0
0
0
0
7
4
4
4
4
4
4
7
4
4
4
4
4
4
4
4
5
5
5
5
0
0
5
5
5
3
3
3
3
3
0
0
0
0
4
4
4
4
4
4
4
4
4
4
0
0
0
2
4
4
4
3
3
3
16
4
4
4
4
4
4
4
4
4
4
12
12
12
12
12
12
5
5
5
5
5
5
15
15
15
15
15
0
0
0
12
12
12
12
12
12
12
12
12
12
0
0
0
0
0
0
0
0
0
0
8
3
3
3
3
3
8
3
8
3
4
4
4
4
4
3
3
3
9
9
9
0
0
0
0
0
0
0
0
0
7
7
5
5
4
4
4
4
13
4
4
4
4
4
17
4
4
4
4
4
4
4
4
4
4
9
9
9
9
15
15
15
18
15
15
