234 4 18 10 1 15
1 9 1
1 16 1
1 6 1
2 3 1
4 11 1 0 0 1 
4 89 0 0 0 0 
4 17 0 0 1 1 
4 30 0 0 0 1 
3 4 0 0 1 1 
0 17 0 0 1 1 
0 13 0 0 0 0 
0 14 0 0 0 1 
2 4 0 1 1 1 
5 3 0 0 0 0 
5 2 0 0 0 1 
2 14 0 0 1 1 
1 4 0 0 0 0 
1 2 0 0 0 1 
1 7 0 0 1 1 
1 1 0 1 1 1 
5 1 0 1 1 1 
6 1 0 0 1 1 
0
1
2
3
0
2
1
3
2
0
3
3
2
0
4
1
3
3
1
3
5
6
7
6
6
7
5
1
3
3
1
3
8
9
10
10
9
7
5
1
3
3
1
3
11
1
3
3
1
3
8
1
3
3
1
3
11
1
3
1
1
3
5
6
6
7
9
7
5
6
7
7
6
7
5
12
13
3
1
3
2
1
3
1
3
1
3
8
2
2
1
1
4
1
2
2
1
1
2
2
1
1
1
14
15
12
7
6
5
11
1
1
11
11
1
1
3
1
5
5
6
7
6
5
6
16
3
1
2
1
2
3
1
14
14
1
1
2
1
2
3
1
2
1
11
1
1
1
8
1
2
1
1
5
5
6
7
5
6
5
5
1
1
1
1
14
1
1
0
1
11
1
11
1
1
1
1
1
17
1
1
1
0
1
11
11
1
1
1
1
11
1
0
1
1
5
7
1
7
5
1
0
1
14
1
7
12
13
14
12
14
0
1
1
1
1
11
1
1
11
1
1
0
11
1
1
1
1
4
1
1
0
1
4
