540 9 84 500 1 14
5 6 1
1 3 1
10 15 0
1 6 0
1 10 0
1 4 0
1 3 0
1 4 0
1 3 0
14 3 1 0 0 0 0 0 0 1 0 
14 3 1 0 0 0 0 0 0 0 0 
14 6 0 0 0 0 0 0 0 0 0 
14 1 1 0 0 1 0 0 0 0 1 
13 1 1 0 0 1 0 0 0 1 0 
6 22 1 0 0 0 0 0 0 1 0 
3 19 0 0 1 0 0 0 0 0 0 
3 9 0 0 0 0 0 0 0 0 0 
3 16 1 0 0 0 0 0 0 0 0 
3 1 1 1 0 0 0 0 0 1 0 
5 18 0 0 0 0 0 0 0 0 0 
12 8 0 0 0 0 0 0 0 0 0 
12 5 1 0 0 0 0 0 0 1 0 
12 15 1 0 0 0 0 0 0 0 0 
4 45 1 0 0 0 0 0 0 0 0 
4 6 0 0 0 0 0 0 0 0 0 
7 7 1 0 0 0 0 0 0 1 0 
7 1 1 0 0 0 1 0 0 0 1 
7 5 0 0 0 0 0 0 0 0 0 
7 15 1 0 0 0 0 0 0 0 0 
7 1 1 0 0 1 0 0 0 1 0 
1 4 1 1 0 0 0 0 0 1 0 
1 4 0 0 1 0 0 0 0 0 0 
1 22 0 0 0 0 0 0 0 0 0 
1 1 1 0 0 1 0 0 0 1 0 
1 9 1 0 0 0 0 0 0 0 0 
1 1 0 1 0 0 0 0 0 0 0 
1 13 1 0 0 0 0 0 0 1 0 
5 30 1 0 0 0 0 0 0 0 0 
6 1 1 0 0 0 0 1 0 1 1 
11 7 1 0 0 0 0 0 0 0 0 
11 2 0 0 0 0 0 0 0 0 0 
11 1 1 0 0 0 0 0 0 0 1 
11 3 1 0 0 0 0 0 0 1 0 
11 1 0 0 0 0 0 0 0 0 1 
0 26 1 0 0 0 0 0 0 1 0 
0 23 0 0 0 0 0 0 0 0 0 
0 8 1 0 0 0 0 0 0 0 1 
2 12 1 0 0 0 0 0 0 1 0 
4 5 1 0 0 0 0 0 0 1 0 
4 2 0 0 1 0 0 0 0 0 0 
4 2 1 0 0 0 0 0 0 0 1 
9 6 0 0 0 0 0 0 0 0 0 
9 1 0 0 0 1 0 0 0 0 1 
7 1 0 0 0 0 1 0 0 0 1 
6 8 1 0 0 0 0 0 0 0 0 
6 4 0 0 0 0 0 0 0 0 0 
0 50 1 0 0 0 0 0 0 0 0 
0 1 1 0 0 1 0 0 0 1 0 
0 2 1 1 0 0 0 0 0 1 0 
9 1 1 0 0 1 0 0 0 1 0 
9 2 1 0 0 0 0 0 0 0 0 
9 1 1 0 0 0 0 0 0 1 0 
8 4 1 0 0 0 0 0 0 0 1 
8 5 1 0 0 0 0 0 0 0 0 
10 19 1 0 0 0 0 0 0 1 0 
10 3 0 0 0 0 0 0 0 0 0 
10 7 1 0 0 0 0 0 0 0 0 
0 2 1 0 0 0 0 0 0 1 1 
9 1 1 0 0 1 0 0 0 0 1 
9 1 0 0 0 0 0 1 0 0 0 
7 3 1 0 0 0 0 0 0 0 1 
12 2 1 0 0 0 0 0 0 0 1 
8 1 1 0 0 0 1 0 0 0 1 
4 2 1 0 0 1 0 0 0 0 1 
1 3 0 0 0 0 0 0 0 0 1 
1 1 0 0 0 0 0 1 0 0 1 
0 3 1 0 0 1 0 0 0 0 1 
2 3 0 0 0 0 0 0 0 0 0 
5 1 0 0 0 0 0 1 0 0 0 
2 1 1 0 0 0 0 0 0 0 0 
2 1 1 0 0 0 0 0 0 0 1 
3 1 0 1 1 0 0 0 0 0 0 
6 1 1 0 0 1 0 0 0 1 0 
5 1 1 0 0 0 0 0 0 1 0 
8 1 0 0 0 0 0 0 0 0 1 
0 2 0 0 1 0 0 0 0 0 0 
0 1 0 0 0 0 0 0 0 0 1 
0 1 1 0 0 0 0 1 0 0 0 
7 2 1 0 0 0 0 0 0 1 1 
8 1 0 0 0 0 0 0 0 0 0 
1 3 1 0 0 0 0 0 0 0 1 
1 1 1 0 0 0 0 0 1 0 0 
1 1 0 0 0 0 1 0 0 0 1 
0
1
2
2
2
0
2
2
1
0
2
3
1
4
5
6
6
7
5
8
6
6
8
9
6
8
5
10
10
10
5
6
8
8
5
6
6
11
12
13
13
13
12
11
13
11
12
13
11
13
13
5
14
14
15
5
14
14
14
15
16
17
18
19
16
19
19
18
20
19
19
19
21
22
23
22
24
23
25
26
27
13
13
13
5
10
28
28
5
11
13
13
29
30
31
32
33
30
34
30
33
30
30
33
31
30
30
35
36
37
35
6
8
38
14
15
14
39
14
14
40
38
41
14
15
39
14
14
14
5
42
43
42
16
19
44
14
14
5
45
45
46
5
8
7
8
47
48
36
47
47
35
47
47
36
49
37
47
47
35
36
14
14
39
14
14
42
50
51
42
42
52
51
53
54
55
56
57
57
55
6
7
6
55
8
8
6
55
14
14
14
55
6
6
47
58
47
47
35
36
47
47
35
10
28
28
28
55
10
28
28
55
54
53
10
55
14
14
14
55
42
59
60
16
19
19
61
16
18
61
19
16
18
19
61
16
13
11
13
12
11
62
13
12
62
11
5
45
45
46
5
46
45
45
5
63
54
6
5
6
7
6
5
64
14
14
21
23
23
25
27
65
23
25
27
23
66
23
27
23
25
65
27
36
47
47
35
36
67
47
35
47
47
36
35
36
37
47
47
35
36
67
47
49
8
6
7
38
14
14
36
35
47
37
36
35
47
47
68
38
28
69
28
10
38
53
54
68
38
68
70
71
38
8
7
8
38
8
7
8
38
7
72
7
38
14
14
14
38
10
28
28
38
14
14
15
39
15
14
41
39
14
14
23
27
65
22
25
27
23
25
27
28
10
28
5
28
10
28
73
28
10
28
5
28
28
10
74
28
28
28
5
10
28
28
5
46
45
45
5
40
14
14
14
55
75
57
56
55
57
57
55
57
56
57
55
8
6
36
35
47
47
47
35
36
37
47
47
35
47
76
47
35
47
47
47
36
35
47
47
77
35
36
47
47
35
47
36
47
35
37
47
35
36
67
36
35
37
36
36
35
47
47
47
35
36
47
47
58
36
47
47
35
37
47
76
35
78
47
47
79
18
19
19
79
19
19
80
53
54
27
23
81
23
27
81
23
23
21
23
23
25
27
23
25
23
27
23
25
23
27
81
82
23
21
22
64
14
14
55
23
83
55
28
10
28
10
55
28
10
28
55
28
28
10
55
14
14
14
55
