1338 18 284 10 2 19
3 5 1
1 4 1
1 4 1
6 7 1
1 2 1
1 13 1
1 4 1
1 3 0
1 10 0
1 6 0
1 15 0
1 10 0
1 15 0
1 3 0
1 7 0
1 3 0
1 20 0
1 6 0
3 1 1 0 0 0 0 0 1 0 0 0 0 0 0 0 0 0 0 0 
3 1 0 0 0 1 1 0 0 0 0 0 0 0 1 1 0 1 0 0 
3 1 1 0 1 0 0 0 0 0 0 0 0 0 0 0 0 0 0 0 
3 6 1 0 0 1 0 0 0 0 0 0 0 0 0 0 0 0 0 0 
3 1 0 1 0 1 0 0 0 0 0 0 0 0 0 0 0 1 0 0 
3 1 0 0 0 0 1 0 0 0 0 0 0 0 0 0 0 0 0 0 
3 1 1 0 1 1 0 0 0 0 0 0 0 0 0 0 0 0 0 1 
3 2 0 0 0 1 1 0 0 0 0 0 0 0 0 0 0 1 0 0 
3 6 0 0 0 1 1 0 0 0 0 0 0 0 0 0 0 0 0 0 
3 1 1 0 1 0 0 0 1 0 1 0 0 0 0 0 0 0 0 0 
3 1 0 1 1 0 0 0 0 1 0 0 0 0 0 0 0 0 0 0 
3 4 1 0 0 0 0 0 0 0 0 0 0 0 0 0 0 0 0 0 
3 1 0 1 0 1 0 0 0 1 0 0 0 0 0 0 0 1 0 0 
3 5 0 0 1 1 1 0 0 0 0 0 0 0 0 0 0 0 0 0 
2 16 1 0 0 0 0 0 0 0 0 0 0 0 0 0 0 0 0 0 
10 146 1 0 0 1 0 0 0 0 0 0 0 0 0 0 0 0 0 0 
4 10 0 0 0 1 0 1 0 0 0 0 0 0 0 0 0 0 0 0 
10 13 0 0 1 0 1 0 0 0 0 0 0 0 0 0 0 0 0 0 
10 59 1 0 0 0 0 0 0 0 0 0 0 0 0 0 0 0 0 0 
10 30 0 0 0 1 1 0 0 0 0 0 0 0 0 0 0 0 0 0 
10 61 1 0 0 1 0 0 0 0 0 0 0 0 0 0 0 1 0 0 
10 12 0 0 1 0 1 0 0 0 1 0 0 0 0 0 0 0 0 0 
13 5 0 0 0 1 1 0 0 0 0 0 0 0 0 0 0 0 0 0 
10 39 0 0 1 1 1 0 0 0 0 0 0 0 0 0 0 0 0 0 
3 69 0 0 0 1 0 1 0 0 0 0 0 0 0 0 0 0 0 0 
14 14 0 0 1 1 1 0 0 0 0 0 0 0 0 0 0 0 0 0 
6 4 1 0 0 0 0 0 0 0 0 0 0 0 0 0 0 0 0 0 
6 13 1 0 0 1 0 0 0 0 0 0 0 0 0 0 0 1 0 0 
6 1 0 1 0 1 0 0 0 0 0 0 0 0 0 0 0 0 0 1 
4 1 0 0 0 0 1 0 0 0 0 0 0 0 0 0 0 0 0 0 
4 3 0 0 1 1 1 0 0 0 0 0 0 0 0 0 0 0 0 0 
10 5 0 1 1 0 0 0 0 0 0 0 0 0 0 0 0 0 0 0 
13 1 0 1 1 0 0 0 0 0 0 0 0 0 0 0 0 0 0 0 
1 29 1 0 0 1 0 0 0 0 0 0 0 0 0 0 0 1 0 0 
1 83 1 0 0 1 0 0 0 0 0 0 0 0 0 0 0 0 0 0 
11 1 0 0 1 0 1 0 0 0 1 0 0 0 0 0 0 0 0 0 
10 1 0 1 0 0 0 0 0 0 0 0 0 0 0 0 0 0 0 0 
10 3 0 0 0 1 1 0 0 0 0 0 0 0 0 0 0 1 0 0 
10 10 0 0 1 1 1 0 0 0 0 0 0 0 0 0 0 1 0 0 
10 4 0 1 1 1 0 0 0 0 0 0 0 0 0 0 0 0 0 0 
0 9 0 0 0 1 1 0 0 0 0 0 0 0 0 0 0 1 0 0 
14 2 1 0 1 0 0 0 0 0 0 0 0 0 0 0 0 0 0 0 
1 3 0 0 1 1 1 0 0 0 0 0 0 0 0 0 0 0 0 0 
1 16 0 0 0 1 1 0 0 0 0 0 0 0 0 0 0 0 0 0 
1 27 1 0 0 0 0 0 0 0 0 0 0 0 0 0 0 0 0 0 
2 1 1 0 1 1 0 0 0 1 0 1 0 0 1 1 0 1 0 1 
2 4 0 1 0 0 0 0 0 0 0 0 0 0 0 0 0 0 0 0 
2 6 1 0 0 1 0 0 0 0 0 0 0 0 0 0 0 0 0 0 
2 4 0 0 0 1 1 0 0 0 0 0 0 0 0 0 0 1 0 0 
14 3 1 0 1 1 0 0 0 0 0 0 0 0 0 0 0 0 0 0 
2 17 0 1 0 1 0 0 0 0 0 0 0 0 0 0 0 0 0 0 
7 46 1 0 0 0 0 0 0 0 0 0 0 0 0 0 0 0 0 0 
7 25 1 0 0 1 0 0 0 0 0 0 0 0 0 0 0 1 0 0 
7 57 1 0 0 1 0 0 0 0 0 0 0 0 0 0 0 0 0 0 
8 8 0 0 1 0 1 0 0 0 0 0 0 0 0 0 0 0 0 0 
8 2 0 1 0 1 0 0 0 0 0 0 0 0 0 0 0 1 0 1 
8 5 0 0 0 1 1 0 0 0 0 0 0 0 0 0 0 0 0 0 
8 1 1 0 0 0 0 0 0 0 0 0 0 0 0 0 0 0 0 0 
8 2 0 0 1 1 1 0 0 0 0 0 0 0 0 0 0 0 0 0 
8 12 1 0 0 1 0 0 0 0 0 0 0 0 0 0 0 1 0 0 
8 3 1 0 0 1 0 0 0 1 0 0 0 0 0 0 0 0 0 0 
13 7 0 1 0 1 0 0 0 0 0 0 0 0 0 0 0 0 0 0 
13 1 0 0 1 0 1 0 0 0 1 0 0 0 0 0 0 0 0 1 
7 3 0 0 0 0 1 0 0 0 1 0 0 0 0 0 0 0 0 0 
13 1 0 1 0 1 0 0 0 0 0 0 0 0 0 0 0 1 0 0 
10 1 0 0 1 0 1 0 0 1 0 1 0 0 0 0 0 0 0 1 
10 1 0 0 0 1 1 0 0 1 0 0 1 0 0 0 0 0 0 0 
10 7 0 0 0 1 0 1 0 0 0 0 0 0 0 0 0 0 0 0 
8 2 0 0 1 1 1 0 0 0 0 0 0 0 0 0 0 1 0 0 
8 5 1 0 0 1 0 0 0 0 0 0 0 0 0 0 0 0 0 0 
8 1 0 0 0 1 1 0 0 1 0 0 0 0 0 0 0 1 0 0 
2 4 0 0 1 1 1 0 0 0 0 0 0 0 0 0 0 1 0 0 
2 1 1 0 0 0 0 0 0 0 1 0 0 0 0 0 0 0 0 0 
2 9 0 0 0 1 1 0 0 0 0 0 0 0 0 0 0 0 0 0 
2 2 0 0 1 1 1 0 0 0 0 0 0 0 0 0 0 1 0 1 
2 1 0 1 0 0 0 0 0 1 0 0 0 0 0 0 0 0 1 0 
11 1 0 0 1 1 1 0 0 0 0 1 0 0 0 0 0 0 0 0 
10 2 0 1 0 1 0 0 0 0 0 0 0 0 0 0 0 1 0 0 
14 3 1 0 1 1 0 0 1 0 0 1 0 0 0 0 0 1 0 0 
13 1 0 0 1 1 1 0 0 0 0 0 0 0 0 0 0 1 0 0 
14 7 0 0 1 0 1 0 0 0 1 0 0 0 0 0 0 0 0 0 
14 2 1 0 0 1 0 0 0 0 0 0 0 0 0 0 0 0 0 0 
14 2 0 1 0 1 0 0 0 0 0 0 0 0 0 0 0 1 0 0 
14 2 0 0 0 1 0 1 0 0 0 0 0 0 0 0 0 0 0 0 
10 5 1 0 1 1 0 0 1 0 0 1 0 0 0 0 0 1 0 0 
10 2 1 0 1 0 0 0 0 0 0 0 0 0 0 0 0 0 0 0 
10 2 0 1 0 1 0 0 0 0 0 0 0 0 0 0 0 0 0 0 
10 1 0 0 1 1 1 0 0 1 0 0 0 0 0 0 0 1 0 1 
7 12 0 0 0 1 1 0 0 0 0 0 0 0 0 0 0 0 0 0 
7 1 0 0 1 1 1 0 0 1 0 0 0 0 0 0 0 0 0 0 
5 3 0 0 1 1 1 0 0 0 0 0 0 0 0 0 0 1 0 0 
14 3 0 1 1 1 0 0 0 0 0 0 0 0 0 0 0 0 0 0 
7 1 0 0 0 0 1 0 0 0 0 0 0 0 1 1 0 0 0 0 
10 1 0 0 0 1 1 0 0 1 1 0 0 0 0 0 0 0 0 0 
10 1 0 0 1 1 1 0 0 0 0 0 0 0 0 0 0 0 0 1 
4 1 1 0 1 1 0 0 0 0 0 0 0 0 0 0 0 0 0 0 
4 1 0 1 0 1 0 0 0 0 0 0 0 0 0 0 0 1 0 0 
7 3 0 0 1 0 1 0 0 0 0 0 0 0 0 0 0 0 0 0 
7 3 0 0 0 0 1 0 0 0 0 0 0 0 0 0 0 0 0 0 
5 1 0 0 1 1 1 0 0 0 0 0 0 0 0 0 0 0 0 1 
5 2 0 0 0 1 0 1 0 0 0 0 0 0 0 0 0 0 0 0 
7 1 0 1 0 0 0 0 0 0 0 0 0 0 0 0 0 0 1 0 
7 1 0 0 1 0 1 0 0 0 1 0 0 0 0 0 0 0 0 0 
7 1 0 0 0 1 1 0 0 1 0 0 0 0 0 0 0 1 0 0 
7 3 0 0 1 1 1 0 0 0 0 0 0 0 0 0 0 0 0 0 
2 2 0 0 1 1 1 0 0 0 0 1 0 0 0 0 0 1 0 1 
2 5 1 0 0 1 0 0 0 0 0 0 0 0 0 0 0 1 0 0 
2 9 0 0 1 1 1 0 0 0 0 0 0 0 0 0 0 0 0 0 
2 2 0 1 0 0 0 0 0 1 0 0 0 0 0 0 0 0 0 0 
2 5 1 0 0 1 0 0 0 0 0 0 0 0 0 0 0 1 0 1 
2 1 0 1 0 1 0 0 0 0 0 0 0 0 1 1 0 1 0 0 
10 3 0 0 1 1 1 0 0 0 0 0 0 0 0 0 0 1 0 1 
7 1 1 0 1 1 0 0 0 0 0 0 0 0 0 0 0 0 0 0 
11 1 0 0 0 1 1 0 0 0 0 0 0 0 0 1 0 0 0 0 
11 1 0 1 0 1 0 0 0 0 1 0 0 0 0 0 0 0 0 0 
11 1 0 0 1 1 1 0 0 0 0 1 0 0 0 0 0 1 0 1 
8 6 0 1 0 1 0 0 0 0 0 0 0 0 0 0 0 0 0 0 
14 8 0 0 1 0 1 0 0 0 0 0 0 0 0 0 0 0 0 0 
7 2 0 0 0 1 0 1 0 0 0 0 0 0 0 0 0 0 0 0 
7 3 0 0 1 1 1 0 0 0 0 0 0 0 0 0 0 1 0 0 
2 4 0 0 1 0 1 0 0 0 0 0 0 0 0 0 0 0 0 0 
2 1 0 1 0 1 0 0 0 0 1 0 0 0 0 0 0 0 0 1 
9 2 0 0 0 0 1 0 0 1 0 0 0 0 0 0 0 0 0 0 
9 1 0 1 0 1 0 0 0 0 0 0 0 0 0 0 0 0 0 0 
9 3 1 0 1 1 0 0 1 0 0 1 0 0 0 0 0 1 0 0 
9 6 0 0 0 1 1 0 0 0 0 0 0 0 0 0 0 0 0 0 
9 7 0 0 1 1 1 0 0 0 0 0 0 0 0 0 0 0 0 0 
9 12 1 0 0 0 0 0 0 0 0 0 0 0 0 0 0 0 0 0 
13 1 0 0 0 1 1 0 0 0 0 0 0 0 0 0 0 1 0 0 
2 1 0 1 1 1 0 0 0 0 0 0 0 0 0 0 0 0 0 0 
2 1 1 0 0 1 0 0 0 0 0 1 0 0 1 1 0 1 0 1 
8 1 0 0 0 0 1 0 0 0 0 0 0 0 1 1 0 0 0 1 
6 3 1 0 0 1 0 0 0 1 0 0 0 0 0 0 0 0 0 0 
2 1 0 1 0 1 0 0 0 1 0 0 0 0 0 0 0 0 0 0 
8 1 0 0 0 1 1 0 0 0 0 0 0 0 0 0 0 1 0 0 
8 2 1 0 0 1 0 0 0 0 0 0 0 0 0 0 0 1 0 1 
8 1 0 0 0 0 1 0 0 0 0 0 1 0 0 0 0 0 0 0 
8 1 1 0 0 1 0 0 0 0 1 0 0 0 0 0 0 0 0 0 
2 1 0 0 0 1 1 0 0 0 0 0 0 0 1 1 0 1 0 0 
2 4 0 1 1 0 0 0 0 0 0 0 0 0 0 0 0 0 0 1 
11 1 0 0 0 0 1 0 0 0 0 0 1 0 0 0 0 0 0 0 
14 2 0 1 1 0 0 0 0 0 0 0 0 0 0 0 0 0 0 0 
14 2 1 0 0 1 0 0 0 0 0 0 0 0 0 0 0 1 0 0 
14 1 0 1 0 1 0 0 0 0 0 0 0 0 0 0 0 0 0 0 
14 1 1 0 0 0 0 0 0 0 0 0 0 0 0 0 0 0 0 0 
8 2 0 0 0 1 1 0 0 0 0 0 1 0 0 0 0 1 0 0 
1 2 0 1 0 0 0 0 0 0 0 0 0 0 0 0 0 0 0 0 
11 1 0 0 1 1 1 0 0 0 0 0 0 0 0 0 0 1 0 0 
13 3 0 0 1 1 1 0 0 0 0 0 0 0 0 0 0 0 0 0 
13 4 1 0 0 1 0 0 0 0 0 0 0 0 0 0 0 1 0 0 
13 3 0 0 1 0 1 0 0 0 0 0 0 0 0 0 0 0 0 0 
7 2 1 0 0 1 0 0 0 0 0 0 0 0 0 0 0 1 0 1 
7 2 0 1 0 1 0 0 0 0 0 0 0 0 0 0 0 0 0 0 
7 1 0 0 0 1 1 0 0 0 0 0 0 1 0 0 0 0 0 0 
10 1 1 0 0 1 0 0 0 0 1 0 0 0 0 0 0 0 0 0 
10 1 0 0 0 0 1 0 0 0 0 0 0 0 1 1 0 0 0 0 
10 1 1 0 0 1 0 0 0 0 0 0 0 0 0 0 0 0 0 1 
10 1 1 0 1 1 0 0 0 0 0 1 0 0 0 0 0 0 0 0 
13 1 0 1 0 1 0 0 0 1 0 0 0 0 0 0 0 1 0 0 
10 1 1 0 0 1 0 0 0 0 0 0 0 0 0 0 0 1 0 1 
14 1 0 0 1 1 1 0 0 0 0 0 0 0 0 0 0 1 0 1 
2 1 0 1 1 1 0 0 0 0 0 0 0 0 0 0 0 0 0 1 
2 2 0 1 0 1 0 0 0 0 0 0 0 0 0 0 0 1 0 0 
2 2 1 0 1 0 0 0 0 0 0 0 0 0 0 0 0 0 0 0 
2 5 0 0 0 1 0 1 0 0 0 0 0 0 0 0 0 0 0 0 
2 1 0 0 0 1 1 0 0 0 0 1 0 1 0 0 0 0 0 0 
2 1 0 1 0 1 0 0 0 1 0 0 0 0 0 0 0 1 0 0 
2 1 0 1 0 1 0 0 0 1 0 0 0 0 1 1 0 0 0 0 
14 2 0 0 1 1 1 0 0 0 0 0 0 0 0 0 0 1 0 0 
10 1 0 1 1 1 0 0 0 0 0 0 0 0 0 0 0 1 0 1 
10 1 0 0 1 1 1 0 0 0 1 0 0 0 0 0 0 0 0 0 
2 1 0 0 0 1 1 0 0 0 0 0 0 0 0 0 0 0 0 1 
2 1 1 0 1 1 0 0 0 0 0 0 0 0 0 0 0 1 0 0 
6 4 1 0 0 1 0 0 0 0 0 0 0 0 0 0 0 0 0 0 
14 1 1 0 0 1 0 0 0 0 0 0 0 0 0 0 0 1 0 1 
4 1 0 0 1 1 1 0 0 0 0 0 0 0 0 0 0 1 0 0 
4 1 0 0 0 1 1 0 0 0 0 0 1 0 0 0 0 0 0 0 
7 4 0 0 1 1 1 0 0 0 0 0 0 0 0 0 0 1 0 1 
9 1 0 0 1 1 1 0 0 0 0 1 0 1 1 1 0 1 0 0 
13 1 0 0 1 0 1 0 0 0 0 0 0 0 0 0 0 0 0 1 
1 3 0 1 0 1 0 0 0 0 0 0 0 0 0 0 0 0 0 0 
10 1 0 0 1 0 1 0 0 1 0 1 0 0 0 0 0 0 0 0 
13 1 0 0 0 1 1 0 0 0 0 0 0 0 0 0 0 0 0 1 
2 1 0 1 1 0 0 0 0 0 0 0 0 0 0 0 0 0 0 0 
1 2 0 0 0 1 1 0 0 0 0 0 0 0 0 0 0 1 0 0 
1 1 1 0 1 1 0 0 0 0 0 0 0 0 0 0 0 0 0 0 
2 1 1 0 0 1 0 0 0 1 0 0 0 0 1 1 0 1 0 0 
2 2 1 0 0 1 0 0 0 0 0 0 0 0 0 0 0 0 0 1 
2 1 1 0 1 0 0 0 0 0 1 1 0 0 0 0 0 0 0 0 
2 1 0 0 0 0 1 0 0 0 0 0 1 1 0 0 0 0 0 0 
8 1 0 0 1 1 1 0 0 1 0 1 0 1 0 0 0 1 0 1 
7 2 0 0 0 1 1 0 0 0 0 0 0 0 0 0 0 1 0 0 
4 1 0 0 0 1 1 0 0 0 0 0 0 0 0 0 0 0 0 0 
7 1 0 0 1 0 1 0 0 0 0 0 0 0 0 0 0 0 0 1 
10 1 0 0 0 0 1 0 0 0 1 0 0 0 0 0 0 0 0 0 
9 5 0 0 1 0 1 0 0 0 0 0 0 0 0 0 0 0 0 0 
9 1 1 0 0 0 0 0 0 1 0 0 0 0 0 0 0 0 0 0 
9 2 0 1 0 1 0 0 0 0 0 0 0 0 0 0 0 1 0 1 
8 1 0 1 1 0 0 0 0 0 0 0 0 0 0 0 0 0 0 0 
8 1 1 0 0 0 0 0 0 1 0 0 0 0 1 1 0 0 1 0 
3 1 1 0 1 0 0 0 0 0 1 1 0 0 0 0 0 0 0 0 
6 1 1 0 0 1 0 0 0 0 0 0 0 0 1 1 0 1 0 0 
2 1 1 0 1 1 0 0 0 0 0 1 0 0 0 0 0 0 0 1 
10 1 0 0 0 0 1 0 0 0 0 0 1 0 0 0 0 0 0 0 
5 1 0 0 0 1 1 0 0 1 1 0 0 0 1 1 0 0 0 1 
10 1 0 0 0 0 1 0 0 0 0 0 0 0 0 1 0 0 0 0 
10 1 0 0 0 0 1 0 0 1 0 1 0 0 0 0 0 0 0 0 
13 1 0 0 0 0 1 0 0 0 0 0 0 0 0 0 0 0 0 0 
13 1 1 0 0 0 0 0 0 0 0 0 0 0 0 0 0 0 0 0 
2 1 0 1 0 0 0 0 0 0 0 0 0 0 1 1 0 0 1 0 
2 3 1 0 1 1 0 0 0 0 0 0 0 0 0 0 0 0 0 0 
3 1 0 1 0 1 0 0 0 0 0 0 0 0 0 0 0 0 0 0 
3 1 0 0 0 1 1 0 0 0 1 0 0 0 0 0 0 0 0 0 
5 1 0 0 1 0 1 0 0 1 0 1 0 0 0 0 0 0 0 1 
5 3 0 0 1 1 1 0 0 0 0 0 0 0 0 0 0 0 0 0 
5 1 0 1 0 1 0 0 0 0 0 0 0 0 0 0 0 1 0 1 
14 1 0 0 1 1 1 0 0 0 0 1 1 0 1 1 0 1 0 0 
7 1 0 1 0 0 0 0 0 0 0 0 0 0 0 0 0 0 0 0 
10 1 0 0 0 1 1 0 0 0 0 0 1 0 0 0 0 1 0 0 
2 1 1 0 1 0 0 0 0 0 0 1 0 0 0 0 0 0 0 1 
2 1 0 0 0 0 1 0 0 0 1 0 0 0 0 0 0 0 0 0 
2 1 1 0 1 1 0 0 0 0 0 1 0 0 1 1 0 1 0 1 
2 1 1 0 0 0 0 0 0 1 1 0 0 0 0 0 0 0 0 0 
2 1 0 1 1 1 0 0 0 0 0 1 0 0 0 0 0 0 0 1 
1 2 1 0 0 1 0 0 0 1 0 0 0 0 0 0 0 1 0 0 
8 1 0 0 1 1 1 0 0 1 0 1 0 1 1 1 0 0 0 1 
10 1 1 0 0 0 0 0 0 0 1 0 0 0 0 0 0 0 0 1 
12 1 0 1 0 1 0 0 0 0 0 0 0 0 0 0 0 0 0 0 
12 4 1 0 1 1 0 0 0 0 0 0 0 0 0 0 0 0 0 0 
1 2 0 0 0 1 0 1 0 0 0 0 0 0 0 0 0 0 0 0 
1 1 0 0 1 0 1 0 0 0 0 0 0 0 0 0 0 0 0 0 
11 2 0 0 1 1 1 0 0 0 0 0 0 0 0 0 0 0 0 0 
1 1 1 0 0 0 0 0 0 0 1 0 0 0 0 0 0 0 0 0 
1 4 0 0 0 0 1 0 0 0 0 0 0 0 0 0 0 0 0 0 
2 1 0 0 0 1 1 0 0 0 0 0 0 0 0 0 0 1 0 1 
2 1 1 0 0 1 0 0 0 1 0 0 0 0 0 0 0 0 0 0 
2 1 0 0 1 0 1 0 0 0 1 0 0 0 0 0 0 0 0 0 
2 1 0 1 0 0 0 0 0 0 0 0 0 0 0 0 0 0 0 1 
9 1 0 1 1 1 0 0 0 0 0 0 0 0 0 0 0 0 0 1 
9 1 1 0 0 0 0 0 0 0 1 0 0 0 0 0 0 0 0 0 
3 1 0 0 0 1 1 0 0 1 0 0 0 0 0 0 0 1 0 0 
9 1 0 0 1 1 1 0 0 0 0 0 0 0 0 0 0 1 0 1 
14 1 1 0 1 0 0 0 0 0 1 1 0 0 0 0 0 0 0 0 
6 3 1 0 0 1 0 0 0 0 0 0 0 0 0 0 0 1 0 1 
2 1 0 0 0 0 1 0 0 0 0 0 0 0 0 0 0 0 0 0 
11 1 0 0 0 0 1 0 0 0 0 0 0 0 0 0 0 0 0 0 
11 1 1 0 0 0 0 0 0 0 1 0 0 0 1 1 0 0 0 0 
11 2 0 0 0 1 1 0 0 0 0 0 0 0 0 0 0 1 0 0 
10 1 0 0 1 0 1 0 0 0 1 0 0 1 0 0 0 0 0 1 
9 1 1 0 0 1 0 0 0 0 0 0 0 0 0 0 0 1 0 0 
9 1 0 0 0 1 1 0 0 0 0 0 0 0 0 0 0 1 0 0 
9 1 1 0 0 1 0 0 0 1 0 0 0 0 0 0 0 0 0 0 
10 2 1 0 1 1 0 0 0 0 0 0 0 0 0 0 0 0 0 0 
13 1 1 0 0 0 0 0 0 0 0 0 0 0 0 0 0 0 1 0 
13 1 0 0 0 1 0 1 0 0 0 0 0 0 0 0 0 0 0 0 
2 1 1 0 0 0 0 0 0 0 0 0 0 0 0 0 0 0 0 1 
2 1 1 0 0 1 0 0 0 1 0 0 0 0 0 0 0 1 0 0 
2 1 0 1 0 1 0 0 0 1 0 1 0 0 1 1 0 1 0 0 
9 1 1 0 1 1 0 0 0 0 0 0 0 0 0 0 0 1 0 0 
9 1 0 0 0 0 1 0 0 0 0 0 0 0 0 0 0 0 0 0 
10 1 0 0 0 1 1 0 0 0 1 0 0 0 0 0 0 0 0 0 
9 1 1 0 1 0 0 0 0 0 0 0 0 0 0 0 0 0 0 0 
9 1 0 0 0 0 1 0 0 0 0 0 0 0 0 1 0 0 0 0 
1 1 0 1 1 1 0 0 0 0 0 0 0 0 0 0 0 0 0 0 
1 1 0 0 0 0 1 0 0 0 0 0 0 0 0 1 0 0 0 0 
11 2 0 0 1 0 1 0 0 0 0 0 0 0 0 0 0 0 0 0 
7 3 1 0 1 1 0 0 1 0 0 1 0 0 0 0 0 1 0 0 
9 1 0 0 1 1 1 0 0 0 1 0 0 0 0 0 0 0 0 1 
10 1 1 0 0 0 0 0 0 1 1 0 0 0 1 1 0 0 0 0 
11 2 1 0 0 1 0 0 0 0 0 0 0 0 0 0 0 1 0 0 
11 1 0 0 0 1 1 0 0 0 0 0 0 0 0 0 0 0 0 0 
11 1 1 0 1 0 0 0 0 0 1 1 0 0 0 0 0 0 0 0 
11 1 0 0 0 1 1 0 0 0 0 0 0 1 0 0 0 0 0 0 
11 1 1 0 0 0 0 0 0 0 0 0 0 0 0 0 0 0 0 0 
5 1 0 0 0 0 1 0 0 0 0 0 0 0 0 0 0 0 0 0 
12 1 0 1 0 0 0 0 0 0 0 0 0 0 0 0 0 0 0 0 
12 1 1 0 0 0 0 0 0 0 0 0 0 0 0 0 0 0 0 0 
5 1 0 0 0 0 1 0 0 1 1 0 0 0 0 0 0 0 0 0 
10 1 0 0 1 1 1 0 0 0 0 1 0 0 0 0 0 0 0 0 
7 1 1 0 0 1 0 0 0 1 0 0 0 0 0 0 0 1 0 0 
7 1 0 0 1 1 1 0 0 0 0 0 0 1 0 0 0 1 0 1 
10 1 1 0 0 0 0 0 0 1 0 0 0 0 0 0 0 0 0 0 
7 1 0 1 1 0 0 0 0 0 0 1 0 0 0 0 0 0 0 1 
7 1 0 0 0 1 1 0 0 0 0 0 0 0 1 1 0 1 0 0 
0
1
2
3
4
5
6
7
3
8
9
10
11
11
12
13
13
11
14
15
16
15
17
18
18
19
20
21
15
22
20
23
15
18
24
25
26
27
28
23
20
15
15
21
20
29
16
30
15
15
19
15
31
15
20
22
32
33
34
24
35
34
20
15
23
36
15
15
23
18
37
15
24
38
15
15
18
39
15
19
15
23
18
34
40
41
24
34
34
42
34
43
44
45
46
47
48
49
50
24
51
52
53
54
55
56
57
58
59
60
61
62
34
34
24
25
33
43
44
20
17
15
19
20
15
23
15
63
53
52
16
30
34
33
44
22
64
15
65
15
20
66
15
67
18
68
69
70
15
15
71
72
73
47
74
75
34
34
76
24
15
18
23
20
19
15
23
77
18
15
78
8
24
15
18
18
79
61
34
34
80
34
43
33
44
25
81
82
83
25
51
53
21
15
37
15
23
20
19
18
84
24
40
15
40
85
19
15
20
23
86
18
18
23
15
24
15
15
21
20
19
15
87
15
51
88
52
89
16
34
90
44
34
43
34
43
91
52
51
92
84
15
67
15
17
15
40
18
23
20
15
93
20
94
18
20
16
95
96
53
53
97
52
98
51
52
99
100
53
53
90
51
101
51
102
53
51
103
51
104
24
44
34
105
50
14
106
107
106
108
14
109
107
24
18
15
19
20
21
15
18
110
18
23
20
18
24
20
23
15
18
17
20
86
15
111
15
51
40
49
8
24
52
112
51
113
114
115
15
15
20
17
116
59
56
24
7
3
117
33
34
43
33
91
88
51
52
53
118
119
51
51
51
71
50
73
47
120
121
15
18
67
38
15
15
122
123
124
125
44
33
126
127
128
24
23
18
15
15
105
50
14
106
73
129
130
24
15
21
15
19
15
15
31
15
56
59
58
59
116
131
78
24
132
61
25
27
26
27
46
107
27
26
27
133
107
51
52
51
25
24
134
51
135
136
59
54
137
59
116
69
54
135
24
51
51
91
8
20
19
15
21
18
67
15
23
15
15
138
139
53
53
51
140
141
52
83
81
25
142
143
144
25
33
43
34
117
34
44
24
59
54
69
59
54
60
145
15
23
20
15
17
20
24
3
13
34
33
146
34
147
15
18
61
148
149
24
53
150
151
51
152
52
97
53
53
153
15
38
67
18
154
23
20
155
156
157
158
22
15
15
21
15
24
20
17
15
19
159
18
23
77
15
18
160
24
34
34
25
52
63
53
161
27
27
73
162
163
164
165
14
166
120
34
34
109
167
117
53
51
24
168
18
19
15
15
169
19
15
18
31
20
16
18
23
15
19
20
170
18
15
171
172
50
14
24
173
27
25
146
34
34
174
80
82
34
34
175
16
176
51
177
53
53
178
51
152
53
51
177
53
24
20
21
15
20
61
179
15
15
15
38
24
44
33
34
43
34
80
34
180
44
25
33
44
24
17
20
15
181
15
19
15
38
15
182
44
150
24
15
20
17
15
19
15
20
21
15
108
109
24
15
31
15
15
19
20
39
18
52
88
53
117
24
34
33
180
34
80
34
33
43
34
183
109
14
164
71
44
34
184
185
43
33
44
107
186
50
187
164
188
106
189
14
139
20
15
19
15
39
18
20
16
30
52
51
51
190
116
59
15
18
90
24
53
53
191
51
104
53
53
192
53
193
52
53
16
38
18
15
15
31
194
15
20
23
15
24
127
126
34
33
195
196
197
124
24
34
33
141
43
44
34
33
198
56
199
145
200
24
15
15
38
15
19
18
23
20
19
15
27
195
24
201
132
139
22
27
132
27
50
107
26
27
50
202
48
14
16
20
23
18
203
15
18
23
20
204
15
23
15
205
15
15
23
20
24
15
18
111
15
206
15
20
23
15
191
53
51
24
52
25
53
63
53
78
61
207
208
150
149
24
209
187
210
14
50
73
20
23
18
20
211
13
24
212
34
213
50
33
44
34
214
215
34
34
44
24
168
34
43
34
44
216
53
217
51
53
177
51
24
15
23
18
15
116
68
69
60
59
54
24
15
15
23
18
218
15
17
15
50
27
219
48
164
46
107
106
14
220
221
50
34
33
107
14
50
210
164
47
222
223
14
48
34
44
50
74
34
34
224
54
24
59
69
225
59
116
18
15
23
20
24
15
20
17
226
15
19
18
23
18
20
227
228
229
44
34
43
44
230
34
33
43
34
231
232
34
229
42
44
34
34
126
197
127
125
124
34
233
33
24
49
34
233
34
234
163
73
50
235
236
24
53
52
237
15
38
15
19
18
84
67
15
122
127
238
239
127
125
126
33
44
34
240
24
126
127
125
127
127
241
127
125
127
195
15
20
50
242
24
243
173
120
162
14
244
85
15
245
246
247
41
8
24
15
20
17
15
19
20
248
15
15
40
84
40
15
18
23
15
24
34
117
34
233
34
224
80
44
43
34
34
139
73
47
24
249
126
127
250
127
195
243
173
125
251
195
34
24
20
23
18
20
17
53
88
53
53
177
51
50
51
53
118
119
53
51
55
54
34
34
33
120
46
47
109
252
19
67
20
18
21
15
19
15
20
148
61
253
149
148
149
254
53
71
255
73
256
107
14
73
14
210
257
34
24
258
259
15
20
260
18
126
34
33
24
261
262
34
34
263
33
264
34
33
265
24
151
53
104
52
88
51
25
52
98
53
53
24
266
88
53
51
119
53
88
53
52
267
51
88
53
52
24
25
52
51
97
51
88
266
53
98
53
80
52
24
15
38
18
19
15
15
111
24
15
268
38
15
88
52
53
265
269
270
269
271
272
273
24
252
20
274
34
214
33
34
43
34
80
34
33
24
117
53
51
44
180
42
33
34
233
34
184
228
56
44
34
24
84
19
18
18
23
18
40
173
228
40
243
275
276
228
8
3
24
3
13
11
247
15
18
23
20
19
18
39
20
15
100
214
34
44
277
20
278
18
37
15
23
279
88
51
280
53
53
24
231
51
53
18
23
20
19
281
23
15
20
21
15
24
142
117
51
88
53
52
282
53
283
53
53
117
24
51
51
266
