1071 20 280 60 1 75
2 3 1
1 10 1
2 3 1
1 4 1
1 3 1
2 3 1
1 28 0
1 18 0
1 9 0
1 6 0
1 20 0
1 2 0
1 3 0
5 8 0
1 20 0
1 3 0
2 3 0
1 7 0
1 76 0
17 30 0
19 4 1 0 1 1 1 1 0 0 0 0 0 0 0 1 0 0 0 0 0 0 
19 2 1 0 0 0 0 0 0 0 0 0 0 0 0 1 0 0 0 0 0 0 
19 1 0 0 1 0 1 1 0 0 0 0 0 0 0 1 0 0 0 0 0 0 
19 2 1 0 1 0 0 0 0 0 0 0 0 0 1 0 0 0 0 1 0 0 
19 1 0 1 0 0 1 0 0 0 1 1 0 1 0 1 0 0 1 0 0 0 
19 1 1 0 1 1 0 1 0 0 0 0 0 0 0 0 0 1 1 0 0 0 
19 1 0 0 0 0 1 0 0 0 0 0 0 0 0 1 0 0 0 0 0 0 
19 3 1 0 1 0 0 1 0 0 0 0 0 1 0 1 0 0 1 0 0 0 
19 2 1 0 1 0 1 1 0 0 0 0 0 0 0 0 0 0 0 0 0 0 
19 3 0 0 0 0 0 0 0 0 0 0 0 0 1 1 0 0 0 0 0 0 
19 4 1 0 1 0 0 1 0 0 0 0 0 1 0 0 0 0 1 0 0 0 
19 4 0 0 0 0 0 0 0 0 0 0 0 0 0 1 0 0 0 0 0 0 
19 1 1 0 1 0 0 1 0 0 0 0 0 0 0 0 0 0 1 0 0 0 
19 2 1 0 1 1 0 1 0 1 1 0 0 1 0 1 0 1 1 1 0 0 
19 3 0 0 0 0 0 0 0 0 0 1 0 0 0 1 0 0 0 0 0 0 
19 2 0 0 1 0 0 1 0 0 0 0 0 0 0 1 0 0 1 0 0 0 
19 1 1 0 0 0 1 0 0 0 0 0 0 0 1 1 0 0 0 0 0 0 
19 1 1 0 1 1 0 1 0 0 0 0 0 0 0 0 0 0 1 0 0 0 
19 1 0 0 1 0 0 1 1 0 0 0 0 0 0 1 0 0 1 0 0 0 
19 1 1 0 0 0 1 0 0 0 0 0 0 0 0 0 0 0 0 0 0 0 
19 1 0 0 1 0 0 0 0 0 0 0 0 0 0 1 0 0 0 1 0 0 
19 1 1 1 1 1 1 1 0 0 1 0 0 1 0 1 0 0 1 0 0 0 
19 2 1 0 0 0 0 0 0 0 0 1 0 0 0 1 0 0 0 0 0 0 
19 3 0 0 0 0 1 0 0 0 0 0 0 0 0 0 0 0 0 0 0 0 
19 2 1 0 1 0 0 1 0 0 0 0 0 0 0 1 0 0 1 0 0 0 
19 2 1 0 1 1 0 1 0 0 0 0 0 0 0 1 0 0 1 0 0 0 
19 1 1 0 0 0 0 0 1 0 0 0 0 0 0 1 0 0 0 0 0 0 
19 1 0 0 0 0 0 1 0 0 0 0 0 0 0 1 0 0 1 0 0 0 
19 1 1 0 1 1 0 1 0 0 0 0 0 1 0 0 0 0 1 0 0 0 
19 1 1 1 1 0 1 1 0 0 1 0 0 1 0 1 0 0 1 0 0 0 
19 1 0 0 0 0 0 0 0 0 0 0 0 0 0 1 0 0 1 0 0 0 
19 1 0 0 0 0 0 1 0 0 0 0 0 1 0 1 0 0 1 0 0 0 
19 2 0 0 1 0 0 1 1 0 0 0 0 0 0 0 0 0 1 0 0 0 
19 1 1 1 0 0 1 1 0 0 1 0 0 1 0 0 0 0 1 0 1 0 
19 1 1 0 1 1 0 1 0 1 0 0 0 1 0 1 0 0 1 1 0 0 
19 2 0 0 0 0 0 0 1 0 0 0 0 0 0 1 0 0 0 0 0 0 
19 1 1 0 0 0 0 1 1 0 0 0 0 0 0 0 0 1 1 0 0 0 
19 1 0 0 1 0 0 1 1 0 0 0 0 0 0 0 0 0 1 1 0 1 
19 2 1 0 1 0 0 1 1 0 0 0 0 0 0 0 0 0 1 0 0 0 
19 3 0 0 0 0 0 0 0 0 0 1 0 0 0 0 0 0 0 0 0 1 
19 1 0 1 1 0 1 1 0 0 1 0 0 1 0 0 0 0 1 0 0 0 
19 1 1 0 1 1 0 1 0 0 0 0 0 0 0 0 0 1 1 0 0 1 
19 1 1 0 1 1 0 1 1 0 0 0 0 0 0 0 0 1 1 0 0 1 
19 1 1 0 1 0 0 1 1 0 0 0 0 0 0 0 0 0 1 0 0 1 
18 1 1 0 1 0 0 1 1 0 0 0 0 0 0 0 0 0 1 1 0 1 
18 1 0 0 0 0 0 0 0 0 0 0 0 1 0 0 0 0 0 0 0 1 
18 4 1 0 1 0 0 1 0 0 0 0 0 0 0 0 0 0 1 0 0 1 
18 38 1 0 1 0 1 1 0 0 0 0 0 0 0 0 0 0 0 0 0 1 
18 3 0 0 0 0 0 0 0 0 0 1 0 1 0 0 0 0 1 0 0 1 
18 82 1 0 1 1 0 1 0 0 0 0 0 0 0 0 0 0 1 0 0 1 
18 30 0 0 1 0 1 1 0 0 0 0 0 0 0 0 0 0 0 0 0 1 
12 23 1 0 0 0 0 0 0 0 0 0 0 0 0 1 0 0 0 0 0 0 
18 8 1 0 1 0 0 1 0 0 0 0 0 1 0 0 0 0 1 0 0 1 
12 1 1 0 0 0 0 0 0 0 0 0 0 1 1 1 0 0 1 0 0 0 
12 20 0 0 1 0 1 1 0 0 0 0 0 0 0 1 0 0 0 0 0 0 
12 50 0 0 0 0 0 0 0 0 0 1 0 0 0 1 0 0 0 0 0 0 
12 25 1 0 1 0 0 1 0 0 0 0 0 0 0 1 0 0 1 0 0 0 
12 108 0 0 0 0 0 0 0 0 0 0 0 0 0 1 0 0 0 0 0 0 
12 1 1 1 1 0 1 0 0 0 1 0 0 1 0 1 0 0 1 0 0 0 
18 1 1 0 1 1 0 1 0 1 0 0 0 1 0 0 0 1 1 0 0 1 
12 2 1 0 0 0 0 0 0 0 0 0 0 0 0 1 0 0 0 1 0 0 
14 8 0 0 1 0 0 1 1 0 0 0 0 0 0 1 0 0 1 0 0 0 
18 1 1 0 1 1 1 1 0 0 0 0 0 1 0 0 0 1 1 0 0 1 
12 8 1 0 0 0 0 0 0 0 0 1 0 0 0 1 0 0 0 0 0 0 
18 2 0 0 1 0 0 1 0 0 0 0 0 0 0 0 0 0 1 0 0 1 
12 116 1 0 1 0 1 1 0 0 0 0 0 0 0 1 0 0 0 0 0 0 
12 9 1 1 0 0 1 0 0 0 1 0 0 1 1 1 0 0 1 0 0 0 
18 1 1 0 1 0 0 1 0 0 0 0 0 0 0 0 0 1 1 0 0 1 
12 33 0 0 0 0 0 0 0 0 0 0 0 0 1 1 0 0 0 0 0 0 
18 1 1 0 0 0 0 0 0 0 0 1 0 1 0 0 0 0 1 0 0 1 
18 4 1 0 1 1 0 1 0 0 0 0 0 1 0 0 0 0 1 0 0 1 
14 1 1 0 0 0 0 0 0 0 0 0 0 0 0 1 0 0 0 0 0 0 
18 2 1 1 1 1 1 1 0 0 1 0 0 1 0 0 0 1 1 0 0 1 
3 1 1 0 0 0 0 0 0 0 0 0 0 1 0 0 0 0 1 0 1 0 
14 1 0 0 1 0 0 0 0 0 0 0 0 0 0 1 0 0 0 1 0 0 
18 14 1 1 1 1 1 1 0 0 1 0 0 1 0 0 0 0 1 0 0 1 
12 7 0 0 0 0 0 0 0 0 0 0 0 1 0 1 0 0 0 0 0 0 
18 2 1 1 1 0 1 1 0 0 1 0 0 1 0 0 0 1 1 0 0 1 
18 2 0 0 1 0 0 1 0 0 0 0 0 1 0 0 0 0 1 0 0 1 
12 2 0 0 0 0 0 0 0 0 0 1 0 0 0 1 0 0 1 0 0 0 
14 3 0 0 0 0 0 0 0 0 0 0 0 0 0 1 0 0 0 0 0 0 
12 5 1 0 0 0 0 0 0 0 0 0 0 0 1 1 0 0 0 0 0 0 
18 1 1 0 1 1 0 1 0 0 0 0 0 0 0 0 0 1 1 0 0 1 
18 7 1 0 1 0 1 1 0 0 0 0 0 0 0 0 0 0 1 0 0 1 
18 1 1 0 1 0 0 1 0 0 0 0 0 1 0 0 0 0 0 0 0 1 
12 4 0 0 0 0 0 0 0 0 0 1 0 0 1 1 0 0 0 0 0 0 
12 9 1 0 0 0 1 0 0 0 0 0 0 0 1 1 0 0 0 0 0 0 
13 1 1 0 0 0 0 0 0 0 0 0 0 0 0 1 0 0 0 0 0 0 
13 1 0 0 1 0 0 0 0 0 0 0 0 0 0 1 0 0 1 1 0 0 
7 1 0 0 0 0 0 0 0 0 0 1 0 0 0 0 0 0 0 0 1 0 
14 1 0 1 1 0 1 1 0 0 1 0 0 1 0 1 0 1 1 0 0 0 
12 2 0 0 0 0 0 0 0 0 0 0 0 1 1 1 0 0 0 0 0 0 
18 3 1 0 0 0 0 0 0 0 0 1 0 1 0 0 0 0 0 0 0 1 
18 6 0 0 1 0 0 0 0 0 0 0 0 0 0 0 0 0 0 1 0 1 
18 1 0 0 0 0 0 1 0 0 0 0 0 0 0 0 0 0 0 0 0 1 
18 1 1 0 0 0 0 0 0 0 0 0 0 1 0 0 0 0 1 0 0 1 
14 1 0 0 1 0 0 1 1 0 0 0 0 0 0 1 0 0 1 1 0 0 
16 1 1 0 1 0 0 1 0 1 0 0 0 1 0 1 0 1 1 0 0 0 
18 1 0 0 0 0 0 0 0 0 0 1 0 0 0 0 0 0 0 0 0 1 
12 1 0 1 1 0 1 1 0 0 1 0 0 1 0 1 0 0 1 0 0 0 
12 7 1 0 0 0 0 0 0 0 0 0 0 1 0 1 0 0 0 0 0 0 
18 1 0 1 0 0 1 1 0 0 1 0 0 1 0 0 0 0 1 0 0 1 
12 2 1 0 1 0 0 0 0 0 0 0 0 0 0 1 0 0 0 1 0 0 
18 2 1 0 1 1 0 1 0 0 0 0 0 1 0 0 0 1 1 0 0 1 
12 1 0 0 0 0 0 0 1 0 0 0 0 0 0 1 0 0 1 0 0 0 
18 1 1 0 0 0 0 1 0 0 0 0 0 0 0 0 0 0 1 0 0 1 
14 1 0 0 0 0 0 0 0 0 0 1 0 0 0 1 0 0 0 0 0 0 
14 1 1 0 1 0 0 1 0 0 0 0 0 1 0 1 0 0 1 0 0 0 
14 1 0 0 0 0 0 0 0 0 0 0 0 0 0 1 0 0 1 0 0 0 
14 1 1 0 0 0 0 0 0 1 0 1 0 1 0 1 0 0 1 0 0 0 
14 1 0 0 0 0 0 0 0 0 0 0 0 0 1 1 0 0 0 0 0 0 
12 1 0 1 0 0 1 1 0 0 1 0 0 1 0 1 0 1 1 0 0 0 
16 1 0 0 1 0 0 0 0 0 0 0 0 0 0 1 0 0 1 1 0 0 
14 2 1 0 0 0 0 0 0 0 0 1 0 0 0 1 0 0 0 0 0 0 
18 3 0 0 0 0 0 0 0 0 0 0 0 0 1 0 0 0 0 0 0 1 
18 1 0 0 1 0 0 1 1 0 0 0 0 0 0 0 0 0 1 1 0 1 
12 3 0 0 0 0 1 0 0 0 0 0 0 0 1 1 0 0 0 0 0 0 
12 2 1 0 0 0 0 0 0 0 0 0 0 1 1 1 0 0 0 0 0 0 
18 1 0 0 0 0 1 1 0 0 0 0 0 0 0 0 0 0 1 0 0 1 
12 2 0 0 0 0 0 0 0 0 0 0 0 0 0 1 0 0 0 1 0 0 
18 1 0 1 1 0 1 1 0 0 1 0 0 1 1 0 0 0 1 0 0 1 
12 2 0 0 0 0 0 0 1 0 0 0 0 0 1 1 0 0 0 0 0 0 
12 1 1 0 1 0 0 0 0 0 0 0 0 1 0 1 0 0 0 0 0 0 
6 1 1 0 0 0 0 0 0 0 0 1 0 0 0 0 0 0 1 0 1 0 
18 5 0 0 0 0 0 0 0 0 0 0 0 0 0 0 0 0 0 0 0 1 
12 4 1 0 0 0 0 0 0 0 0 1 0 1 0 1 0 0 0 0 0 0 
14 1 0 0 1 0 0 1 0 0 0 0 0 0 0 1 0 0 0 0 0 0 
12 7 0 0 1 0 0 0 0 0 0 0 0 0 0 1 0 0 0 1 0 0 
12 1 0 0 0 0 1 1 0 0 0 0 0 0 0 1 0 0 0 0 0 0 
12 4 0 0 0 0 0 1 0 0 0 0 0 0 0 1 0 0 0 0 0 0 
16 2 1 0 1 0 0 1 0 0 0 0 0 1 0 1 0 0 1 0 0 0 
12 3 1 1 0 0 1 0 0 0 1 1 0 1 0 1 0 0 1 0 0 0 
12 7 0 0 0 0 0 0 0 0 0 0 0 0 0 1 0 0 1 0 0 0 
18 1 0 0 0 0 0 1 1 0 0 0 0 0 0 0 0 1 1 0 0 1 
12 2 1 1 0 0 1 1 0 0 1 0 0 1 0 1 0 0 1 0 0 0 
12 1 0 0 1 0 0 0 0 0 0 0 0 1 0 1 0 0 0 1 0 0 
13 1 0 0 0 0 0 0 0 0 0 0 0 0 0 1 0 0 1 0 0 0 
13 1 1 0 0 0 0 0 0 0 0 1 0 0 0 1 0 0 0 0 0 0 
13 1 0 0 0 0 0 0 0 0 0 0 0 0 0 1 0 0 0 0 0 0 
5 1 0 0 0 0 0 0 0 0 0 1 0 0 0 0 0 0 0 0 1 0 
12 2 0 0 0 0 0 0 0 0 0 0 0 0 1 1 0 0 1 1 0 0 
18 1 1 0 1 0 0 0 0 0 0 0 0 0 0 0 0 0 0 0 0 1 
12 1 0 1 0 0 1 0 0 0 1 0 0 1 0 1 0 0 1 0 0 0 
15 1 0 0 0 0 0 0 0 0 0 0 0 0 0 1 0 0 0 0 0 0 
15 2 1 0 1 0 0 1 0 0 0 0 0 0 0 1 0 0 1 0 0 0 
15 1 0 1 1 1 1 1 0 0 1 0 0 1 0 1 0 0 1 0 0 0 
18 1 1 0 0 0 0 0 0 0 0 1 0 0 1 0 0 0 0 0 0 1 
15 6 1 0 1 0 0 1 0 0 0 0 0 1 0 1 0 0 1 0 0 0 
18 1 1 0 0 0 0 0 0 0 0 0 0 1 0 0 0 0 0 0 0 1 
18 1 1 0 1 1 0 1 1 0 0 0 0 0 0 0 0 1 1 0 0 1 
16 1 0 0 0 0 1 0 0 0 0 0 0 1 1 1 0 0 0 0 0 0 
15 4 0 0 1 0 0 1 0 0 0 0 0 0 0 1 0 0 1 0 0 0 
15 1 0 0 1 0 0 0 0 0 0 0 0 0 0 1 0 0 1 1 0 0 
15 1 0 0 0 0 0 1 0 0 0 0 0 0 0 1 0 1 1 0 0 0 
18 1 1 0 0 0 1 0 0 0 0 0 0 0 0 0 0 0 0 0 0 1 
18 1 0 0 1 0 0 0 0 0 0 0 0 1 0 0 0 0 1 0 0 1 
15 3 0 0 1 0 0 1 0 0 0 0 0 1 0 1 0 0 1 0 0 0 
14 1 1 1 0 0 1 0 0 0 1 1 0 1 0 1 0 0 1 0 0 0 
15 1 0 0 0 0 0 0 0 0 0 0 0 0 0 1 0 0 0 1 0 0 
15 1 1 0 1 0 0 1 0 0 0 0 0 1 1 1 0 1 1 0 0 0 
15 1 0 0 0 0 0 0 0 0 0 1 0 0 0 1 0 0 1 0 0 0 
18 1 0 0 1 1 0 1 0 0 0 0 0 1 0 0 0 0 1 0 0 1 
18 1 1 0 0 0 0 0 0 0 0 0 0 0 0 0 0 0 0 0 0 1 
15 1 0 1 1 0 1 1 0 0 1 0 0 1 0 1 0 0 1 0 0 0 
15 1 0 0 1 0 0 1 1 0 0 0 0 0 0 1 0 0 1 0 0 0 
15 1 0 0 0 0 0 0 0 0 0 1 0 0 0 1 0 0 0 0 0 0 
15 1 1 0 0 0 0 0 0 0 0 1 0 0 1 1 0 0 1 0 0 0 
12 1 0 0 0 0 1 0 0 0 0 0 0 0 0 1 0 0 0 0 0 0 
15 1 1 0 1 0 0 1 0 0 0 0 0 1 0 1 0 0 0 0 0 0 
4 1 0 1 0 0 1 0 0 0 1 1 0 1 0 0 0 0 1 0 1 0 
15 1 1 0 1 1 0 1 0 0 0 0 0 1 0 1 0 1 1 0 0 0 
15 1 0 0 0 0 0 1 0 0 0 0 0 0 0 1 0 0 1 0 0 0 
18 1 1 0 1 1 0 1 1 0 0 0 0 0 0 0 1 1 1 0 0 1 
12 3 1 0 1 0 0 0 0 0 0 0 0 0 1 1 0 0 0 1 0 0 
12 1 0 1 0 0 1 1 0 0 1 0 0 1 0 1 0 0 1 0 0 0 
10 1 0 0 0 0 0 0 0 0 0 1 0 0 1 0 0 0 0 0 0 0 
17 1 1 0 1 0 0 1 1 0 0 0 0 0 0 0 1 1 1 0 0 0 
12 2 1 0 1 0 0 0 0 1 0 0 0 1 0 1 0 0 1 1 0 0 
12 2 0 0 1 0 0 1 0 0 0 0 0 1 0 1 0 0 1 0 0 0 
0 4 1 1 1 1 1 1 0 0 1 0 0 1 0 0 0 0 1 0 1 0 
10 4 1 0 1 0 0 1 0 0 0 0 0 1 0 0 0 0 0 0 0 0 
16 1 0 1 1 1 1 1 0 0 1 0 0 1 0 1 0 0 1 1 0 0 
16 1 0 0 0 0 0 1 0 0 0 0 0 0 1 1 0 1 1 0 0 0 
10 1 0 0 1 0 1 1 1 0 0 0 0 0 0 0 1 1 1 0 0 0 
10 1 1 1 1 1 1 1 0 0 1 0 0 1 0 0 0 0 1 0 0 0 
12 2 1 0 1 1 0 1 0 0 0 0 0 0 0 1 0 0 1 0 0 0 
17 1 0 0 1 0 0 1 0 0 0 0 0 1 0 0 1 1 1 0 0 0 
14 1 1 1 1 1 1 1 0 0 1 0 0 1 0 1 0 0 1 0 0 0 
10 3 0 0 0 0 0 1 0 0 0 0 0 0 0 0 0 0 1 0 0 0 
12 1 0 0 0 0 0 1 1 0 0 0 0 0 1 1 0 1 1 0 0 0 
18 1 1 0 1 1 0 1 0 0 0 0 0 1 0 0 1 0 1 0 0 1 
12 2 0 0 0 0 0 0 0 0 0 0 0 0 1 1 0 0 1 0 0 0 
11 1 1 1 1 1 1 1 0 0 1 0 0 1 0 0 0 0 1 0 0 0 
9 1 1 0 1 1 0 1 0 0 0 0 0 0 0 0 0 0 1 0 1 0 
12 2 0 0 1 0 0 1 0 0 0 0 0 0 0 1 0 0 1 0 0 0 
18 1 1 0 1 1 0 1 1 0 0 0 0 0 0 0 1 0 1 0 0 1 
17 9 0 0 0 0 0 0 0 0 0 1 0 0 0 0 0 0 0 0 0 0 
17 17 1 0 1 1 0 1 0 1 1 0 0 1 0 0 0 1 1 1 0 0 
17 1 1 0 0 0 1 0 0 0 0 0 0 0 0 0 0 0 0 0 0 0 
17 8 0 0 0 0 0 0 0 0 0 0 0 0 0 0 0 0 0 0 0 0 
17 2 1 0 0 0 0 0 0 0 0 0 0 0 0 0 0 0 1 0 0 0 
17 8 1 0 1 0 0 1 0 0 0 0 0 1 0 0 0 0 1 0 0 0 
17 4 1 0 1 1 0 1 0 0 0 0 0 0 0 0 0 0 1 0 0 0 
17 7 1 0 1 0 0 0 0 0 0 0 0 0 0 0 0 0 0 1 0 0 
17 1 1 0 1 1 0 1 0 0 0 0 0 1 0 0 0 1 1 0 0 0 
17 1 0 0 0 0 0 0 0 0 0 0 0 0 1 0 0 0 0 0 0 0 
17 1 1 1 0 0 1 1 0 0 1 0 0 1 0 0 0 0 1 0 0 0 
17 4 0 0 0 0 0 0 1 0 0 1 0 0 0 0 0 0 0 0 0 0 
17 2 1 0 1 1 0 1 0 0 1 0 0 0 0 0 0 1 1 1 0 0 
17 2 1 0 1 0 0 0 0 1 0 0 0 1 0 0 0 0 1 1 0 0 
17 1 0 1 0 0 1 0 0 0 1 0 0 1 1 0 0 1 1 0 0 0 
17 2 1 0 0 0 0 0 0 0 0 1 0 0 0 0 0 0 0 0 0 0 
17 3 1 0 1 0 0 1 0 0 0 0 0 0 0 0 0 0 1 0 0 0 
12 2 0 0 0 0 1 1 0 0 0 0 0 0 0 1 0 0 1 0 0 0 
12 1 0 0 1 0 0 0 0 0 0 0 0 1 0 1 0 0 0 0 0 0 
17 2 0 0 0 0 0 1 1 0 0 0 0 0 0 0 0 0 0 0 0 0 
17 3 1 0 1 0 0 1 0 0 0 0 0 0 0 0 0 0 0 0 0 0 
17 1 0 0 1 1 0 1 0 0 0 0 0 0 0 0 0 0 1 0 0 0 
17 3 1 0 1 0 0 0 0 0 0 0 0 0 1 0 0 0 0 1 0 0 
17 3 1 0 0 0 0 0 0 0 0 0 0 0 0 0 0 0 0 0 0 0 
17 2 0 1 0 0 1 0 0 0 1 0 0 1 0 0 0 0 1 0 0 0 
17 1 1 0 1 0 0 1 0 0 0 0 0 1 1 0 0 1 1 0 0 0 
15 1 1 1 1 1 1 1 0 0 1 0 0 1 0 1 1 0 1 0 0 0 
16 1 0 0 1 0 1 1 0 0 0 0 0 0 0 1 0 0 1 0 0 0 
17 1 0 0 0 0 0 0 0 0 0 0 0 0 1 0 0 0 1 0 0 0 
17 1 0 0 0 0 0 0 0 0 0 1 0 1 0 0 0 0 0 0 0 0 
16 1 0 0 0 0 0 1 0 0 0 0 0 0 0 1 0 1 1 0 0 0 
17 1 1 0 0 0 0 0 0 0 0 0 0 1 1 0 0 0 1 0 0 0 
17 1 0 0 1 0 0 1 0 0 0 0 0 0 0 0 0 0 1 0 0 0 
17 1 1 1 1 1 1 1 0 0 1 0 0 1 0 0 0 1 1 0 0 0 
17 2 1 0 0 0 0 0 0 0 0 0 0 1 0 0 0 0 1 0 0 0 
17 2 1 0 0 0 0 0 0 0 0 0 0 1 0 0 0 0 0 0 0 0 
16 1 1 0 1 0 0 1 0 0 0 0 0 1 0 1 0 1 1 0 0 0 
17 3 1 0 1 1 0 1 0 0 0 0 0 1 0 0 0 0 1 0 0 0 
16 2 0 0 1 0 0 1 0 0 0 0 0 1 0 1 0 0 1 0 0 0 
16 1 1 0 0 0 1 0 0 0 0 0 0 1 0 1 0 0 0 0 0 0 
16 1 0 0 1 0 0 1 1 0 0 0 0 0 0 1 0 0 1 0 0 0 
17 2 1 0 0 0 0 0 0 0 0 1 0 1 0 0 0 0 1 0 0 0 
1 1 0 0 0 0 0 0 0 0 0 1 0 0 0 0 0 0 0 0 1 0 
12 1 1 0 0 0 0 0 0 0 0 1 0 0 1 1 0 0 0 0 0 0 
17 1 0 0 0 0 0 0 0 0 0 0 0 1 0 0 0 0 0 0 0 0 
17 1 1 1 1 0 1 0 0 0 1 1 0 1 0 0 0 0 1 0 0 0 
17 1 1 0 1 0 1 0 0 0 0 0 0 0 1 0 0 0 0 0 0 0 
17 1 0 1 0 0 1 0 0 0 1 1 0 1 0 0 0 0 1 0 0 0 
17 1 1 0 1 1 0 1 0 1 0 0 0 1 0 0 0 0 1 0 0 0 
17 1 1 1 1 1 1 1 0 0 1 0 0 1 0 0 0 0 1 0 0 0 
12 1 0 1 0 0 1 0 0 0 1 0 0 1 1 1 0 0 1 0 0 0 
18 1 1 1 1 1 1 1 0 0 1 0 0 1 0 0 1 0 1 0 0 1 
12 1 0 0 1 0 0 0 0 0 0 0 0 0 0 1 0 0 0 0 0 0 
10 2 1 0 0 0 0 1 0 0 0 0 0 0 0 0 0 0 1 0 0 0 
12 1 0 1 1 1 1 1 0 0 1 0 0 1 0 1 1 0 1 0 0 0 
12 1 1 0 1 0 0 1 0 0 0 0 0 1 0 1 0 1 1 0 0 0 
10 1 0 0 0 0 0 0 0 0 0 0 0 0 0 0 0 0 1 0 0 0 
14 1 1 0 1 1 0 1 0 1 0 0 0 1 0 1 0 1 1 0 0 0 
12 3 1 1 1 0 1 1 0 0 1 0 0 1 0 1 0 0 1 0 0 0 
12 2 0 0 1 0 0 1 1 0 0 0 0 0 0 1 0 0 1 0 0 0 
12 3 1 0 1 1 0 1 0 0 0 0 0 1 0 1 0 0 1 0 0 0 
10 2 1 0 1 0 1 1 0 0 0 0 0 0 0 0 0 0 1 0 0 0 
12 1 1 0 0 0 0 0 0 0 0 1 0 1 1 1 0 0 0 0 0 0 
10 1 0 0 1 0 0 1 0 0 0 0 0 1 0 0 0 0 1 0 0 0 
10 3 1 0 1 0 1 1 0 0 0 0 0 0 0 0 0 0 0 0 0 0 
12 3 1 0 1 0 0 1 0 0 0 0 0 1 0 1 0 0 1 0 0 0 
12 2 0 0 0 0 0 1 0 0 0 0 0 0 0 1 0 0 1 0 0 0 
10 1 1 0 1 1 0 1 0 0 0 0 0 0 0 0 0 0 1 0 0 0 
12 2 1 0 0 0 0 1 0 0 0 0 0 0 0 1 0 0 0 0 0 0 
10 1 0 0 1 0 1 1 0 0 0 0 0 0 0 0 0 0 0 0 0 0 
12 1 1 0 0 0 0 0 0 0 0 1 0 0 0 1 0 0 1 0 0 0 
10 1 0 0 0 0 0 0 0 0 0 0 0 1 1 0 0 0 1 0 0 0 
12 1 0 0 1 0 0 1 1 0 0 0 0 0 1 1 0 1 1 0 0 0 
2 1 0 0 0 0 1 0 0 0 0 1 0 0 0 0 0 0 0 0 0 0 
16 1 1 0 1 0 0 1 0 0 0 0 0 0 0 1 0 0 1 0 0 0 
16 1 1 1 1 1 1 1 0 0 1 0 0 1 0 1 0 0 1 0 0 0 
10 1 1 0 1 0 0 1 0 0 0 0 0 1 0 0 0 0 1 0 0 0 
10 1 1 0 1 1 0 1 0 0 0 0 0 1 0 0 0 0 1 0 0 0 
12 1 1 0 0 0 0 0 0 0 0 0 0 0 0 1 0 0 1 0 0 0 
10 1 0 0 1 0 0 1 1 0 0 0 0 0 0 0 0 0 1 0 0 0 
12 1 0 0 0 0 0 0 0 0 0 0 0 1 0 1 0 0 1 0 0 0 
12 1 0 0 1 0 0 1 0 0 0 0 0 0 1 1 0 0 1 0 0 0 
10 1 1 0 0 0 0 1 1 0 0 0 0 0 0 0 0 1 1 0 0 0 
8 1 0 1 1 1 1 1 0 0 1 0 0 1 0 0 0 0 1 0 1 0 
0
1
2
3
4
5
6
7
8
9
0
10
11
12
13
14
10
15
16
17
18
19
20
21
22
23
24
25
23
7
24
14
13
8
11
10
15
26
27
28
11
29
3
30
0
1
23
31
0
22
32
10
9
25
33
14
7
34
35
36
35
37
38
39
40
41
39
32
11
42
9
38
39
43
44
45
46
47
48
49
50
51
52
50
53
49
54
55
56
49
57
47
49
55
58
57
59
50
60
61
62
63
64
65
57
49
66
55
47
49
57
65
67
55
50
49
57
50
49
55
65
49
68
50
49
69
50
51
70
50
71
61
72
55
49
47
57
57
49
50
73
74
75
57
55
65
49
76
47
46
76
49
47
55
49
77
57
78
47
79
49
47
57
49
47
80
61
72
81
57
47
49
57
68
65
82
55
83
84
57
77
49
68
47
52
55
47
49
57
65
68
49
47
85
57
75
61
80
47
49
48
47
57
49
86
64
57
75
87
88
50
55
49
47
57
78
47
89
49
90
51
50
49
55
65
57
49
47
57
61
75
57
86
55
49
47
91
49
50
92
93
49
66
57
52
49
68
54
57
70
65
55
94
75
95
96
65
57
49
97
57
47
49
98
47
51
99
49
100
50
49
92
50
57
49
65
57
81
49
101
102
68
103
65
55
104
47
105
93
75
106
107
50
108
49
50
109
110
49
93
111
57
49
65
57
68
49
47
48
49
50
81
112
75
113
61
47
114
49
83
55
52
68
75
46
57
65
49
55
65
52
68
49
47
55
57
56
75
57
52
115
116
49
63
50
46
57
75
56
76
56
50
117
49
50
92
118
49
119
65
57
70
47
79
65
49
57
120
49
51
121
52
50
57
49
65
57
122
68
75
123
93
47
124
49
50
125
126
49
66
127
57
49
83
57
49
47
55
121
49
128
57
129
75
93
55
50
49
68
130
47
124
49
131
57
49
47
68
49
50
100
55
65
103
132
47
133
55
66
49
93
57
50
49
132
54
49
57
134
57
49
83
55
68
49
47
68
135
49
131
57
70
47
136
49
50
137
130
138
75
61
80
83
49
139
47
52
68
49
83
55
49
65
140
141
49
55
142
124
49
51
50
113
49
50
143
144
145
146
147
50
148
149
150
151
55
49
83
57
147
75
124
147
152
153
154
49
155
86
156
49
157
151
124
49
156
158
47
159
160
47
161
162
163
164
165
47
49
57
47
147
57
49
151
131
151
49
114
147
50
166
49
167
156
114
49
168
169
144
170
116
171
147
63
116
172
65
57
173
174
55
56
65
57
56
65
175
57
65
57
57
66
102
76
65
76
176
65
55
177
86
57
178
65
57
179
56
57
65
51
57
65
57
180
51
181
182
100
54
100
56
183
55
127
65
51
129
65
55
184
81
57
65
185
57
65
125
57
65
81
186
187
57
180
86
57
65
63
91
65
51
188
66
55
60
65
189
51
65
55
190
65
57
173
65
55
191
65
192
68
127
55
65
68
57
65
193
57
65
55
51
66
194
57
65
195
55
54
51
57
65
100
132
65
196
197
198
199
200
65
57
197
65
57
201
202
196
65
199
203
204
205
206
207
197
65
57
65
201
196
65
208
68
54
51
209
210
211
212
213
214
51
65
55
197
215
203
65
129
55
179
216
68
65
197
55
65
51
217
218
219
220
202
63
129
65
209
57
65
221
199
222
215
203
211
223
219
197
54
57
201
65
224
197
65
76
65
212
225
65
203
226
65
227
196
197
65
57
117
54
207
197
65
199
228
229
196
230
54
202
231
57
65
197
57
65
232
196
233
54
200
234
86
197
199
235
236
237
54
201
51
54
197
132
65
238
231
65
68
208
54
239
240
213
201
218
199
241
199
197
65
57
201
242
207
212
230
54
197
219
243
216
233
57
65
203
68
65
244
196
220
218
57
65
233
191
65
201
196
197
65
132
57
65
203
207
245
216
68
65
197
57
65
237
199
202
246
203
234
57
65
201
196
65
197
57
65
56
57
65
56
57
247
61
55
65
56
76
86
248
249
86
55
65
68
56
250
57
249
65
57
125
65
57
251
65
68
56
179
68
56
65
55
56
65
252
253
65
68
180
63
68
254
51
255
65
85
256
257
119
51
65
194
258
65
188
127
100
65
55
65
259
57
65
178
51
66
57
57
260
68
56
65
68
261
57
254
188
63
54
262
140
65
255
85
65
263
57
65
100
55
57
257
56
57
254
264
85
265
256
68
54
56
266
54
51
267
65
56
55
65
56
57
56
179
57
268
63
65
127
132
261
65
68
264
269
270
271
57
173
65
57
256
65
57
272
65
57
127
134
56
55
65
273
57
54
274
275
65
125
57
260
68
65
185
68
65
55
56
260
57
51
66
127
56
86
55
180
65
276
51
54
277
57
261
65
55
278
54
57
132
65
57
55
279
56
57
65
262
177
65
