1279 12 206 40 2 19
1 10 1
1 7 1
1 6 1
1 6 1
1 20 1
1 2 0
1 2 0
1 3 0
1 8 0
1 5 0
1 5 0
1 10 0
7 1 0 0 1 1 0 1 1 0 0 0 0 1 
7 56 0 0 0 0 0 1 1 0 0 0 0 0 
7 91 0 0 0 0 0 0 0 0 0 0 0 0 
7 1 0 0 0 1 0 1 1 0 0 0 0 0 
7 1 0 0 0 0 0 0 0 0 0 0 0 1 
7 11 0 0 1 1 0 0 0 0 0 0 0 0 
7 3 1 0 0 0 0 0 0 0 0 0 0 0 
6 1 0 0 1 1 0 0 0 0 0 0 0 1 
0 5 0 0 0 1 0 0 0 0 0 0 0 0 
0 1 0 0 0 0 0 1 0 1 0 0 0 1 
0 163 0 0 0 0 0 0 0 0 0 0 0 0 
0 111 0 0 0 0 0 1 1 0 0 0 0 0 
0 13 0 1 0 0 0 1 1 0 0 0 0 0 
1 20 0 0 1 1 0 0 0 0 0 0 0 0 
0 2 1 0 1 1 0 0 0 0 1 0 0 1 
0 1 0 0 0 0 0 0 0 0 0 1 0 0 
0 18 0 1 0 0 0 0 0 0 0 0 0 0 
8 42 0 0 0 0 0 1 1 0 0 0 0 0 
8 2 0 0 0 0 0 1 0 1 0 0 0 0 
12 2 1 0 0 0 0 0 0 0 0 0 0 0 
12 27 0 1 0 0 0 0 0 0 0 0 0 0 
12 1 0 0 1 0 0 1 0 1 0 0 0 1 
8 4 0 0 0 1 0 0 0 0 0 0 0 0 
6 73 0 0 0 0 0 1 1 0 0 0 0 0 
6 98 0 0 0 0 0 0 0 0 0 0 0 0 
1 11 0 0 0 1 0 0 0 0 0 0 0 0 
0 4 0 0 1 0 0 1 0 1 0 0 0 0 
12 6 0 0 1 1 0 0 0 0 0 0 0 0 
7 1 0 0 0 1 0 0 0 0 1 0 0 0 
12 17 0 1 0 0 0 1 1 0 0 0 0 0 
12 2 0 0 1 0 0 1 0 1 0 1 0 0 
12 1 0 0 0 1 0 0 0 0 0 0 0 0 
7 1 0 0 0 0 0 1 0 1 0 1 0 0 
8 1 1 0 1 1 0 0 0 0 0 0 0 1 
8 1 0 0 0 0 0 0 0 0 0 0 0 0 
8 2 0 1 0 1 0 0 0 0 0 0 0 0 
8 3 0 0 0 1 0 0 0 0 0 0 0 1 
0 1 0 1 1 0 0 1 1 0 0 0 0 0 
0 1 1 0 0 1 0 0 0 0 1 0 0 0 
6 1 1 0 0 0 0 0 0 0 0 0 0 0 
6 1 0 0 1 1 0 0 0 0 0 1 0 0 
6 1 0 0 1 1 0 1 1 0 0 0 0 0 
7 2 1 0 1 1 0 0 0 0 0 0 0 0 
7 1 0 0 1 1 0 0 0 0 0 0 0 1 
7 1 0 0 0 0 0 0 0 0 0 1 0 0 
12 1 0 1 0 1 0 0 0 0 0 0 0 0 
7 3 0 0 0 1 0 0 0 0 0 0 0 0 
7 1 0 0 1 1 0 0 0 0 0 0 1 0 
0 1 1 1 1 1 0 0 0 0 0 0 0 0 
10 1 0 1 1 1 0 0 0 0 0 0 0 1 
5 48 0 0 0 0 0 1 1 0 0 0 0 0 
5 56 0 0 0 0 0 0 0 0 0 0 0 0 
1 7 0 0 1 0 0 1 0 1 0 0 0 0 
1 1 0 0 0 1 0 0 0 0 0 0 1 1 
1 2 0 0 0 0 1 1 1 0 0 0 0 0 
1 1 0 0 0 0 0 0 0 0 0 1 0 0 
1 3 0 0 0 1 0 1 1 0 0 0 0 0 
0 1 1 0 0 1 0 0 0 0 1 1 0 1 
0 6 0 0 0 0 0 1 0 1 0 0 0 0 
1 2 1 0 1 1 0 0 0 0 0 0 0 0 
0 7 0 0 1 1 0 0 0 0 0 0 0 0 
0 4 0 0 0 0 1 1 1 0 0 0 0 0 
0 1 0 0 1 0 0 1 0 1 0 1 0 0 
0 2 0 0 0 1 0 0 0 0 0 0 0 1 
6 1 1 0 1 0 0 0 0 0 1 0 0 1 
6 2 0 0 0 1 0 1 1 0 0 0 0 0 
6 2 0 0 0 1 0 0 0 0 0 0 0 0 
6 2 0 0 1 0 0 1 1 0 0 0 0 0 
1 1 1 0 1 1 0 0 0 0 0 0 0 1 
2 4 0 0 0 0 1 1 1 0 0 0 0 0 
9 71 0 0 0 0 0 0 0 0 0 0 0 0 
9 4 0 1 0 0 0 1 1 0 0 0 0 0 
9 1 1 0 0 1 0 0 0 0 1 1 0 1 
9 20 0 0 0 0 0 1 1 0 0 0 0 0 
9 1 0 0 1 0 0 0 0 0 0 0 0 0 
10 2 0 0 0 0 0 0 0 0 0 0 0 0 
10 2 0 0 1 0 0 1 1 0 0 0 0 0 
10 2 0 0 0 0 0 1 0 1 0 1 0 0 
10 1 0 0 0 0 0 1 1 0 0 0 0 1 
10 1 1 0 0 1 0 0 0 0 0 0 0 0 
12 1 0 0 0 0 0 1 1 0 0 1 0 1 
12 2 1 1 0 0 0 0 0 0 0 0 0 0 
0 2 1 0 1 1 0 0 0 0 0 0 0 0 
5 1 0 0 0 1 0 0 0 0 0 1 0 0 
5 2 0 0 1 0 0 1 0 1 0 0 0 1 
5 8 0 1 0 0 0 1 1 0 0 0 0 0 
5 5 0 0 1 0 0 1 0 1 0 0 0 0 
7 1 0 0 0 1 0 1 1 0 0 0 0 1 
8 1 1 0 0 1 0 0 0 0 0 1 0 0 
8 1 0 0 0 0 0 1 1 0 0 0 0 1 
9 1 0 0 0 0 0 0 0 0 1 1 0 0 
9 4 0 0 1 0 0 1 0 1 0 0 0 0 
7 3 1 0 0 1 0 0 0 0 0 0 0 0 
5 1 0 0 0 1 0 0 0 0 0 0 0 1 
3 1 0 0 1 0 0 1 0 1 0 1 0 0 
3 1 0 0 0 0 0 1 1 0 0 0 0 0 
4 4 0 0 0 0 0 0 0 0 0 0 0 0 
4 1 0 0 0 0 0 0 0 0 0 1 0 0 
3 2 0 0 1 0 0 1 0 1 0 0 0 0 
7 1 1 0 0 1 0 0 0 0 0 0 1 0 
0 2 0 0 1 0 0 1 0 1 1 0 0 0 
0 1 0 0 1 0 0 1 0 1 1 1 0 0 
2 1 1 0 0 1 0 0 0 0 0 0 0 1 
7 2 0 0 1 1 0 1 1 0 0 0 0 0 
7 1 1 0 0 1 0 0 0 0 1 0 0 0 
5 1 0 0 0 0 0 1 0 1 0 0 0 0 
5 1 0 1 1 1 0 0 0 0 0 1 0 1 
10 2 0 0 0 0 0 1 0 1 0 0 0 0 
10 1 0 0 0 0 0 1 1 0 0 0 0 0 
10 1 0 0 1 1 0 0 0 0 0 0 1 1 
1 1 0 0 0 1 0 0 0 0 0 0 1 0 
12 3 0 0 1 0 0 1 0 1 0 0 0 0 
7 2 1 0 0 0 0 0 0 0 0 0 0 1 
1 2 1 0 1 1 0 0 0 0 0 0 1 1 
9 2 0 0 0 0 0 1 0 1 0 0 0 0 
0 1 0 0 1 1 0 0 0 0 0 1 0 0 
7 1 1 0 1 1 0 0 0 0 0 1 0 1 
11 1 0 0 1 0 0 1 1 0 0 0 0 0 
0 1 0 0 0 0 0 1 0 1 0 1 0 0 
7 1 0 0 0 1 0 0 0 0 0 1 0 1 
7 1 1 0 1 1 0 0 0 0 1 0 0 1 
1 6 0 0 0 0 0 1 1 0 0 0 0 0 
1 9 0 0 0 0 0 0 0 0 0 0 0 0 
3 1 1 0 0 1 0 0 0 0 0 0 0 0 
1 1 0 0 1 1 0 0 0 0 1 0 0 0 
1 6 0 0 0 0 0 1 0 1 0 0 0 0 
1 5 0 1 0 0 0 0 0 0 0 0 0 0 
9 1 1 1 0 0 0 0 0 0 0 0 0 0 
9 1 0 0 1 1 0 0 0 0 0 1 0 0 
9 1 0 0 0 0 0 1 0 1 0 0 0 1 
9 1 0 1 0 0 0 0 0 0 0 0 0 0 
5 1 1 1 0 0 0 0 0 0 0 0 0 0 
5 1 0 1 1 1 0 1 1 0 0 0 0 1 
5 1 0 0 0 1 0 1 1 0 0 0 0 0 
5 1 1 1 1 0 0 0 0 0 0 0 0 0 
4 1 1 0 0 1 0 0 0 0 0 0 0 0 
5 1 0 0 1 0 0 1 1 0 0 0 0 0 
5 1 0 1 0 1 0 0 0 0 0 0 0 0 
6 2 1 0 0 1 0 0 0 0 0 0 0 0 
1 2 0 0 1 1 0 0 0 0 0 0 0 1 
1 3 0 0 1 1 0 1 1 0 0 0 0 0 
0 2 1 1 0 1 0 0 0 0 0 0 0 0 
1 2 1 0 1 1 0 0 0 0 1 0 0 0 
6 1 0 0 0 0 0 1 1 0 0 0 0 1 
9 1 0 0 1 0 0 1 1 0 0 0 0 0 
9 1 1 0 0 1 0 0 0 0 0 0 0 0 
10 1 0 1 1 1 0 1 1 0 0 0 0 0 
1 2 1 0 1 0 0 0 0 0 0 0 0 0 
7 1 0 0 1 1 0 0 0 0 1 1 0 1 
8 1 0 0 1 1 0 1 1 0 0 0 0 0 
0 1 1 1 0 0 0 0 0 0 0 0 0 1 
7 1 1 1 0 1 0 0 0 0 0 0 0 1 
1 1 0 0 0 0 0 0 0 0 1 0 0 0 
1 1 0 0 1 1 0 0 0 0 0 0 1 1 
1 1 0 0 1 0 0 0 0 0 0 0 0 0 
5 7 0 1 0 0 0 0 0 0 0 0 0 0 
5 1 1 0 1 1 0 0 0 0 0 0 0 1 
1 1 1 1 0 1 0 0 0 0 0 0 1 0 
6 3 0 0 1 1 0 0 0 0 0 0 0 0 
6 1 0 0 1 1 0 0 0 0 1 0 0 0 
8 1 0 0 0 1 0 0 0 0 0 1 1 1 
0 1 0 1 1 1 0 1 1 0 0 1 0 1 
7 1 0 1 1 1 0 1 1 0 0 1 0 0 
7 1 0 0 1 1 0 1 1 0 0 1 0 0 
5 1 0 0 1 1 0 0 0 0 1 0 0 1 
6 1 1 0 1 1 0 0 0 0 0 1 0 1 
12 2 0 0 0 0 0 1 0 1 0 1 0 0 
6 1 0 0 0 0 1 1 1 0 0 0 0 0 
1 1 1 0 0 1 0 0 0 0 0 0 0 0 
0 1 0 1 0 1 0 1 1 0 0 0 0 0 
12 2 1 0 0 1 0 0 0 0 0 0 0 0 
7 1 0 0 0 0 0 1 0 1 0 0 0 0 
7 1 0 0 0 1 0 0 0 0 0 0 0 1 
7 1 0 0 1 0 0 0 0 0 1 0 0 0 
7 1 0 0 0 0 0 1 0 1 0 0 0 1 
5 1 1 0 1 1 0 0 0 0 0 0 0 0 
12 2 0 0 1 0 0 0 0 0 0 0 0 0 
2 2 0 0 0 0 0 1 1 0 0 0 0 0 
1 2 0 0 0 1 0 0 0 0 0 0 0 1 
5 1 0 0 1 1 0 0 0 0 0 0 0 0 
5 1 0 0 1 1 0 0 0 0 0 1 0 1 
5 1 0 0 0 0 0 0 0 0 1 0 0 0 
5 1 1 0 0 0 0 0 0 0 0 1 0 0 
4 1 0 0 0 1 0 0 0 0 0 0 0 0 
4 1 0 0 0 0 0 1 0 1 0 0 0 0 
11 1 0 0 0 0 0 1 0 1 0 1 0 0 
11 1 0 0 0 1 0 1 1 0 0 0 0 0 
11 1 0 0 0 0 0 0 0 0 0 0 0 0 
11 1 0 0 1 0 0 0 0 0 1 0 0 0 
11 1 0 0 0 0 1 1 1 0 0 0 0 0 
3 1 0 0 1 1 0 0 0 0 0 1 0 0 
3 1 0 0 0 0 0 0 0 0 0 0 0 0 
12 1 0 0 0 1 0 0 0 0 0 1 0 0 
12 5 0 0 0 0 0 0 0 0 0 0 0 0 
12 4 0 0 0 0 0 1 1 0 0 0 0 0 
12 1 0 0 0 0 0 1 0 1 0 0 0 0 
10 1 0 0 1 1 0 1 1 0 1 0 0 1 
10 1 0 0 0 0 0 0 0 0 0 0 0 1 
1 1 1 0 0 1 0 0 0 0 0 1 0 0 
6 2 0 0 0 0 0 1 0 1 0 0 0 0 
6 1 0 1 1 1 0 1 1 0 0 0 0 0 
6 1 0 0 0 1 0 0 0 0 0 0 0 1 
8 1 1 1 1 1 0 0 0 0 0 0 0 1 
8 1 0 0 1 1 0 0 0 0 0 0 0 0 
6 1 1 0 1 1 0 0 0 0 1 0 0 0 
12 1 1 0 1 1 0 0 0 0 0 0 0 0 
0
1
1
2
1
2
3
2
1
1
4
1
5
1
6
1
1
1
7
8
9
10
11
10
10
12
13
10
11
10
11
10
11
14
11
15
16
10
11
13
17
17
18
17
19
20
21
22
23
24
23
24
24
24
25
10
26
10
11
10
10
11
27
20
10
11
10
11
28
2
1
2
29
30
31
24
23
24
23
24
23
24
24
23
27
29
6
1
2
2
5
2
1
2
32
20
33
17
17
34
17
17
35
17
17
17
18
17
17
36
17
17
10
10
37
38
11
10
11
10
10
12
13
23
24
23
39
23
40
24
23
24
23
24
41
24
23
24
23
24
29
42
2
2
2
1
2
43
2
44
1
2
1
5
1
2
2
24
24
45
23
24
23
24
24
30
20
46
1
2
1
2
2
47
11
10
12
10
11
8
26
10
10
11
10
11
10
10
48
10
10
11
10
10
11
10
11
10
49
24
23
24
23
24
25
20
50
51
51
52
53
54
20
11
10
55
56
10
11
16
10
11
57
11
10
11
10
16
11
10
11
10
11
10
58
59
29
10
11
10
11
13
10
11
16
11
10
10
58
60
61
10
11
16
11
10
62
63
11
10
12
10
11
13
23
24
23
24
23
64
65
24
23
24
23
24
23
24
24
66
24
67
24
24
23
24
24
68
69
20
2
2
1
2
5
70
71
70
70
70
72
73
74
73
70
73
25
29
75
76
77
78
79
70
70
70
70
70
70
70
27
80
81
73
70
70
13
11
10
12
10
10
61
10
11
82
16
10
11
10
10
60
11
10
16
11
51
50
83
84
51
50
51
85
51
86
51
1
2
87
2
2
1
2
29
88
89
17
17
17
17
22
71
70
73
90
70
91
70
73
70
71
92
50
51
86
51
51
85
93
51
50
51
94
95
35
17
96
97
96
98
99
10
10
16
10
100
10
11
10
11
8
11
10
16
101
10
102
69
10
10
11
10
10
58
10
12
2
1
2
2
2
5
1
2
1
2
2
2
92
2
1
2
2
2
103
2
2
2
1
2
104
20
86
51
51
50
51
105
106
50
51
50
51
107
108
109
11
10
11
10
12
10
60
10
11
10
10
11
110
111
20
112
2
2
1
46
1
2
1
20
69
113
70
114
70
70
29
13
11
10
10
10
11
115
11
10
11
16
11
2
5
1
2
1
2
1
116
2
1
20
17
17
22
17
17
17
17
17
36
117
20
73
70
70
118
82
10
11
10
61
16
60
10
10
11
10
10
12
119
2
1
2
1
2
5
29
2
2
1
2
5
1
2
1
2
2
120
1
2
20
121
122
52
25
11
10
11
20
98
123
11
10
10
10
16
10
124
122
125
122
121
126
59
11
10
11
10
58
13
70
73
70
70
70
127
70
73
70
73
70
70
70
128
129
70
130
70
73
13
50
51
50
131
50
13
10
11
10
11
16
13
50
51
50
51
51
132
51
51
51
50
51
86
133
51
50
51
50
134
50
51
50
51
50
13
11
10
16
61
10
14
10
11
10
12
10
8
26
10
11
10
11
16
11
10
135
136
51
50
51
50
137
84
51
23
24
23
24
23
24
23
24
24
23
138
23
24
23
24
29
70
73
139
10
10
11
10
20
140
10
10
11
10
10
100
141
11
10
11
10
11
60
12
10
11
10
11
142
24
143
24
23
20
121
13
11
10
11
10
29
25
144
70
70
70
70
71
145
91
70
70
70
70
70
146
24
23
24
24
23
13
29
24
23
24
23
24
56
147
29
2
2
1
46
2
1
2
2
1
148
1
2
6
1
2
5
2
2
1
2
20
52
25
70
73
70
73
20
111
36
17
17
17
17
17
149
10
10
11
10
11
60
11
10
11
150
11
13
24
24
24
23
24
24
23
27
29
70
73
70
70
70
91
151
2
2
2
1
2
125
152
13
126
122
125
122
54
153
125
126
121
122
125
25
154
11
10
11
10
11
81
140
70
70
70
70
70
13
50
51
155
50
51
50
156
50
51
50
155
50
25
52
70
73
70
114
157
23
24
23
24
23
158
23
24
23
24
23
159
24
24
23
24
23
66
23
24
24
24
76
51
85
51
51
50
160
24
24
23
24
23
13
11
10
11
10
11
10
11
10
161
10
10
10
11
10
11
16
103
2
1
2
1
112
162
2
2
1
2
2
163
10
10
10
10
10
140
155
50
51
50
51
164
50
155
50
24
23
24
67
24
138
23
24
23
24
23
158
23
24
24
24
23
165
23
24
23
20
166
27
167
24
23
24
29
168
24
23
24
11
10
169
10
11
10
11
10
10
11
170
111
20
10
11
10
10
26
10
20
171
172
2
173
2
1
2
1
92
1
2
1
2
2
2
174
5
85
51
50
51
50
51
51
85
175
50
51
50
51
51
85
13
70
70
70
70
73
170
29
176
69
177
177
178
50
51
50
51
50
179
50
155
50
51
50
180
50
51
85
181
50
13
70
73
70
70
70
113
12
10
11
10
11
25
52
20
70
73
70
25
86
182
51
155
50
51
183
96
184
96
20
185
186
187
188
189
10
58
141
11
10
11
10
10
10
11
190
191
50
155
50
51
192
193
194
176
19
20
166
193
193
27
194
193
195
194
20
194
77
196
197
107
75
193
29
198
52
122
23
24
199
24
200
24
23
24
23
24
158
23
24
23
24
23
201
23
20
70
70
91
22
17
17
17
17
17
202
17
17
17
17
17
203
17
70
70
73
20
23
204
24
23
24
24
23
24
65
24
24
23
24
23
205
29
10
10
11
10
11
63
11
10
11
10
11
16
10
142
11
10
10
58
16
10
11
10
60
11
10
12
10
11
8
11
10
11
10
12
42
2
2
1
2
1
5
2
85
51
51
50
139
23
24
199
24
23
25
147
125
126
121
178
121
122
122
52
126
56
